2555
101420 0
101430 0
101440 0
101440 -6.91211e-17
101450 0
101450 -0.0264061
101460 0
101460 4.48897e-17
101470 0
101470 -0.177225
101480 0
101480 -5.07667e-18
101490 0
101490 0.0526328
101500 0
101500 -6.81816e-18
102200 0
102210 0
102220 0
102220 0.0100953
102230 0
102230 -0.0453975
102240 0
102240 0.0548851
102250 0
102250 -0.13518
102260 0
102260 0.15234
102270 0
102270 -0.0336898
102280 0
102280 -0.0921737
102290 0
102290 0.0334177
102300 0
102300 0.0137216
103000 0
103000 0.179775
103010 0
103010 -0.149172
103020 0
103020 0.199132
103030 0
103030 -0.145112
103040 0
103040 0.19898
103050 0
103050 -0.0464312
103060 0
103060 -0.0386419
103070 0
103070 0.0238104
103080 0
103080 -0.0687725
103090 0
103090 0.0129168
103100 0
103100 0.0192699
103800 0
103810 0
103820 0
103820 -0.0293756
103830 0
103830 0.0369912
103840 0
103840 -0.112022
103850 0
103850 0.0413401
103860 0
103860 -0.00594685
103870 0
103870 0.0170876
103880 0
103880 -0.0740943
103890 0
103890 0.00158518
103900 0
103900 0.0279973
10420 0
10430 0
10440 0.0520578
10450 0
10460 0
104620 0
104630 0
104640 0
104640 0.00866001
104650 0
104650 0.00233457
104660 0
104660 -0.112808
104670 0
104670 0.040978
104680 0.00270635
104680 -0.0487308
104690 0.0034207
104690 -0.0199841
104700 0
104700 0.0378822
105440 0
105450 0
105460 0
105460 0.0466691
105470 0
105470 -0.0477823
105480 0.00147148
105480 -0.00518447
105490 0.00600888
105490 -0.0335933
105500 0
105500 0.0475134
106260 0
106270 0
106280 0.000170495
106280 0.0568542
106290 0.00501785
106290 -0.0373295
106300 0.00102326
106300 0.0548044
107080 0
107090 0
107100 0
107100 0.0507198
107860 0
107870 0
107880 0.0162947
107880 0.0597469
107890 0
107900 0
108640 0
108650 0
108660 -0.0178556
108660 0.0436472
108670 0
108680 0
109420 0
109430 0
109440 -0.0352988
109440 0.0388283
109450 0
109460 0
110200 0
110210 0
110220 -0.0529479
110230 0
110240 0
111000 -0.108988
111010 0
111020 0
111300 0
111310 0
111320 0
111320 -0.0113817
111330 0
111330 -4.39342e-16
111340 0
111340 -0.0603568
111350 0
111350 -2.60845e-16
111360 0
111360 -0.160886
111370 0
111370 1.67962e-17
111380 0
111380 0.0918643
111390 0
111390 3.28156e-17
111400 0
111400 -0.012642
11200 0
11210 0
112100 0
112100 -0.143844
112110 0
112110 0.0822898
112120 0
112120 -0.157381
112130 0
112130 0.10016
112140 0
112140 -0.153225
112150 0
112150 0.0956695
112160 0
112160 0.0245846
112170 0
112170 -0.128175
112180 0
112180 0.0506429
112190 0
112190 0.0393809
112200 0
112200 -0.0127791
11220 0.0585359
11230 0
11240 0
112900 0
112910 0
112920 0
112920 0.0217119
112930 0
112930 -0.0608088
112940 0
112940 0.0861032
112950 0
112950 -0.187869
112960 0
112960 0.0589084
112970 0
112970 -0.0430899
112980 0
112980 0.00842121
112990 0
112990 0.0496638
113000 0
113000 -0.0091363
113720 0
113730 0
113740 0
113740 -0.0107077
113750 0
113750 0.0613808
113760 0
113760 -0.0103007
113770 0
113770 -0.0312308
113780 0
113780 -0.00722209
113790 0
113790 0.0662761
113800 0
113800 -0.00514595
114540 0
114550 0
114560 0
114560 -0.00503416
114570 0
114570 0.100375
114580 0
114580 -0.03947
114590 0
114590 0.0717441
114600 0
114600 0.00476306
115360 0
115370 0
115380 0
115380 0.0197257
115390 0
115390 0.0591954
115400 0.00184904
115400 0.0180715
116180 0
116190 0
116200 0.000770978
116200 0.0352652
116960 0
116970 0
116980 0.0269988
116980 0.0583611
116990 0.131559
117000 0.00481899
117000 -0.010381
117740 0
117750 0
117760 0.0473626
117760 0.0492421
117770 0.0670877
117770 0.103681
117780 0.0416768
117780 0.0435429
117790 0
117800 0
118520 0
118530 0
118540 0.0470744
118540 0.0590836
118550 0.0259389
118550 0.0979917
118560 0.0417588
118560 0.0476924
118570 0
118580 0
119300 0
119310 0
119320 0.0543739
119320 0.0789299
119330 0.105843
119330 -2.55699e-08
119340 0.0476084
119340 0.0526202
119350 0
119360 0
12000 0.108988
12010 0
120100 0.197987
120110 -0.0232369
120120 0.0634063
120130 0
120140 0
12020 0
121200 0
121200 1.91599e-16
121210 0
121210 -0.0967262
121220 0
121220 5.96785e-17
121230 0
121230 -0.115677
121240 0
121240 -1.42998e-16
121250 0
121250 -0.106958
121260 0
121260 1.73214e-16
121270 0
121270 0.136461
121280 0
121280 5.1961e-17
121290 0
121290 -0.0391794
121300 0
121300 2.6976e-18
122000 0
122010 0
122020 0
122020 -0.0093175
122030 0
122030 0.0491869
122040 0
122040 -0.0506566
122050 0
122050 0.146463
122060 0
122060 -0.140604
122070 0
122070 0.036502
122080 0
122080 0.0850725
122090 0
122090 -0.0362072
122100 0
122100 -0.0126644
122820 0
122830 0
122840 0
122840 0.0153801
122850 0
122850 -0.0446578
122860 0
122860 0.142957
122870 0
122870 -0.0354646
122880 0
122880 0.0731964
122890 0
122890 -0.0202833
122900 0
122900 -0.0231287
123640 0
123650 0
123660 0
123660 -0.0266706
123670 0
123670 -0.00939727
123680 0
123680 0.0735369
123690 0
123690 -0.00678302
123700 0
123700 -0.0390128
124460 0
124470 0
124480 0
124480 -0.0653993
124490 0
124490 0.0254176
124500 0.00111458
124500 -0.058561
125280 0
125290 0
125300 0.00072624
125300 -0.0872484
126060 0
126070 0
126080 0.0202062
126080 -0.0442352
126090 -0.0826597
126090 0.105203
126100 0.00552634
126100 -0.0118902
126840 0
126850 0
126860 0.0182396
126860 -0.0316672
126870 -0.00960375
126870 0.0849397
126880 0.0745928
126880 0.0875299
126890 -0.00598069
126890 0.0558197
126900 0.0198027
126900 -0.114845
127620 0
127630 0
127640 0.019505
127640 -0.0260775
127650 0.0349762
127650 0.0835541
127660 0.0708154
127660 0.107634
127670 0.0217931
127670 0.053775
127680 0.0192227
127680 -0.0567734
127690 0
127700 0
128400 0
128410 0
128420 -0.0252132
128420 0.0284629
128430 0.0723267
128430 0.0935005
128440 0.0560727
128440 0.126528
128450 0.0390101
128450 0.0606824
128460 0.0184841
128460 -0.0391005
128470 0
128480 0
129200 -0.0314213
129200 0.121495
129210 0.15668
129210 0.158085
129220 0.051028
129220 0.172699
129230 0.0506277
129230 0.0744789
129240 0.0210492
129240 -0.035409
129250 0
129260 0
130000 0
130010 0
130020 -0.0516301
130030 0
130040 0
131920 0
131930 0
131940 0
131940 -0.012848
131950 0
131950 0.0213175
131960 0
131960 -0.113833
131970 0
131970 0.150241
131980 0
131980 -0.0595783
131990 0
131990 -0.047748
132000 0
132000 0.0169055
132740 0
132750 0
132760 0
132760 0.0187702
132770 0
132770 -0.0957387
132780 0
132780 0.00218278
132790 0
132790 -0.0695481
132800 0
132800 0.0157653
133560 0
133570 0
133580 0
133580 0.0140194
133590 0
133590 -0.103839
133600 0
133600 0.0123943
134380 0
134390 0
134400 0
134400 -0.00717173
135160 0
135170 0
135180 0
135180 0.0042958
135190 0.0336059
135190 -0.0560099
135200 0.00262368
135200 -0.0231025
135940 0
135950 0
135960 0.00113947
135960 -0.0173452
135970 0.0268733
135970 -0.0565753
135980 0.0648192
135980 -0.0972254
135990 0.0240642
135990 -0.0385027
136000 0.0142325
136000 0.0214995
136720 0
136730 0
136740 0.00372003
136740 -0.0254689
136750 0.0283902
136750 -0.0531602
136760 -0.0666953
136760 0.0829704
136770 0.0265482
136770 0.0583331
136780 -0.024308
136780 0.032874
136790 0.0233635
136790 -0.0986496
136800 0.0083443
136800 0.0310053
137500 0
137510 0
137520 0.0126582
137520 -0.0329169
137530 0.0377343
137530 -0.0528386
137540 -0.0304814
137540 0.100757
137550 0.0451178
137550 0.0844804
137560 -0.0170066
137560 0.0462535
137570 0.0199092
137570 -0.0847521
137580 -0.010723
137580 0.0173448
137590 0
137600 0
138300 -0.0613413
138300 0.109161
138310 -0.0623494
138310 0.0913272
138320 0.00400999
138320 0.146195
138330 0.0503245
138330 0.1114
138340 -0.00919049
138340 0.0567432
138350 0.0210146
138350 -0.0815235
138360 0.0137263
138360 -0.0186461
138370 0
138380 0
139100 0
139110 0
139120 -0.0367429
139120 0.0767125
139130 0.0237743
139130 -0.111876
139140 0.0197435
139140 -0.0244951
139150 0
139160 0
141840 0
141850 0
141860 0
141860 -0.00690107
141870 0
141870 0.0786163
141880 0
141880 -0.145647
141890 0
141890 0.0573644
141900 0
141900 0.0203004
142660 0
142670 0
142680 0
142680 0.0512516
142690 0
142690 0.027868
142700 0
142700 0.0449486
143480 0
143490 0
143500 0
143500 0.110932
144260 0
144270 0
144280 0
144280 0.0396924
144290 0
144290 0.111958
144300 0
144300 0.04205
145040 0
145050 0
145060 0.000385335
145060 0.0359938
145070 0
145070 0.0288804
145080 -0.010676
145080 0.0202057
145090 0.00342125
145090 0.0203044
145100 0.0136994
145100 0.0382832
145820 0
145830 0
145840 0.00128727
145840 0.0308117
145850 0.00195801
145850 -0.0168211
145860 0.0257842
145860 -0.0328374
145870 0.0369333
145870 -0.0802881
145880 -0.00121386
145880 0.016298
145890 0.032037
145890 0.0464752
145900 0.016301
145900 0.0412918
146600 0
146610 0
146620 0.00700839
146620 0.0270275
146630 0.0102013
146630 -0.0540174
146640 0.0336223
146640 -0.0445879
146650 0.0575381
146650 -0.100345
146660 0.0216367
146660 0.0383458
146670 0.000648681
146670 0.0184319
146680 0.0130518
146680 -0.0446468
146690 0.0261424
146690 0.0324983
146700 0.0337109
146700 0.105732
147400 0.0142308
147400 0.0812388
147410 0.058352
147410 -0.152884
147420 -0.0572132
147420 0.0599882
147430 0.089398
147430 -0.104866
147440 0.0363705
147440 0.0541515
147450 -0.00972846
147450 0.0256461
147460 0.0107603
147460 -0.0655786
147470 0.0151542
147470 0.022556
147480 0.0164164
147480 0.0645895
147490 0
147500 0
148200 0
148210 0
148220 0.0319592
148220 0.0376839
148230 0.0128506
148230 0.0315598
148240 0.0198309
148240 -0.0872474
148250 0.00693103
148250 0.0220211
148260 0.0154149
148260 0.0596978
148270 0
148280 0
149020 0
149030 0
149040 0.0505359
149040 0.0913721
149050 0
149060 0
151760 0
151770 0
151780 0
151780 -0.0438947
151790 0
151790 0.133722
151800 0
151800 -0.0382875
152580 0
152590 0
152600 0
152600 -0.0459888
153360 0
153370 0
153380 0
153380 -0.0259578
153390 0
153390 -0.0104876
153400 0
153400 0.00747402
154140 0
154150 0
154160 0
154160 -0.00420372
154170 0
154170 0.0480623
154180 0
154180 0.106569
154190 0
154190 0.0343528
154200 0.00443542
154200 -0.0192929
154920 0
154930 0
154940 0
154940 0.00206357
154950 0.000516256
154950 0.0661206
154960 0
154960 0.0597535
154970 0.0112482
154970 0.0268999
154980 0.00329702
154980 0.0251847
154990 0.0273189
154990 0.0429884
155000 0.00462227
155000 -0.0133952
155700 0
155710 0
155720 0.000416877
155720 0.00185552
155730 0.00621339
155730 0.0784318
155740 0.00179445
155740 0.0044333
155750 0.0112106
155750 0.0168157
155760 0.0217279
155760 -0.0427936
155770 0.00922345
155770 0.0352086
155780 0.0276442
155780 0.0592419
155790 0.0255407
155790 0.0399723
155800 0.0114816
155800 -0.0260257
156500 0.030067
156500 -0.0708903
156510 0.0497924
156510 0.122447
156520 0.0102624
156520 -0.0814112
156530 0.000991459
156530 0.0414606
156540 0.0291315
156540 -0.0791253
156550 0.0145579
156550 0.0478387
156560 0.01579
156560 0.0526227
156570 -0.00125386
156570 0.0161043
156580 0.0107318
156580 0.025292
156590 0.0296587
156590 0.0753213
156600 0.0247706
156600 -0.0430031
157300 0
157310 0
157320 0.00664136
157320 0.0244139
157330 0.0168026
157330 0.0691005
157340 0.042866
157340 0.086044
157350 0.0196934
157350 -0.0236012
157360 0.0135556
157360 0.0277667
157370 0.0284514
157370 0.0797238
157380 0.0118846
157380 -0.0184443
157390 0
157400 0
158120 0
158130 0
158140 -0.0185135
158140 0.0565165
158150 0.0582824
158150 0.108467
158160 -0.0149441
158160 0.0180753
158170 0
158180 0
161680 0
161690 0
161700 0
161700 -0.116947
162460 0
162470 0
162480 0
162480 -0.0252585
162490 0
162490 -0.12367
162500 0
162500 -0.0610578
163240 0
163250 0
163260 0
163260 -0.0267052
163270 0
163270 -0.048574
163280 0
163280 -0.045163
163290 0
163290 -0.0350608
163300 0
163300 -0.0227687
16400 0
164020 0
164030 0
164040 0
164040 -0.0174874
164050 0
164050 -0.0112082
164060 0
164060 0.0269867
164070 0
164070 0.0856967
164080 0
164080 0.00799126
164090 0.0103502
164090 -0.0556033
164100 0
164100 -0.0234885
164800 0
164810 0
164820 0
164820 -0.0010977
164830 0.00236411
164830 0.0113615
164840 0
164840 0.0784818
164850 0
164850 0.0835778
164860 0.00685144
164860 0.028604
164870 0.00250633
164870 0.0040671
164880 0.0164285
164880 0.0285445
164890 0.00943177
164890 -0.0365834
164900 0.00206266
164900 -0.0301668
165600 0
165600 0.125327
165610 0.0233775
165610 0.0370726
165620 0
165620 0.151553
165630 0.00998303
165630 0.0459224
165640 0.00669796
165640 0.0310686
165650 0.00430011
165650 -0.0179577
165660 0.0148728
165660 0.032294
165670 0.0291504
165670 0.0409307
165680 0.00470774
165680 0.0149617
165690 0.0178602
165690 -0.0519564
165700 0.00452933
165700 -0.0386216
166400 0
166410 0
166420 0.00854041
166420 -0.0302825
166430 0.00516692
166430 0.0115285
166440 0.0438629
166440 0.0477924
166450 0.0490373
166450 0.0799608
166460 -0.00891484
166460 0.0103208
166470 0.0217077
166470 -0.0220581
166480 0.0191034
166480 0.020318
166490 0.0204872
166490 -0.048761
166500 0.0148424
166500 -0.0856335
167220 0
167230 0
167240 0.0292058
167240 -0.042798
167250 0.0645255
167250 -0.0699463
167260 0.039994
167260 0.0501116
167270 0.0224741
167270 -0.0435825
167280 0.0089923
167280 -0.0607813
167290 0
167300 0
168040 0
168050 0
168060 0.00739294
168060 -0.074984
168070 0
168080 0
17180 0
17190 0
17200 0.108636
17200 -0.162954
172340 0
172350 0
172360 0
172360 0.0167975
172370 0
172370 -0.0346081
172380 0
172380 -0.103688
172390 0
172390 -0.0251406
172400 0
172400 0.0343556
173120 0
173130 0
173140 0
173140 0.00638128
173150 0
173150 -0.060827
173160 0
173160 -0.0639522
173170 0
173170 -0.0787135
173180 0
173180 -0.0289156
173190 0
173190 -0.0122966
173200 0
173200 0.0208377
173900 0
173910 0
173920 0
173920 0.00400997
173930 0
173930 -0.0601117
173940 0
173940 -0.0185182
173950 0
173950 -0.0215148
173960 0
173960 0.0593991
173970 0
173970 -0.0240079
173980 0.0115402
173980 -0.0692354
173990 0
173990 -0.023508
174000 0
174000 0.0263708
174700 0
174700 0.046463
174710 0
174710 -0.0305649
174720 0
174720 0.0450047
174730 0
174730 0.0488139
174740 0
174740 0.0842377
174750 0
174750 -0.0126329
174760 0.00570191
174760 -0.0428481
174770 -0.019107
174770 0.0354575
174780 0.00656664
174780 -0.0381554
174790 0.00417712
174790 -0.0323682
174800 0
174800 0.0273567
175500 0
175510 0
175520 0.00423594
175520 -0.00576451
175530 0.01525
175530 -0.0722015
175540 0.0200011
175540 -0.0635489
175550 -0.0163452
175550 0.0654917
175560 0.00286828
175560 0.00505888
175570 0.018056
175570 -0.0317544
175580 0.01779
175580 -0.0490204
175590 0.00857909
175590 -0.0333679
175600 0.00170005
175600 0.0408783
176320 0
176330 0
176340 0.00455063
176340 0.0117648
176350 0.0371983
176350 -0.0555161
176360 0.0514801
176360 -0.0775365
176370 -0.0151055
176370 0.0238058
176380 -0.00926013
176380 0.0152853
176390 0.0101434
176390 -0.0497498
176400 0.0297831
176400 0.0675909
177140 0
177150 0
177160 0.019003
177160 0.0481822
177170 0.00599346
177170 -0.0619777
177180 0.0176295
177180 0.0442963
177190 0
177200 0
17960 0
17970 0
17980 0.0556099
17980 -0.0834149
17990 0.114643
18000 0.0655099
18000 -0.0982649
182220 0
182230 0
182240 0
182240 -0.00365378
182250 0
182250 0.0406444
182260 0
182260 -0.0339619
182270 0
182270 -0.0683229
182280 0
182280 -0.0173888
182290 0
182290 0.0641649
182300 0
182300 0.00549459
183000 0
183010 0
183020 0
183020 -0.0258644
183030 0
183030 0.0185158
183040 0
183040 -0.108434
183050 0
183050 -0.0643285
183060 0
183060 -0.0925338
183070 0
183070 0.000836373
183080 0
183080 0.00973954
183090 0
183090 0.039772
183100 0
183100 0.00835005
183800 0
183800 -0.194955
183810 0
183810 0.0165743
183820 0
183820 -0.180927
183830 0
183830 -0.0202831
183840 0
183840 -0.0708172
183850 0
183850 0.0429307
183860 0
183860 -0.0265562
183870 0.0170882
183870 -0.0600707
183880 0
183880 -0.00347626
183890 0
183890 0.054316
183900 0
183900 0.0141239
184600 0
184610 0
184620 0
184620 0.00762831
184630 0.00373833
184630 0.00832614
184640 0
184640 -0.0515303
184650 0.031568
184650 -0.0954285
184660 0
184660 -0.01951
184670 0.00223735
184670 0.0075139
184680 0.00595945
184680 -0.00696907
184690 0.00130286
184690 0.05138
184700 0
184700 0.0222693
185420 0
185430 0
185440 0
185440 0.02806
185450 0.00845953
185450 0.0618289
185460 -0.0141269
185460 0.0204024
185470 -0.00147666
185470 0.0186123
185480 0.00431281
185480 0.0124732
185490 0.0140265
185490 0.0623925
185500 0.0128582
185500 0.0313101
186240 0
186250 0
186260 0.0116316
186260 0.0358599
186270 0.0123538
186270 0.0813471
186280 0.00428807
186280 0.0134425
186290 0.0163755
186290 0.0506586
186300 0.0365684
186300 0.0585606
187060 0
187070 0
187080 0.0179611
187080 0.0468735
187090 0
187100 0
18740 0
18750 0
18760 0.0397098
18760 -0.0595647
18770 0.107382
18780 0.0365072
18780 -0.0547609
18790 0
18800 0
192100 0
192110 0
192120 0
192120 0.0228366
192130 0
192130 -0.00717262
192140 0
192140 0.0797459
192150 0
192150 -0.0221595
192160 0
192160 -0.0280609
192170 0
192170 -0.00508262
192180 0
192180 0.0815193
192190 0
192190 0.005858
192200 0
192200 -0.0238918
192900 0
192900 0.07658
192910 0
192910 -0.160564
192920 0
192920 0.0510321
192930 0
192930 -0.162351
192940 0
192940 -0.0431204
192950 0
192950 -0.0590648
192960 0
192960 0.048353
192970 0
192970 0.0486982
192980 0
192980 0.0418987
192990 0
192990 0.00599402
193000 0
193000 -0.0225704
193700 0
193710 0
193720 0
193720 0.00192381
193730 0
193730 0.0590907
193740 0
193740 0.052875
193750 0
193750 0.0420861
193760 0
193760 -0.0345719
193770 0
193770 0.0246957
193780 0
193780 0.0680144
193790 0
193790 0.0130258
193800 0
193800 -0.0312327
194520 0
194530 0
194540 0
194540 -0.00924934
194550 0
194550 0.036931
194560 0
194560 0.101164
194570 0.00694306
194570 0.0215622
194580 0.00904835
194580 0.0392086
194590 0.0152614
194590 0.0199539
194600 0.00366252
194600 -0.0397309
19520 0
19530 0
195340 0
195350 0
195360 0
195360 -0.0412226
195370 0.0165571
195370 0.0294184
195380 0.0066107
195380 0.0252219
195390 0.0200209
195390 0.022737
195400 0.00975471
195400 -0.0568519
19540 0.0347052
19540 -0.0520578
19550 0.104116
19560 0.0280143
19560 -0.0420215
19570 0
19580 0
196160 0
196170 0
196180 0.00829215
196180 -0.0661077
196190 0.0139599
196190 0.0229585
196200 0.0149454
196200 -0.0788252
202000 0
202000 1.0033e-16
202010 0
202010 0.159035
202020 0
202020 5.01652e-17
202030 0
202030 0.138249
202040 0
202040 -7.16646e-17
202050 0
202050 -0.00672844
202060 0
202060 6.09149e-17
202070 0
202070 0.0717619
202080 0
202080 1.61245e-17
202090 0
202090 -0.0547214
202100 0
202100 -8.95807e-19
202800 0
202810 0
202820 0
202820 0.0181803
202830 0
202830 -0.0155846
202840 0
202840 0.077647
202850 0
202850 0.085113
202860 0
202860 0.0777634
202870 0
202870 0.00210689
202880 0
202880 -0.0177715
202890 0
202890 -0.0476737
202900 0
202900 -0.003494
20300 0
20310 0
20320 0.0386675
20320 -0.0580013
20330 0.11438
20340 0.0257784
20340 -0.0386675
20350 0
20360 0
203620 0
203630 0
203640 0
203640 -0.0163464
203650 0
203650 -0.0504945
203660 0
203660 -0.0152002
203670 0
203670 0.043598
203680 0.00447058
203680 -0.0107315
203690 0.00715978
203690 -0.0667337
203700 0
203700 -0.0081087
204440 0
204450 0
204460 0
204460 -0.017137
204470 0.00844382
204470 -0.096986
204480 0.00228567
204480 -0.00834053
204490 0.011207
204490 -0.068186
204500 0.000317494
204500 -0.0144826
205260 0
205270 0
205280 0.000255582
205280 -0.0212788
205290 0.00871412
205290 -0.0689305
205300 0.00302512
205300 -0.0190797
206080 0
206090 0
206100 0.000260036
206100 -0.0239647
206860 0
206870 0
206880 0.0392127
206880 -0.0706586
206890 0
206900 0
207640 0
207650 0
207660 0.0315896
207660 -0.0771072
207670 0
207680 0
208420 0
208430 0
208440 0.0346608
208440 -0.0741132
208450 0
208460 0
209200 0
209210 0
209220 -0.0811867
209230 0
209240 0
210000 -0.147343
210010 0
210020 0
21100 -0.133483
21110 0.172325
21120 -0.0427485
21130 0
21140 0
212720 0
212730 0
212740 0
212740 0.00510255
212750 0
212750 -0.0294743
212760 0
212760 -0.100926
212770 0
212770 -0.065126
212780 0
212780 -0.0467187
212790 0
212790 0.00717703
212800 0
212800 0.0292859
213540 0
213550 0
213560 0
213560 0.0302416
213570 0
213570 0.00495749
213580 0
213580 -0.0730865
213590 0
213590 0.00354343
213600 0
213600 0.0452571
214360 0
214370 0
214380 0
214380 0.0694317
214390 0
214390 -0.00144845
214400 0.00427481
214400 0.0635635
215180 0
215190 0
215200 0.00173221
215200 0.0899432
215960 0
215970 0
215980 0.0208747
215980 0.0398397
215990 0.0797226
215990 0.108781
216000 0.00537905
216000 0.0459635
216740 0
216750 0
216760 0.0170071
216760 0.0364519
216770 -0.0340921
216770 0.0697578
216780 0.0156355
216780 0.0329925
216790 0
216800 0
217520 0
217530 0
217540 0.00587012
217540 0.0408741
217550 0.0650464
217550 -0.0830186
217560 0.00473827
217560 0.0346523
217570 0
217580 0
218300 0
218310 0
218320 -0.00534388
218320 0.0640125
218330 0.0678209
218330 -0.114815
218340 -0.00356247
218340 0.0456474
218350 0
218360 0
219100 -0.0310839
219110 -0.185907
219120 -0.009955
219130 0
219140 0
222640 0
222650 0
222660 0
222660 0.00750126
222670 0
222670 0.0905994
222680 0
222680 0.0546796
222690 0
222690 0.0653949
222700 0
222700 -0.00482302
223460 0
223470 0
223480 0
223480 -0.00456943
223490 0
223490 0.106335
223500 0.00229165
223500 -0.00801033
224280 0
224290 0
224300 0.00142181
224300 -0.00248859
225060 0
225070 0
225080 0.014256
225080 0.0383838
225090 -0.0661534
225090 0.0813642
225100 0.00807487
225100 0.0323583
225840 0
225850 0
225860 0.0137756
225860 0.0418726
225870 0.020707
225870 0.0546912
225880 0.0571568
225880 0.113777
225890 0.0128952
225890 0.0438398
225900 0.0185946
225900 -0.0341284
226620 0
226630 0
226640 0.0160656
226640 0.0444261
226650 0.0435753
226650 0.0644462
226660 0.0480443
226660 0.0752978
226670 0.0271511
226670 0.038526
226680 0.0158459
226680 0.0250328
226690 0
226700 0
227400 0
227410 0
227420 0.0276213
227420 0.0510988
227430 0.0503142
227430 0.066996
227440 -0.00296079
227440 0.0822525
227450 0.0271375
227450 0.0410451
227460 0.0222175
227460 0.0387849
227470 0
227480 0
228200 0.0849354
228200 0.0952777
228210 0.0768316
228210 0.0951276
228220 -0.0428431
228220 0.115997
228230 0.0246057
228230 0.0543067
228240 0.0250475
228240 0.0496779
228250 0
228260 0
229000 0
229010 0
229020 0.0825811
229030 0
229040 0
232560 0
232570 0
232580 0
232580 -0.0587168
232590 0
232590 -0.0539849
232600 0
232600 -0.0400815
233380 0
233390 0
233400 0
233400 -0.0909648
234160 0
234170 0
234180 0
234180 -0.0404654
234190 0.00428945
234190 0.0240873
234200 0.00360596
234200 -0.0657115
234940 0
234950 0
234960 0.000443842
234960 -0.0320216
234970 0.0201265
234970 0.0316157
234980 0.0327248
234980 -0.0940352
234990 0.0215163
234990 0.0236795
235000 -0.00869828
235000 0.0176671
235720 0
235730 0
235740 0.000949588
235740 -0.0194884
235750 0.0389444
235750 0.054443
235760 -0.0145981
235760 0.0502768
235770 0.0346693
235770 0.101073
235780 -0.0117098
235780 0.0171984
235790 0.0239873
235790 -0.0585
235800 -0.0221294
235800 0.0330313
236500 0
236510 0
236520 -0.00604539
236520 0.00982317
236530 0.0448974
236530 0.0812864
236540 0.037114
236540 0.0675096
236550 0.048423
236550 0.0927101
236560 0.00707953
236560 0.0338661
236570 -0.0120906
236570 0.0173229
236580 0.0145919
236580 -0.0197427
236590 0
236600 0
237300 0.0611518
237300 0.106083
237310 0.0874898
237310 0.167249
237320 0.08658
237320 0.0995281
237330 0.0671602
237330 0.0759329
237340 0.01399
237340 0.0351616
237350 0.0117481
237350 0.0181904
237360 -0.0191721
237360 0.0221727
237370 0
237380 0
238100 0
238110 0
238120 -0.0329268
238120 0.0993872
238130 0.0202947
238130 0.056919
238140 -0.0219512
238140 0.0392449
238150 0
238160 0
242480 0
242490 0
242500 0
242500 -0.0199597
243260 0
243270 0
243280 0
243280 -0.0129151
243290 0
243290 0.0478129
243300 0
243300 -0.00419799
244040 0
244050 0
244060 -0.01927
244060 9.1215e-05
244070 0.00341498
244070 -0.0512937
244080 0.00622823
244080 -0.0209415
244090 0.00647892
244090 -0.036062
244100 0.00931247
244100 -0.00968799
244820 0
244830 0
244840 0
244840 -0.0244579
244850 0.0132235
244850 -0.0700568
244860 -0.00104443
244860 0.0129985
244870 0.0137784
244870 -0.112744
244880 -0.00834623
244880 0.0122879
244890 0.0192754
244890 0.0369322
244900 0.0116145
244900 -0.020307
245600 0
245610 0
245620 0.0110009
245620 -0.0271544
245630 0.0226865
245630 -0.0730515
245640 0.0309524
245640 0.0439789
245650 0.0392415
245650 -0.0717948
245660 0.0251259
245660 0.0469476
245670 0.00887424
245670 -0.0191013
245680 0.0118391
245680 -0.0855863
245690 0.00248468
245690 0.0292765
245700 0.0281625
245700 0.0514632
246400 0.00502396
246400 0.11458
246410 -0.0939528
246410 0.0967218
246420 0.0884841
246420 0.09352
246430 -0.0255082
246430 0.0814353
246440 0.0349106
246440 0.0565096
246450 0.0156168
246450 -0.0216367
246460 0.0131978
246460 -0.0762779
246470 -0.0154376
246470 0.024197
246480 -0.0039287
246480 0.017741
246490 0
246500 0
247200 0
247210 0
247220 0.0439923
247220 -0.0576647
247230 -0.0428842
247230 0.0652894
247240 0.0311989
247240 -0.087225
247250 -0.0231301
247250 0.0345326
247260 -0.010662
247260 0.0238782
247270 0
247280 0
248020 0
248030 0
248040 0.00389334
248040 0.0696129
248050 0
248060 0
253140 0
253150 0
253160 0
253160 0.0376901
253170 0
253170 -0.00923666
253180 0
253180 0.0886185
253190 0
253190 -0.00660196
253200 0.00228131
253200 0.0129809
253920 0
253930 0
253940 0
253940 0.0204464
253950 0
253950 -0.0235673
253960 0
253960 -0.0277157
253970 0
253970 -0.0272804
253980 0.00548563
253980 -0.00592122
253990 -0.00434356
253990 0.0287966
254000 0.00154645
254000 0.025749
254700 0
254710 0
254720 -0.000102029
254720 0.0058514
254730 0.0112186
254730 -0.0469378
254740 0.018753
254740 -0.096064
254750 -0.0295534
254750 0.036877
254760 0.0102823
254760 -0.0901668
254770 0.00792882
254770 -0.0185782
254780 0.0276992
254780 0.0591278
254790 -0.0109194
254790 0.0226261
254800 0.00849883
254800 0.0167472
25500 0
255500 0.0531462
255500 -0.141225
255510 -0.0963541
255510 0.097955
255520 0.0423517
255520 -0.182477
255530 -0.01168
255530 0.0953643
255540 0.0161568
255540 -0.0902597
255550 -0.00513907
255550 0.0197325
255560 0.0158772
255560 0.0260136
255570 0.017718
255570 -0.075363
255580 0.0157353
255580 0.0283829
255590 0.049415
255590 0.0496591
255600 0.00743829
255600 0.0443437
256300 0
256310 0
256320 0.0135538
256320 0.0393317
256330 0.0407054
256330 -0.0605484
256340 0.0298402
256340 0.0443979
256350 0.0353189
256350 -0.101129
256360 0.0187488
256360 0.0242804
256370 0.0371906
256370 0.0442817
256380 0.0155512
256380 0.0163787
256390 0
256400 0
257120 0
257130 0
257140 0.0213419
257140 0.0598101
257150 0.0649309
257150 0.0826559
257160 0.0172274
257160 0.0270802
257170 0
257180 0
26280 0
26290 0
26300 0.032035
263020 0
263030 0
263040 0
263040 0.00770289
263050 0
263050 0.0859498
263060 0
263060 0.00221827
263070 0
263070 0.127412
263080 0
263080 0.00283079
263090 0.00540542
263090 0.0100586
263100 0
263100 0.00519519
263800 0
263810 0
263820 0
263820 0.0116709
263830 0.00647763
263830 0.0690542
263840 0
263840 -0.00829273
263850 0.0232822
263850 0.0279245
263860 0.00078877
263860 -0.0111421
263870 0.00584572
263870 0.0282309
263880 0.0123153
263880 0.022631
263890 0.00608167
263890 0.0253024
263900 0.0040116
263900 0.00598912
264600 0
264600 -0.0237174
264610 0.0112648
264610 0.0511941
264620 0
264620 -0.0558982
264630 0.053395
264630 -0.0793171
264640 0
264640 -0.0230939
264650 0.013363
264650 -0.0152549
264660 0.00227988
264660 0.0120919
264670 0.0401478
264670 0.0934061
264680 0.00876745
264680 0.0137296
264690 -0.0109062
264690 0.0308628
264700 0.00821436
264700 0.0105183
265400 0
265410 0
265420 0.00650107
265420 0.0230123
265430 0.0252639
265430 0.0962337
265440 -0.0048815
265440 0.0344467
265450 0.0721084
265450 0.112773
265460 0.0137313
265460 -0.0271509
265470 0.019475
265470 0.0345271
265480 0.0226959
265480 0.0629382
265490 -0.0150783
265490 0.041179
265500 -0.0275555
265500 0.0348768
266220 0
266230 0
266240 0.0228889
266240 0.0257403
266250 -0.00991414
266250 0.0773297
266260 0.0613691
266260 0.0915171
266270 -0.00617736
266270 0.0360927
266280 -0.0125582
266280 0.0152544
266290 0
266300 0
267040 0
267050 0
267060 0.0108305
267060 -0.0355277
267070 0
267080 0
27060 0
27070 0
27080 0.0152485
27090 0.0932527
27090 -0.139879
27100 0.0146987
272900 0
272910 0
272920 0
272920 0.0189736
272930 0
272930 0.0131719
272940 0
272940 0.14642
272950 0
272950 0.0093815
272960 0
272960 0.132986
272970 0
272970 0.00550489
272980 0.00649267
272980 -0.0347537
272990 0
272990 0.00290359
273000 0
273000 -0.016304
273700 0
273700 0.180564
273710 0
273710 0.0656902
273720 0
273720 0.196974
273730 0
273730 0.0247205
273740 0
273740 0.0773749
273750 0
273750 0.00904782
273760 0.00345973
273760 0.0201369
273770 0.0181789
273770 0.045576
273780 0.00333572
273780 -0.00510266
273790 -0.0011054
273790 0.00918912
273800 0
273800 -0.0213755
274500 0
274510 0
274520 0.00188503
274520 -0.0158929
274530 0.0192236
274530 0.026832
274540 0.00905577
274540 0.0636478
274550 0.0273732
274550 0.0798761
274560 0.00162908
274560 0.0670761
274570 0.00947693
274570 0.0239379
274580 0.0117508
274580 -0.0573352
274590 0.000277719
274590 0.0194874
274600 0.00493939
274600 -0.00959736
275320 0
275330 0
275340 0.00197735
275340 -0.0420601
275350 0.00925749
275350 0.0370077
275360 0.0493276
275360 -0.0831381
275370 0.0290823
275370 0.0417139
275380 0.0146307
275380 -0.0350363
275390 0.0233165
275390 -0.0404539
275400 0.00147796
275400 0.0553099
276140 0
276150 0
276160 -0.00316576
276160 0.0179004
276170 0.0124266
276170 -0.0612837
276180 -0.00291046
276180 0.0196511
276190 0
276200 0
27840 0
27850 0
27860 0.0115347
27870 0.0831777
27870 -0.124767
27880 0.0810775
27890 0.0517985
27890 -0.0776977
27900 0.0110997
27900 -0.050411
282800 0
282800 -2.14994e-17
282810 0
282810 0.133315
282820 0
282820 6.71856e-18
282830 0
282830 0.202439
282840 0
282840 -3.58323e-17
282850 0
282850 0.0638783
282860 0
282860 1.79161e-17
282870 0.019998
282870 -0.0987635
282880 0
282880 3.58323e-18
282890 0
282890 -0.0121773
282900 0
283600 0
283610 0
283620 0
283620 -0.00743784
283630 0.00907449
283630 -0.0948265
283640 0
283640 -0.00437579
283650 0.0337275
283650 -0.0749047
283660 0
283660 0.00453905
283670 0.0079697
283670 -0.0384998
283680 0
283680 -0.0109952
283690 0.00368506
283690 -0.0158857
283700 0
283700 2.86867e-05
284420 0
284430 0
284440 0
284440 -0.00820774
284450 0.00849888
284450 -0.050227
284460 0.0148327
284460 -0.0174018
284470 0.0140889
284470 -0.0846765
284480 0.00715985
284480 -0.00865619
284490 0.0168427
284490 0.0261784
284500 -0.000501502
284500 0.0197285
285240 0
285250 0
285260 -0.00379921
285260 0.00816092
285270 0.0235952
285270 0.0385206
285280 0.00929846
285280 -0.0379404
285290 0.0239885
285290 0.0254376
285300 0.0268431
285300 0.0540304
286060 0
286070 0
286080 0.0187341
286080 0.030034
286090 0
286100 0
28620 0
28630 0
28640 0.0128157
28650 0.0783055
28650 -0.117458
28660 0.101921
28670 0.0487911
28670 -0.0731866
28680 0.00633456
28680 -0.0302022
28690 0
28700 0
293520 0
293530 0
293540 0
293540 0.0360488
293550 0
293550 0.00311284
293560 0
293560 0.0356843
293570 0.00181876
293570 -0.00702188
293580 0.00177059
293580 0.0244098
293590 0.00716687
293590 0.0237463
293600 0.00505472
293600 0.0176706
29400 0
29410 0
29420 0.0231083
29430 0.0864632
29430 -0.129695
294340 0
294350 0
294360 0
294360 0.0293226
294370 0.0111172
294370 0.0287781
294380 0.00220012
294380 0.0713415
294390 0.00756591
294390 0.0289811
294400 0.00515605
294400 0.0130003
29440 0.119574
29450 0.0466348
29450 -0.0699522
29460 0.00496003
29460 -0.0266602
29470 0
29480 0
295160 0
295170 0
295180 -0.00875299
295180 0.0176481
295190 0.0199512
295190 0.029492
295200 -0.00928694
295200 0.0194681
30200 0.131444
30210 0.146959
30210 -0.220439
30220 0.160099
30230 0.0470646
30230 -0.0705969
30240 0.00459304
30240 -0.0327255
30250 0
30260 0
303440 0
303450 0
303460 0
303460 -0.00466976
303470 -0.00180908
303470 0.014361
303480 0
303480 0.00659128
303490 -0.00127187
303490 0.0120611
303500 0
303500 -0.00881011
304260 0
304270 0
304280 -0.00892439
304280 0.0108841
304290 0.0169066
304290 -0.0415358
304300 0.00275798
304300 -0.00994998
305080 0
305090 0
305100 0.000679329
305100 -0.0321448
305860 0
305870 0
305880 0.0200574
305880 -0.0297551
305890 0
305900 0
306640 0
306650 0
306660 -0.00263604
306660 0.0175573
306670 0
306680 0
307420 0
307430 0
307440 0.0266504
307440 0.0289261
307450 0
307460 0
308200 0
308210 0
308220 0.0545549
308230 0
308240 0
309000 0.121965
309010 0
309020 0
31000 0
31010 0
31020 -0.078534
31030 0
31040 0
313360 0
313370 0
313380 0
313380 -0.00947153
313390 0.0068216
313390 -0.0112668
313400 0.000989452
313400 -0.00615348
314180 0
314190 0
314200 0.000679236
314200 0.0113952
314960 0
314970 0
314980 0.00804845
314980 0.0163041
314990 0.0647397
314990 0.0782548
315000 0.00468862
315000 0.0450731
315740 0
315750 0
315760 -0.0038343
315760 0.0189747
315770 0.0347242
315770 -0.0452414
315780 -0.00352505
315780 0.0231424
315790 0
315800 0
316520 0
316530 0
316540 -0.0160118
316540 0.0261319
316550 0.0379605
316550 -0.0537995
316560 -0.0129248
316560 0.0276378
316570 0
316580 0
317300 0
317310 0
317320 -0.0271031
317320 0.0746523
317330 -0.040228
317330 0.0435351
317340 -0.0180688
317340 0.0342525
317350 0
317360 0
318100 -0.0721708
318110 -0.0353915
318120 -0.0231132
318130 0
318140 0
323280 0
323290 0
323300 0
323300 0.0995492
324060 0
324070 0
324080 0.00336487
324080 -0.00902382
324090 0.0399725
324090 -0.0809846
324100 0.00444597
324100 0.0472948
324840 0
324850 0
324860 0.00619352
324860 -0.0159277
324870 0.0182799
324870 0.0311765
324880 0.0276181
324880 0.0618005
324890 0.0113837
324890 0.0297637
324900 0.0127622
324900 -0.0481609
325620 0
325630 0
325640 0.0118297
325640 -0.027243
325650 0.0166203
325650 0.0525882
325660 0.0367871
325660 -0.0380883
325670 0.0103559
325670 0.0181187
325680 -0.0116849
325680 0.0155352
325690 0
325700 0
326400 0
326410 0
326420 0.0356276
326420 -0.0481685
326430 -0.00120802
326430 0.0463548
326440 0.0475728
326440 -0.0862299
326450 -0.000651558
326450 0.0196349
326460 -0.00401919
326460 0.0310065
326470 0
326480 0
327200 0.124886
327200 -0.182928
327210 -0.0292168
327210 0.0938487
327220 0.095422
327220 -0.125431
327230 -0.00935689
327230 0.045268
327240 -0.00159803
327240 0.0317325
327250 0
327260 0
328000 0
328010 0
328020 0.0233236
328030 0
328040 0
333940 0
333950 0
333960 0.0211446
333960 8.89054e-05
333970 0.000115796
333970 0.02434
333980 0.0115814
333980 -0.0590734
333990 0.0263175
333990 7.87855e-05
334000 0.00542742
334000 0.0476778
334720 0
334730 0
334740 0.00356974
334740 0.0327958
334750 -0.0041758
334750 0.049048
334760 0.0154796
334760 0.0349563
334770 0.0154386
334770 0.0579999
334780 0.00829258
334780 0.0216705
334790 0.0237269
334790 -0.0772943
334800 0.0189115
334800 0.0273928
335500 0
335510 0
335520 0.0168235
335520 0.0484174
335530 -0.0219386
335530 0.0342961
335540 0.0559958
335540 0.0621643
335550 -0.001784
335550 0.0321787
335560 0.0198448
335560 0.0291547
335570 -0.0171586
335570 0.0195949
335580 0.00856151
335580 0.0147037
335590 0
335600 0
336300 0.123922
336300 0.149895
336310 0.0852351
336310 -0.0874574
336320 0.0769533
336320 0.109855
336330 -0.0536534
336330 0.0645305
336340 0.0217577
336340 0.0270822
336350 0.00753887
336350 0.0318828
336360 0.0093983
336360 0.0304406
336370 0
336380 0
337100 0
337110 0
337120 0.0145576
337120 0.0932626
337130 0.0406966
337130 0.101731
337140 0.00970519
337140 0.0487908
337150 0
337160 0
343820 0
343830 0
343840 0
343840 0.00886432
343850 0.0160633
343850 0.0234701
343860 0.000310327
343860 0.0106271
343870 0.00873568
343870 -0.0523321
343880 0.00594828
343880 0.00654424
343890 0.0347623
343890 0.0570588
343900 0
343900 0.00480842
344600 0
344610 0
344620 0.0103666
344620 0.0181044
344630 0.0237102
344630 0.0549468
344640 0.0230818
344640 0.0425285
344650 0.0314064
344650 0.0624171
344660 0.0100129
344660 0.0543217
344670 0.0162488
344670 0.0214309
344680 0.00840036
344680 -0.0687926
344690 0.0127913
344690 0.0411766
344700 0.0305458
344700 0.0742541
345400 0.0647951
345400 0.0962282
345410 0.122226
345410 0.171921
345420 0.0296341
345420 0.0875365
345430 0.0911101
345430 0.136531
345440 0.0186728
345440 0.036003
345450 0.0217235
345450 0.0317995
345460 0.0127364
345460 -0.0323258
345470 0.039612
345470 4.46849e-06
345480 0.014994
345480 0.0243152
345490 0
345500 0
34600 0
346200 0
346210 0
346220 0.016757
346220 0.0350724
346230 -0.0091335
346230 0.107087
346240 -0.00541853
346240 0.0258104
346250 -0.00492621
346250 0.0577105
346260 0.0143447
346260 0.0238919
346270 0
346280 0
347020 0
347030 0
347040 0.0100786
347040 0.0565929
347050 0
347060 0
353700 0
353710 0
353720 0.00311956
353720 -0.0408501
353730 0.00930651
353730 0.0175024
353740 0.0135718
353740 -0.0326583
353750 0.0094942
353750 0.0712182
353760 0.00248648
353760 -0.0685722
353770 0.00328703
353770 0.0176367
353780 0.0111539
353780 0.0481998
353790 0.0230005
353790 9.6331e-05
35380 0
353800 0.00124435
353800 -0.0418349
35390 0
35400 0
35400 0.126528
354500 0.0260098
354500 -0.0484938
354510 0.0535856
354510 0.139537
354520 0.0183135
354520 0.0246566
354530 0.0403143
354530 0.158607
354540 0.00590919
354540 -0.015446
354550 0.028924
354550 0.0354284
354560 0.00703756
354560 0.00979514
354570 0.0283163
354570 -0.0633845
354580 -0.00686849
354580 0.00909221
354590 0.0707793
354590 0.0730437
354600 0.017903
354600 -0.0422078
355300 0
355310 0
355320 0.00662986
355320 -0.0403447
355330 -0.00920036
355330 0.0609243
355340 0.0186052
355340 -0.0224241
355350 0.0500181
355350 -0.0611233
355360 -0.0172767
355360 0.0221272
355370 0.0458628
355370 0.0551921
355380 0.0106651
355380 -0.0193577
355390 0
355400 0
356120 0
356130 0
356140 -0.0165964
356140 0.0349801
356150 0.052628
356150 0.0758555
356160 -0.0133968
356160 0.0236951
356170 0
356180 0
36160 0
36170 0
36180 0
36180 0.0551802
36190 0.0287784
36200 0
36200 0.0505526
363600 0
363600 -1.43329e-16
363610 0.0642155
363610 -0.230893
363620 0
363630 0.0694545
363630 -0.123727
363640 0
363640 -7.16646e-18
363650 0.0170764
363650 -0.0724471
363660 0
363670 0.045345
363670 0.0478986
363680 0
363690 0.0385951
363690 -0.0527748
363700 0
363700 3.58323e-18
364400 0
364410 0
364420 0
364420 -0.00606742
364430 -0.0266152
364430 0.0288594
364440 0
364440 -0.017553
364450 0.0254663
364450 0.0768276
364460 0.00652808
364460 -0.0458033
364470 -0.0230974
364470 0.0319708
364480 0.00808753
364480 0.0661968
364490 -0.0325891
364490 0.0512278
364500 0.0256829
364500 -0.0594451
365220 0
365230 0
365240 0.00316986
365240 0.00740011
365250 -0.0301581
365250 0.0603719
365260 0.0462714
365260 0.0815735
365270 -0.0187911
365270 0.0338432
365280 0.0090612
365280 -0.0314234
365290 0
365300 0
366040 0
366050 0
366060 0.0113425
366060 -0.0485884
366070 0
366080 0
36940 0
36950 0
36960 0.00172669
36960 0.0319439
36970 0.024112
36980 0.0692675
36980 -0.0791628
36990 0.0164096
37000 0.0130134
37000 0.0681384
374320 0
374330 0
374340 0
374340 0.0194829
374350 0.00727713
374350 0.0425518
374360 0.0232417
374360 -0.0509968
374370 0.0214003
374370 0.0544815
374380 -0.000697007
374380 0.00363724
374390 0.0272296
374390 -0.0587789
374400 0.0359403
374400 0.0603698
375140 0
375150 0
375160 0.0114684
375160 0.0376914
375170 0.0159471
375170 -0.0787028
375180 0.0129973
375180 0.0346516
375190 0
375200 0
37720 0
37730 0
37740 0.00542951
37740 0.0190033
37750 0.0244328
37760 0.0882703
37760 -0.115265
37770 0.0566152
37780 -0.0130709
37780 0.034487
37790 0.00844259
37790 -0.0402531
37800 0.0262531
37800 0.102446
384240 0
384250 0
384260 0
384260 -0.00540244
384270 0.0304867
384270 0.0706583
384280 0
384280 -0.0573034
384290 0.0277665
384290 0.0440022
384300 0.016442
384300 0.0405933
38500 0
385060 0
385070 0
385080 0.0152927
385080 0.0442158
385090 0
38510 0
385100 0
38520 0.00281264
38520 0.0168759
38530 0.0352985
38540 0.105581
38540 -0.143571
38550 0.0828865
38560 -0.0334641
38560 0.0439369
38570 0.00794639
38570 -0.0427118
38580 0.0159671
38580 0.0617428
38590 0
38600 0
39300 -0.131444
39300 0.131444
39310 0.103916
39320 0.15467
39320 -0.21482
39330 0.107839
39340 -0.0316017
39340 0.0471082
39350 0.00732796
39350 -0.0522117
39360 0.0140534
39360 0.0531826
39370 0
39380 0
394160 0
394170 0
394180 0.00655319
394180 -0.0586878
394190 0.0321413
394190 0.0455349
394200 -0.120109
394200 1.52379e-05
40100 0
40110 0
40120 0.0348846
40120 0.0886785
40130 0.00595325
40130 -0.100461
40140 0.0163521
40140 0.0591193
40150 0
40160 0
404080 0
404090 0
404100 0
404100 -0.0458035
404860 0
404870 0
404880 0.00773546
404880 -0.069566
404890 0
404900 0
405640 0
405650 0
405660 0.00956705
405660 -0.0168156
405670 0
405680 0
406420 0
406430 0
406440 0.00881404
406440 0.0202579
406450 0
406460 0
407200 0
407210 0
407220 0.0202394
407230 0
407240 0
408000 0.0418137
408010 0
408020 0
414740 0
414750 0
414760 0.00520208
414760 0.0246629
414770 0.0173634
414770 -0.0830455
414780 0.00885405
414780 0.0226738
414790 0
414800 0
415520 0
415530 0
415540 0.0126988
415540 0.0139157
415550 0.0319564
415550 -0.0516335
415560 0.0102505
415560 0.020775
415570 0
415580 0
416300 0
416310 0
416320 0.0131791
416320 0.0762723
416330 -0.016126
416330 0.051482
416340 0.00878608
416340 0.0253444
416350 0
416360 0
417100 0.0343151
417110 0.00939659
417120 0.0109895
417130 0
417140 0
424620 0
424630 0
424640 0.00292947
424640 0.00543113
424650 0.0436133
424650 0.0553275
424660 0
424660 -0.0604435
424670 0.0207022
424670 0.0271748
424680 0.00365332
424680 0.0286838
424690 0
424700 0
425400 0
425410 0
425420 0.00158433
425420 0.0323368
425430 0.0223404
425430 0.0659926
425440 0.0265525
425440 -0.0731579
425450 0.0120496
425450 0.0335072
425460 0.0240055
425460 0.0279117
425470 0
425480 0
426200 -0.0183093
426200 0.109254
426210 0.0173557
426210 0.144424
426220 -0.0690572
426220 0.0742376
426230 0.00555824
426230 0.0797255
426240 0.0249654
426240 0.0271942
426250 0
426260 0
427000 0
427010 0
427020 0.0439766
427030 0
427040 0
434500 0
434510 0
434520 0.00893593
434520 -0.0223048
434530 -0.00457875
434530 0.0515634
434540 0.0258694
434540 0.0499865
434550 -0.0304193
434550 0.0450474
434560 0
434560 0.0053504
434570 0.0228246
434570 0.0423708
434580 0.00388382
434580 -0.0366609
434590 0
434600 0
435300 -0.0463361
435300 0.0571006
435310 -0.0449571
435310 0.125377
435320 0.0351098
435320 0.0530829
435330 -0.0696939
435330 0.104139
435340 -0.00523243
435340 0.00828058
435350 0.0451915
435350 0.0581819
435360 0.0134932
435360 -0.0274591
435370 0
435380 0
436100 0
436110 0
436120 -0.0378177
436120 0.0392977
436130 0.0809241
436130 0.129067
436140 -0.0252116
436140 0.0280842
436150 0
436160 0
43700 0
444400 0
444400 -2.25743e-16
444410 -0.0130863
444410 0.145285
444420 0
444430 0.0541656
444430 0.168169
444440 0
444440 -1.79161e-18
444450 -0.0262255
444450 0.0424437
444460 0
444460 3.58323e-18
444470 -0.0388402
444470 0.0507292
444480 0
444490 0
444500 0
44480 0
44490 0
44500 0
44500 -0.12885
445200 0
445210 0
445220 0.000103439
445220 0.00509028
445230 -0.0666629
445230 0.107945
445240 0.0015505
445240 0.0437761
445250 -0.0359554
445250 0.0556644
445260 0.00500318
445260 -0.0122465
445270 0
445280 0
446020 0
446030 0
446040 0.0233637
446040 -0.0333822
446050 0
446060 0
45260 0
45270 0
45280 0
45280 -0.0504162
45290 0
45290 0.118505
45300 0
45300 -0.0451445
455120 0
455130 0
455140 0.00659333
455140 0.0449601
455150 0.00393078
455150 0.0495156
455160 0.00576471
455160 0.0362922
455170 0
455180 0
46040 0
46050 0
46060 0.000723233
46060 -0.0282061
46070 0
46070 0.0917324
46080 0.00304017
46080 0.0233082
46090 0
46090 0.0644925
46100 0.0120631
46100 -0.0286893
465040 0
465050 0
465060 0
465060 -0.0332297
465070 0
465080 0
46820 0
46830 0
46840 0.00211946
46840 -0.0190752
46850 0.0038937
46850 0.0720335
46860 0.0152308
46860 0.0283327
46870 -0.0145748
46870 0.0461538
46880 -0.000999355
46880 0.0138574
46890 0.0162182
46890 0.0827984
46900 0.0189079
46900 -0.0235468
47600 0
47610 0
47620 0.00675116
47620 -0.0140216
47630 0.0162573
47630 0.0569004
47640 0.0265494
47640 0.0372764
47650 -0.0651337
47650 0.0761941
47660 0.026568
47660 0.0378459
47670 0.0197301
47670 0.0527214
47680 0.0120533
47680 -0.0419597
47690 0.0198112
47690 0.0766076
47700 0.00498925
47700 0.0266425
48400 0.0175649
48400 0.064405
48410 0.0143413
48410 0.0860507
48420 0.0616489
48420 0.0737368
48430 0.109681
48430 -0.113638
48440 0.0431909
48440 0.0551254
48450 0.0292701
48450 0.0505691
48460 0.0130479
48460 -0.0552203
48470 0.0203654
48470 0.0770689
48480 0.00472869
48480 0.0165738
48490 0
48500 0
49200 0
49210 0
49220 0.0160289
49220 -0.0312643
49230 0.0261634
49230 0.147798
49240 0.0162958
49240 -0.0871627
49250 0.0220492
49250 0.0797163
49260 0.00879423
49260 0.0147202
49270 0
49280 0
50020 0
50030 0
50040 0.0329735
50040 0.036002
50050 0
50060 0
505420 0
505430 0
505440 0.00467028
505440 0.0511914
505450 0
505460 0
506200 0
506210 0
506220 0.05768
506230 0
506240 0
507000 0.101759
507010 0
507020 0
515300 0
515310 0
515320 0.0332478
515320 -0.0502842
515330 0.0555135
515330 0.1024
515340 0.00383494
515340 -0.0335229
515350 0
515360 0
516100 -0.111553
516110 0.11028
516120 -0.0357254
516130 0
516140 0
525200 0
525200 -2.72325e-16
525210 -0.127147
525210 0.19669
525220 0
525230 -0.0407196
525230 0.105378
525240 0
525250 0
525260 0
526000 0
526010 0
526020 -0.0124866
526030 0
526040 0
52800 0
53580 0
53590 0
53600 0
53600 -0.0338376
54360 0
54370 0
54380 0
54380 -0.0114967
54390 0
54390 -0.125413
54400 0
54400 -0.010164
55140 0
55150 0
55160 0
55160 -0.00222076
55170 0
55170 -0.087713
55180 0
55180 0.0983615
55190 0
55190 -0.0626934
55200 0.00419822
55200 -0.0254692
55920 0
55930 0
55940 0
55940 0.00597267
55950 0.00172416
55950 -0.0672422
55960 0
55960 0.114065
55970 0.0172111
55970 -0.0319636
55980 0
55980 0.0486229
55990 0.0182476
55990 -0.0408587
56000 0.00582897
56000 -0.0315778
56700 0
56710 0
56720 0.000910948
56720 0.0223182
56730 0.00681691
56730 -0.0613521
56740 0.00633457
56740 0.119984
56750 -0.0141165
56750 0.0277102
56760 0.0222292
56760 0.0266734
56770 0.00968225
56770 -0.026958
56780 0.0168325
56780 0.0568568
56790 0.023486
56790 -0.0282244
56800 0.00640312
56800 -0.0520726
57500 0.0292749
57500 0.143448
57510 0.0380575
57510 -0.0790422
57520 0.0369316
57520 0.139769
57530 0.00315269
57530 0.0451886
57540 -0.0107717
57540 0.0491669
57550 -0.0154256
57550 0.017087
57560 0.0120626
57560 0.0764373
57570 0.0175272
57570 -0.0447868
57580 0.00371673
57580 0.0149258
57590 0.00539702
57590 0.0189162
57600 0.00778901
57600 -0.0935523
58300 0
58310 0
58320 0.00442523
58320 -0.0138723
58330 0.0139721
58330 -0.0512056
58340 0.0312728
58340 0.124562
58350 0.0229154
58350 -0.0625242
58360 0.00311604
58360 0.0256557
58370 0.0112392
58370 0.0188127
58380 0.00494136
58380 -0.0616971
58390 0
58400 0
59120 0
59130 0
59140 0.02802
59140 -0.0757924
59150 0.0344397
59150 0.0376029
59160 0.00434075
59160 -0.0611801
59170 0
59180 0
606000 -1.54079e-16
606010 0
606020 0
61900 0
62680 0
62690 0
62700 0
62700 0.178639
63460 0
63470 0
63480 0
63480 0.0496712
63490 0
63490 -0.0341332
63500 0
63500 0.0435626
64240 0
64250 0
64260 0
64260 0.0175963
64270 0
64270 -0.0208531
64280 0
64280 -0.0992249
64290 0
64290 -0.0150519
64300 0
64300 0.0363672
65020 0
65030 0
65040 0
65040 0.00223756
65050 0
65050 -0.00556588
65060 0
65060 -0.110669
65070 0
65070 0.071209
65080 0
65080 -0.0492953
65090 0.00719571
65090 -0.0429865
65100 0
65100 0.0324423
65800 0
65810 0
65820 0.000470412
65820 -0.0164644
65830 0
65830 0.0204507
65840 0.00302876
65840 -0.117165
65850 0
65850 0.117037
65860 0.0111484
65860 -0.0497329
65870 0
65870 0.00756514
65880 0.0206005
65880 -0.0245997
65890 0.00902594
65890 -0.048618
65900 0
65900 0.0313231
66600 0.0141542
66600 -0.151923
66610 0.00558252
66610 0.136772
66620 0.0171161
66620 -0.160313
66630 0.00806782
66630 0.161356
66640 0.020695
66640 -0.0395998
66650 0.00209761
66650 0.00408193
66660 0.00733455
66660 -0.0319975
66670 0.00551603
66670 0.016332
66680 -0.00513822
66680 0.0096664
66690 0.00769816
66690 -0.0648294
66700 0
66700 0.0325037
67400 0
67410 0
67420 0.0058214
67420 0.0213369
67430 0.00449724
67430 -0.0702493
67440 0.0322828
67440 -0.0384674
67450 0.0285803
67450 0.0328115
67460 0.00184263
67460 -0.019047
67470 0.00626341
67470 -0.0502088
67480 0.00985832
67480 0.0270067
67490 0.00510131
67490 -0.0636943
67500 0
67500 0.0262663
68220 0
68230 0
68240 0.0131235
68240 0.0325237
68250 0.0289423
68250 -0.106056
68260 0.0227945
68260 0.0424809
68270 0.00468855
68270 -0.066082
68280 0
68280 0.0152205
68290 0
68300 0
69040 0
69050 0
69060 0
69060 0.0016864
69070 0
69080 0
71780 0
71790 0
71800 0
71800 -0.159914
72560 0
72570 0
72580 0
72580 -0.031505
72590 0
72590 0.18631
72600 0
72600 -0.0274805
7300 0
73340 0
73350 0
73360 0
73360 -0.0129842
73370 0
73370 0.0936304
73380 0
73380 -0.0405573
73390 0
73390 0.0680166
73400 0
73400 -0.00342157
74120 0
74130 0
74140 0
74140 -0.00908903
74150 0
74150 0.0461538
74160 0
74160 -0.0335301
74170 0
74170 -0.0554937
74180 0
74180 -0.0178779
74190 0
74190 0.065417
74200 0
74200 0.00191642
74900 0
74910 0
74920 0
74920 -0.00859101
74930 0
74930 0.00809965
74940 0
74940 -0.0139207
74950 0
74950 -0.108307
74960 0
74960 0.0407738
74970 0
74970 -0.00258443
74980 0.00921394
74980 -0.0526206
74990 0
74990 0.0567237
75000 0
75000 0.0130104
75700 0
75700 0.0285577
75710 0.00309662
75710 -0.108382
75720 0
75720 0.0509555
75730 0.0042433
75730 -0.160995
75740 0
75740 0.0893532
75750 0.00193559
75750 -0.0129546
75760 0.00086418
75760 -0.0480602
75770 0.0192295
75770 0.0202375
75780 0.00585844
75780 -0.044104
75790 0
75790 0.0479074
75800 0
75800 0.0241409
76500 0
76510 0
76520 0.00225946
76520 -0.0214868
76530 0.00812509
76530 0.0791982
76540 0.0115333
76540 -0.11496
76550 0.0164933
76550 0.0366071
76560 0.000456763
76560 -0.0323322
76570 0.00614164
76570 0.0349883
76580 0.0115792
76580 -0.0400201
76590 0
76590 0.0374185
76600 0
76600 0.0432577
77320 0
77330 0
77340 0.00270826
77340 0.0275392
77350 0.0153729
77350 0.0552307
77360 0.0306116
77360 -0.0611112
77370 0.0086651
77370 0.0436796
77380 0.00108975
77380 0.00865848
77390 0
77390 0.0138577
77400 0.0102685
77400 0.076992
78140 0
78150 0
78160 0.0115754
78160 0.0605541
78170 0
78170 0.00141092
78180 0.00808811
78180 0.0556704
78190 0
78200 0
8080 0
8090 0
8100 0.140408
81660 0
81670 0
81680 0
81680 -5.99235e-17
81690 0
81690 -0.172076
81700 0
81700 -1.52504e-17
82440 0
82450 0
82460 0
82460 0.00881496
82470 0
82470 -0.0615472
82480 0
82480 0.18604
82490 0
82490 -0.0449095
82500 0
82500 -0.0259304
83220 0
83230 0
83240 0
83240 0.0151616
83250 0
83250 -0.0355065
83260 0
83260 0.140926
83270 0
83270 -0.0524411
83280 0
83280 0.0721565
83290 0
83290 -0.00511261
83300 0
83300 -0.0228
84000 0
84010 0
84020 0
84020 0.0257613
84030 0
84030 -0.0345894
84040 0
84040 0.0967406
84050 0
84050 -0.0516596
84060 0
84060 -0.00813659
84070 0
84070 -0.0171583
84080 0
84080 0.0764456
84090 0
84090 0.00447928
84100 0
84100 -0.0270457
84800 0
84800 0.06218
84810 0
84810 -0.0602053
84820 0
84820 0.0342887
84830 0
84830 -0.0333633
84840 0
84840 -0.0707375
84850 0
84850 0.012331
84860 0
84860 0.0630284
84870 0.00980075
84870 -0.0501732
84880 0
84880 0.0538801
84890 0
84890 0.0263155
84900 0
84900 -0.0318437
85600 0
85610 0
85620 0
85620 0.0158344
85630 0.00435921
85630 -0.0174991
85640 0
85640 0.1314
85650 0.018525
85650 -0.0961191
85660 0
85660 0.0547538
85670 0.00462144
85670 -0.00650274
85680 0.00377864
85680 0.0275777
85690 0
85690 0.0395242
85700 0
85700 -0.0368537
86420 0
86430 0
86440 0
86440 -0.0334188
86450 0.00519629
86450 0.0653428
86460 0.013441
86460 0.0289671
86470 0.0139144
86470 0.0166297
86480 -0.000966722
86480 0.00711531
86490 0.00461559
86490 0.0516348
86500 0.00568
86500 -0.0421707
87240 0
87250 0
87260 0.00787283
87260 -0.0428584
87270 0.00504955
87270 0.068788
87280 0.00894959
87280 -0.0317613
87290 0.00622366
87290 0.0428374
87300 0.0165964
87300 -0.0468457
88060 0
88070 0
88080 0.0121203
88080 -0.0268933
88090 0
88100 0
8860 0
8870 0
8880 0.0764285
8890 0
8900 0
91540 0
91550 0
91560 0
91560 -0.00896566
91570 0
91570 -9.13517e-18
91580 0
91580 -0.178568
91590 0
91590 2.68109e-17
91600 0
91600 0.0230079
92320 0
92330 0
92340 0
92340 -0.0109332
92350 0
92350 0.025051
92360 0
92360 -0.0968679
92370 0
92370 0.176554
92380 0
92380 -0.0506991
92390 0
92390 -0.0561105
92400 0
92400 0.0143859
93100 0
93110 0
93120 0
93120 -0.0191519
93130 0
93130 0.0603843
93140 0
93140 -0.077236
93150 0
93150 0.186558
93160 0
93160 -0.0626556
93170 0
93170 0.0427891
93180 0
93180 0.00120265
93190 0
93190 -0.0493171
93200 0
93200 0.00636258
93900 0
93900 -0.117301
93910 0
93910 0.190858
93920 0
93920 -0.113329
93930 0
93930 0.176077
93940 0
93940 -0.0662242
93950 0
93950 0.00872261
93960 0
93960 -0.00430534
93970 0
93970 0.0527333
93980 0
93980 0.0101891
93990 0
93990 -0.0577074
94000 0
94000 0.00157086
94700 0
94710 0
94720 0
94720 0.00918097
94730 0
94730 -0.0189945
94740 0
94740 0.0102856
94750 0
94750 0.102519
94760 0
94760 -0.0291795
94770 0
94770 -0.00186566
94780 0
94780 0.0390198
94790 0
94790 -0.0600746
94800 0
94800 -0.00794954
95520 0
95530 0
95540 0
95540 0.00575377
95550 0
95550 -0.0899688
95560 0
95560 0.0768384
95570 0.00643745
95570 -0.0418181
95580 0.00486731
95580 0.0332196
95590 0.0068251
95590 -0.0552566
95600 0.00169571
95600 -0.0198772
96340 0
96350 0
96360 0
96360 -0.0266108
96370 0.00375139
96370 -0.0611901
96380 0.00449178
96380 0.0150866
96390 0.0111695
96390 -0.0416434
9640 0
96400 0.00449923
96400 -0.0362173
9650 0
9660 0.057398
9670 0
9680 0
97160 0
97170 0
97180 0.00665808
97180 -0.0456213
97190 0.00722418
97190 -0.0160294
97200 0.00722419
97200 -0.0537432
