4565
100160 0
100170 0
100180 0.0185774
100180 -0.0605223
100190 0.00634767
100190 0.00761144
100200 0.019043
100200 -0.0712971
102080 0
102090 0
102100 0
102100 0.185679
102860 0
102870 0
102880 0
102880 0.0339614
102890 0
102890 -0.122072
102900 0
102900 0.0293574
10300 0
103640 0
103650 0
103660 0
103660 0.00719668
103670 0
103670 -0.0574149
103680 0
103680 -0.0741223
103690 0
103690 -0.0421327
103700 0
103700 0.0181387
104420 0
104430 0
104440 0
104440 -0.00278913
104450 0
104450 -0.0167348
104460 0
104460 -0.067899
104470 0
104470 0.0878598
104480 0
104480 -0.035127
104490 0
104490 -0.0497893
104500 0
104500 0.0129354
105200 0
105210 0
105220 0
105220 -0.012618
105230 0
105230 0.0261886
105240 0
105240 -0.0590237
105250 0
105250 0.139546
105260 0
105260 -0.0214696
105270 0
105270 0.0278195
105280 0
105280 -0.0221679
105290 0
105290 -0.0457607
105300 0
105300 0.0106396
106000 0
106000 -0.067569
106010 0
106010 0.160942
106020 0
106020 -0.0593694
106030 0
106030 0.166795
106040 0
106040 -0.0053496
106050 0
106050 0.0100135
106060 0
106060 -0.0202074
106070 0.00415281
106070 0.0383743
106080 0
106080 -0.0132136
106090 0
106090 -0.0525173
106100 0
106100 0.00954446
106800 0
106810 0
106820 0
106820 -0.000314709
106830 0.00222826
106830 -0.0280046
106840 0
106840 -0.0338227
106850 0.00875804
106850 0.0908935
106860 0
106860 -0.0212498
106870 -0.00184591
106870 0.00284263
106880 0.00123433
106880 -0.00130705
106890 0
106890 -0.0572194
106900 0
106900 0.00809445
107620 0
107630 0
107640 0
107640 0.0105802
107650 0.00366134
107650 -0.0895533
107660 0.00579528
107660 0.00640582
107670 0.0105704
107670 -0.0278437
107680 0.00540048
107680 0.00683511
107690 0.00633389
107690 -0.0619243
107700 0.00184289
107700 0.00620217
108440 0
108450 0
108460 0.0048988
108460 0.00621852
108470 0.00752142
108470 -0.082813
108480 0.0082619
108480 0.011003
108490 0.0124118
108490 -0.0582217
108500 0.00294718
108500 0.00538343
109260 0
109270 0
109280 -0.000859907
109280 0.0125996
109290 0.0110666
109290 -0.0414333
109300 -0.000828884
109300 0.00929162
110080 0
110090 0
110100 -0.00329684
110100 0.00966606
11080 0
110860 0
110870 0
110880 -0.00257465
110880 0.131311
110890 0
11090 0
110900 0
11100 0.156625
111640 0
111650 0
111660 -0.0323013
111660 0.102961
111670 0
111680 0
111960 0
111970 0
111980 0
111980 7.55529e-17
111990 0
111990 0.200685
112000 0
112000 1.62693e-17
112420 0
112430 0
112440 -0.0509677
112450 0
112460 0
112740 0
112750 0
112760 0
112760 -0.0068526
112770 0
112770 0.0670462
112780 0
112780 -0.124749
112790 0
112790 0.0492933
112800 0
112800 0.0142553
113200 0
113210 0
113220 -0.0735465
113230 0
113240 0
113520 0
113530 0
113540 0
113540 -0.0108642
113550 0
113550 0.0200593
113560 0
113560 -0.0894477
113570 0
113570 -0.0540293
113580 0
113580 -0.0481536
113590 0
113590 0.0375811
113600 0
113600 0.0116722
114000 -0.150216
114010 0
114020 0
114300 0
114310 0
114320 0
114320 -0.0131316
114330 0
114330 -0.0109555
114340 0
114340 -0.0381199
114350 0
114350 -0.0811542
114360 0
114360 0.0511139
114370 0
114370 -0.0158096
114380 0
114380 -0.0695732
114390 0
114390 0.0282452
114400 0
114400 0.0154699
115100 0
115100 0.0500384
115110 0
115110 -0.0930348
115120 0
115120 0.0757694
115130 0
115130 -0.101043
115140 0
115140 0.125892
115150 0
115150 -0.0166015
115160 0
115160 -0.0417225
115170 0
115170 -0.0052634
115180 0
115180 -0.0577306
115190 0
115190 0.0231278
115200 0
115200 0.0190591
115900 0
115910 0
115920 0
115920 -0.0239856
115930 0
115930 0.0234802
115940 0
115940 -0.111156
115950 0
115950 -0.0146191
115960 0
115960 -0.016632
115970 0
115970 0.00642527
115980 0
115980 -0.0619051
115990 0
115990 0.0193597
116000 0
116000 0.0257321
116720 0
116730 0
116740 0
116740 0.0122998
116750 0
116750 0.0280504
116760 0
116760 -0.101057
116770 0.00268331
116770 0.0203001
116780 0.00350709
116780 -0.0452076
116790 0.00411449
116790 0.0134584
116800 0.000410318
116800 0.0345333
117540 0
117550 0
117560 0
117560 0.0455249
117570 0.0022718
117570 0.00995876
117580 0.00356023
117580 -0.0178008
117590 0.0071181
117590 0.00845721
117600 0.00120817
117600 0.0461669
118360 0
118370 0
118380 0.0037863
118380 0.064395
118390 -0.000731011
118390 0.00857752
118400 0.00320258
118400 0.0589948
11860 0
11870 0
11880 0.0923674
11890 0
11900 0
119180 0
119190 0
119200 0.00337485
119200 0.0737457
119960 0
119970 0
119980 0.03115
119980 0.162672
119990 0.101677
119990 0.198003
120000 0.0401352
120000 -0.0587157
120740 0
120750 0
120760 0.0401224
120760 0.138308
120770 0.0555721
120770 0.182594
120780 0.0368866
120780 0.120916
120790 0
120800 0
121520 0
121530 0
121540 0.0480527
121540 0.135259
121550 0.0213566
121550 0.184201
121560 0.0387883
121560 0.116147
121570 0
121580 0
121840 0
121850 0
121860 0
121860 0.0120374
121870 0
121870 1.15748e-17
121880 0
121880 0.211465
121890 0
121890 -2.93687e-17
121900 0
121900 -0.0230539
122300 0
122310 0
122320 0.0641428
122330 -0.00301172
122340 0.042762
122350 0
122360 0
122620 0
122630 0
122640 0
122640 0.0135187
122650 0
122650 -0.0197068
122660 0
122660 0.10815
122670 0
122670 -0.122547
122680 0
122680 0.0587758
122690 0
122690 0.0327862
122700 0
122700 -0.0134208
123100 0.161651
123110 -0.0276214
123120 0.0517697
123130 0
123140 0
123400 0
123410 0
123420 0
123420 0.0150442
123430 0
123430 -0.0442258
123440 0
123440 0.0467534
123450 0
123450 -0.12444
123460 0
123460 -0.0251659
123470 0
123470 -0.034368
123480 0
123480 0.0534801
123490 0
123490 0.0277092
123500 0
123500 -0.012429
124200 0
124200 -0.0110665
124210 0
124210 -0.100944
124220 0
124220 -0.0303339
124230 0
124230 -0.0788037
124240 0
124240 -0.0727407
124250 0
124250 0.0184644
124260 0
124260 0.0281547
124270 0
124270 -0.0705919
124280 0
124280 0.037244
124290 0
124290 0.0392429
124300 0
124300 -0.0122884
125000 0
125010 0
125020 0
125020 0.0142387
125030 0
125030 -0.0203169
125040 0
125040 0.0691324
125050 0
125050 -0.132661
125060 0
125060 0.0249033
125070 0
125070 -0.0249056
125080 0
125080 0.0260004
125090 0
125090 0.0459978
125100 0
125100 -0.0127587
125820 0
125830 0
125840 0
125840 -0.00854863
125850 0
125850 0.0640575
125860 0
125860 0.0318301
125870 0
125870 -0.0135126
125880 0.001082
125880 0.0138351
125890 0.00119946
125890 0.0583449
125900 0
125900 -0.0135923
12640 0
12650 0
12660 0.0736808
126640 0
126650 0
126660 0
126660 -0.0166662
126670 0
126670 0.0908908
126680 0.000874692
126680 -0.0045573
126690 0.00249035
126690 0.0656052
12670 0
126700 0
126700 -0.0137921
12680 0
127460 0
127470 0
127480 0.00021362
127480 -0.0148814
127490 0.00268495
127490 0.0655987
127500 0.00158672
127500 -0.0133254
128280 0
128290 0
128300 0.00112432
128300 -0.0123675
129060 0
129070 0
129080 -0.0135287
129080 0.118309
129090 -0.0243339
129090 0.243339
129100 0.0179307
129100 0.0211822
129840 0
129850 0
129860 0.00253075
129860 0.105266
129870 0.00619802
129870 0.225608
129880 0.0801222
129880 0.180282
129890 0.00385979
129890 0.144742
129900 0.0433675
129900 -0.0956087
130620 0
130630 0
130640 0.0121419
130640 0.1076
130650 0.0291632
130650 0.233305
130660 0.0867933
130660 0.221805
130670 0.0181711
130670 0.148076
130680 -0.024463
130680 0.077999
130690 0
130700 0
131400 0
131410 0
131420 0.0247861
131420 0.139922
131430 0.0526937
131430 0.272602
131440 0.0831061
131440 0.26806
131450 0.0284209
131450 0.16421
131460 -0.0120913
131460 0.0806267
131470 0
131480 0
131720 0
131730 0
131740 0
131740 9.7131e-17
131750 0
131750 0.0356509
131760 0
131760 -5.77218e-17
131770 0
131770 0.215063
131780 0
131780 5.75779e-18
131790 0
131790 -0.0552169
131800 0
131800 6.54299e-18
132200 0.104645
132210 0.112927
132220 0.0929756
132230 0.0361654
132240 -0.00936001
132250 0
132260 0
132500 0
132510 0
132520 0
132520 -0.00866913
132530 0
132530 0.0568981
132540 0
132540 -0.0441988
132550 0
132550 0.156576
132560 0
132560 -0.110575
132570 0
132570 0.0447298
132580 0
132580 0.0577093
132590 0
132590 -0.0334445
132600 0
132600 -0.00704334
133000 0
133010 0
133020 -0.0272426
133030 0
133040 0
133300 0
133300 -0.14096
133310 0
133310 0.120183
133320 0
133320 -0.151305
133330 0
133330 0.0981927
133340 0
133340 -0.141522
133350 0
133350 -0.00233239
133360 0
133360 0.0160169
133370 0
133370 0.0525609
133380 0
133380 0.0434219
133390 0
133390 -0.0329322
133400 0
133400 -0.00939481
134100 0
134110 0
134120 0
134120 0.0154076
134130 0
134130 0.0087409
134140 0
134140 0.0476092
134150 0
134150 0.0862014
134160 0
134160 -0.0383211
134170 0
134170 0.0158399
134180 0
134180 0.0655748
134190 0
134190 -0.0315698
13420 0
134200 0
134200 -0.0154022
13430 0
13440 0.069742
13450 0
13460 0
134920 0
134930 0
134940 0
134940 0.00386965
134950 0
134950 -0.0411619
134960 0
134960 0.113071
134970 0
134970 -0.00644856
134980 0
134980 0.0574315
134990 0
134990 -0.0302737
135000 0
135000 -0.0229436
135740 0
135750 0
135760 0
135760 -0.0291167
135770 0
135770 -0.0376382
135780 0
135780 0.0528922
135790 0
135790 -0.0273418
135800 0
135800 -0.0352417
136560 0
136570 0
136580 0
136580 -0.0596428
136590 0
136590 -0.0178614
136600 0.0012118
136600 -0.0527292
137380 0
137390 0
137400 0.00107253
137400 -0.0876965
138160 0
138170 0
138180 -0.0258073
138180 0.0504415
138190 -0.0642381
138190 0.174361
138200 0.0107846
138200 -0.013456
138940 0
138950 0
138960 -0.0352508
138960 0.0473346
138970 -0.036683
138970 0.160567
138980 -0.0577802
138980 0.181401
138990 -0.0249649
138990 0.115552
139000 -0.000614197
139000 0.0390118
139720 0
139730 0
139740 -0.0416396
139740 0.0537761
139750 -0.0148592
139750 0.170503
139760 -0.0472785
139760 0.242269
139770 0.0381359
139770 0.169475
139780 -0.0280618
139780 0.108964
139790 -0.0657772
139790 0.0786585
139800 -0.0217205
139800 0.0670135
140500 0
140510 0
140520 -0.0540579
140520 0.0857424
140530 0.00667364
140530 0.212106
140540 -0.0331485
140540 0.306844
140550 0.069399
140550 0.226926
140560 -0.02389
140560 0.146882
140570 -0.0552923
140570 0.0806456
140580 -0.0246464
140580 0.0567579
140590 0
140600 0
141300 -0.130986
141300 0.412422
141310 0.0667192
141310 0.438795
141320 -0.0221827
141320 0.470164
141330 0.090393
141330 0.301712
141340 -0.021264
141340 0.178133
141350 -0.0542776
141350 0.0903519
141360 -0.0269988
141360 0.0546243
141370 0
141380 0
141600 0
141610 0
141620 0
141620 0.016478
141630 0
141630 6.21284e-16
141640 0
141640 0.0826944
141650 0
141650 3.43361e-16
141660 0
141660 0.201704
141670 0
141670 -1.98726e-17
141680 0
141680 -0.101584
141690 0
141690 -3.3566e-17
141700 0
141700 0.0118285
14200 0
14210 0
142100 0
142110 0
142120 -0.0449079
142130 -0.0895591
142140 -0.0299387
142150 0
142160 0
14220 0.0805311
14230 0
14240 0
142400 0
142400 0.189895
142410 0
142410 -0.0717735
142420 0
142420 0.202292
142430 0
142430 -0.0834773
142440 0
142440 0.18625
142450 0
142450 -0.0733364
142460 0
142460 -0.0178877
142470 0
142470 0.0866931
142480 0
142480 -0.0554054
142490 0
142490 -0.0224228
142500 0
142500 0.0113069
143200 0
143210 0
143220 0
143220 -0.0178683
143230 0
143230 0.0444239
143240 0
143240 -0.0569315
143250 0
143250 0.124998
143260 0
143260 0.0197724
143270 0
143270 0.034522
143280 0
143280 -0.0562378
143290 0
143290 -0.0278333
143300 0
143300 0.013576
144020 0
144030 0
144040 0
144040 -0.00159523
144050 0
144050 -0.0254314
144060 0
144060 -0.0806327
144070 0
144070 0.0638288
144080 0
144080 -0.0413885
144090 0
144090 -0.046717
144100 0
144100 0.0165324
144840 0
144850 0
144860 0
144860 0.0194619
144870 0
144870 -0.0837452
144880 0
144880 -0.0217957
144890 0
144890 -0.0611069
144900 0
144900 0.0203935
145660 0
145670 0
145680 0
145680 0.0290838
145690 0
145690 -0.0838341
145700 0.000407186
145700 0.0255071
146480 0
146490 0
146500 0.000404199
146500 0.0341938
147260 0
147270 0
147280 0.0100028
147280 0.0202788
147290 0.0327402
147290 0.074147
147300 -0.00408088
147300 0.00451288
148040 0
148050 0
148060 0.00820874
148060 0.0114211
148070 -0.00999522
148070 0.0669679
148080 -0.0501494
148080 0.120323
148090 -0.00702713
148090 0.0547112
148100 0.0182941
148100 0.0330914
148820 0
148830 0
148840 0.00180373
148840 0.0178662
148850 -0.0408702
148850 0.075593
148860 -0.0518802
148860 0.165734
148870 -0.0559986
148870 0.137608
148880 -0.0172266
148880 0.0858904
148890 0.00355862
148890 0.0702563
148900 0.0236996
148900 0.0485001
149600 0
149610 0
149620 -0.00407162
149620 0.0403554
149630 -0.0758798
149630 0.109765
149640 -0.0421708
149640 0.218455
149650 -0.0772102
149650 0.212602
149660 0.00723238
149660 0.143844
149670 -0.0190169
149670 0.0825795
149680 -0.0413909
149680 0.0568048
149690 0.00429096
149690 0.0597654
149700 0.0615439
149700 0.0719818
15000 0.151635
15010 0
15020 0
150400 -0.0230518
150400 0.278975
150410 -0.189524
150410 0.31077
150420 -0.0254825
150420 0.365939
150430 -0.0943101
150430 0.311257
150440 0.0287793
150440 0.196632
150450 -0.0264123
150450 0.112823
150460 -0.0604183
150460 0.066173
150470 -0.00390033
150470 0.0578704
150480 0.0344414
150480 0.0453276
150490 0
150500 0
151200 0
151210 0
151220 -0.000173988
151220 0.183397
151230 -0.0121167
151230 0.117846
151240 0.0834144
151240 -0.0868266
151250 -0.00653531
151250 0.0585807
151260 0.0316112
151260 0.0420082
151270 0
151280 0
151500 0
151500 -2.81572e-16
151510 0
151510 0.14105
151520 0
151520 -8.56818e-17
151530 0
151530 0.162222
151540 0
151540 1.94292e-16
151550 0
151550 0.139623
151560 0
151560 -2.15355e-16
151570 0
151570 -0.160114
151580 0
151580 -5.69813e-17
151590 0
151590 0.0397422
151600 0
151600 -2.50303e-18
152020 0
152030 0
152040 0.0595415
152050 0
152060 0
152300 0
152310 0
152320 0
152320 0.00812676
152330 0
152330 -0.0606954
152340 0
152340 0.0414336
152350 0
152350 -0.167025
152360 0
152360 0.103657
152370 0
152370 -0.0477151
152380 0
152380 -0.0540988
152390 0
152390 0.0356765
152400 0
152400 0.00660269
153120 0
153130 0
153140 0
153140 -0.010963
153150 0
153150 0.029511
153160 0
153160 -0.0902619
153170 0
153170 -0.0496046
153180 0
153180 -0.0485917
153190 0
153190 0.0432457
153200 0
153200 0.0117784
153940 0
153950 0
153960 0
153960 0.0110057
153970 0
153970 0.0644891
153980 0
153980 -0.0843937
153990 0
153990 0.0472087
154000 0
154000 0.0236149
154760 0
154770 0
154780 0
154780 0.0484976
154790 0
154790 0.0479928
154800 0
154800 0.0423025
155580 0
155590 0
155600 0
155600 0.0937254
156360 0
156370 0
156380 0
156380 0.0210494
156390 0.0149254
156390 0.0528129
156400 0.00107935
156400 0.0350078
157140 0
157150 0
157160 0.00135863
157160 0.0298376
157170 0.0130336
157170 0.0349833
157180 0.0494021
157180 0.0643714
157190 0.014557
157190 0.0250045
157200 0.0145355
157200 0.0206026
157920 0
157930 0
157940 0.00460549
157940 0.0325517
157950 0.0188387
157950 0.0204651
157960 0.0372519
157960 0.0681705
157970 -0.0268649
157970 0.0811837
157980 0.0241149
157980 0.042237
157990 0.0351423
157990 0.056912
158000 0.0154893
158000 0.0283851
158700 0
158710 0
158720 0.0148
158720 0.0346766
158730 0.00630792
158730 0.0401291
158740 -0.000558653
158740 0.0967215
158750 -0.0494308
158750 0.135383
158760 -0.0124215
158760 0.100507
158770 0.00832345
158770 0.0581021
158780 0.034485
158780 0.054548
158790 0.0318624
158790 0.0638751
158800 0.0128483
158800 0.0355858
159500 0.0124775
159500 0.136972
159510 -0.0322251
159510 0.184407
159520 -0.0683371
159520 0.194665
159530 -0.0617976
159530 0.214758
159540 -0.0385324
159540 0.154753
159550 0.0128568
159550 0.0898709
159560 0.0302102
159560 0.0541359
159570 -0.00455235
159570 0.0568655
159580 0.0259438
159580 0.032599
159590 0.0514299
159590 0.0526612
159600 0.010991
159600 0.0514138
160300 0
160310 0
160320 0.0495476
160320 0.0931918
160330 0.0363658
160330 0.0977681
160340 0.0539624
160340 0.0948498
160350 -0.0257503
160350 0.0707382
160360 0.0275293
160360 0.0358493
160370 0.0512966
160370 0.0536708
160380 0.012778
160380 0.0297566
160390 0
160400 0
161120 0
161130 0
161140 0.0146686
161140 0.10835
161150 0.067861
161150 0.0771951
161160 0.0118406
161160 0.0358179
161170 0
161180 0
162220 0
162230 0
162240 0
162240 0.0153917
162250 0
162250 -0.0173086
162260 0
162260 0.123135
162270 0
162270 -0.107634
162280 0
162280 0.066919
162290 0
162290 0.0287965
162300 0
162300 -0.0152803
163040 0
163050 0
163060 0
163060 -0.0126016
163070 0
163070 0.0582189
163080 0
163080 0.0770589
163090 0
163090 0.0427227
163100 0
163100 -0.023095
163860 0
163870 0
163880 0
163880 -0.0400072
163890 0
163890 0.0950604
163900 0
163900 -0.034761
164680 0
164690 0
164700 0
164700 -0.0621033
165460 0
165470 0
165480 0
165480 -0.0253213
165490 0
165490 -0.0428125
165500 0
165500 -0.00610457
166240 0
166250 0
166260 0.000279524
166260 -0.0146346
166270 0
166270 0.0134271
166280 0.00980027
166280 0.0347434
166290 0.0015576
166290 0.0096917
166300 0.00842909
166300 -0.0136982
167020 0
167030 0
167040 0.000936588
167040 -0.00868387
167050 0.00258176
167050 0.0478487
167060 0.0132388
167060 0.0387265
167070 0.0317759
167070 0.0763009
167080 0.0123286
167080 0.0153709
167090 0.000127704
167090 0.0388197
167100 0.0108489
167100 -0.0147021
167800 0
167810 0
167820 0.00350365
167820 -0.00422744
167830 0.0111455
167830 0.0823052
167840 0.0244143
167840 0.0317237
167850 0.0535887
167850 0.0881576
167860 -0.0107406
167860 0.0535768
167870 0.0281189
167870 0.0332468
167880 0.0297674
167880 0.0540552
167890 0.00184857
167890 0.0470098
167900 0.0137761
167900 -0.0205303
168600 -0.0011597
168600 0.0457662
168610 0.0935732
168610 0.183701
168620 0.0128025
168620 0.0729728
168630 0.0811877
168630 0.0946462
168640 -0.0338743
168640 0.0870787
168650 0.0288328
168650 0.047421
168660 0.0318542
168660 0.0373099
168670 0.0363563
168670 0.0538937
168680 0.017481
168680 0.0367928
168690 -0.00643212
168690 0.0453438
168700 0.0178154
168700 -0.0274408
169400 0
169410 0
169420 -0.00298983
169420 0.0339291
169430 0.0446863
169430 0.0556326
169440 0.0594405
169440 0.100487
169450 0.0578204
169450 0.0848682
169460 0.00964726
169460 0.0289648
169470 0.0073383
169470 0.0471833
169480 0.0163886
169480 0.0304469
169490 -0.0105403
169490 0.0354414
169500 0.0324036
169500 -0.057056
170220 0
170230 0
170240 -0.0258816
170240 0.105921
170250 -0.0150242
170250 0.105971
170260 0.0307262
170260 0.0638175
170270 -0.00936134
170270 0.0373113
170280 0.0195161
170280 -0.0395361
170290 0
170300 0
171040 0
171050 0
171060 0.0250966
171060 -0.0498526
171070 0
171080 0
172140 0
172150 0
172160 0
172160 0.00563281
172170 0
172170 -0.0815652
172180 0
172180 0.102543
172190 0
172190 -0.0599679
172200 0
172200 -0.0117178
172960 0
172970 0
172980 0
172980 -0.0305306
172990 0
172990 -0.095557
173000 0
173000 -0.0264504
173780 0
173790 0
173800 0
173800 -0.0932738
174560 0
174570 0
174580 0
174580 -0.016577
174590 0
174590 -0.0453846
174600 0
174600 -0.046079
175340 0
175350 0
175360 0
175360 -0.0236281
175370 0
175370 -0.0392962
175380 0
175380 -0.0699562
175390 0
175390 -0.0285463
175400 0.00177468
175400 -0.0158342
176120 0
176130 0
176140 0
176140 -0.0215571
176150 0.000489711
176150 -0.030823
176160 0
176160 -0.0210019
176170 0.0062686
176170 0.0118455
176180 0.00166572
176180 -0.0146651
176190 0.0181208
176190 -0.0314134
176200 0.00207308
176200 -0.0136033
176900 0
176910 0
176920 0.000265129
176920 -0.0118217
176930 0.0020708
176930 -0.0230483
176940 0.00322208
176940 0.0397073
176950 0.0101218
176950 0.029184
176960 0.0204556
176960 0.050325
176970 -0.00724637
176970 0.00874688
176980 -0.0301607
176980 0.0429926
176990 0.0214707
176990 -0.0270411
177000 0.00317237
177000 -0.0104606
177700 0.00811
177700 0.113858
177710 -0.0106147
177710 0.0370106
177720 0.0188201
177720 0.155099
177730 0.0238757
177730 0.0342395
177740 0.0313788
177740 0.088862
177750 0.0160512
177750 -0.0162802
177760 -0.0090277
177760 0.0210914
177770 0.00887417
177770 0.0573978
177780 -0.0250426
177780 0.0332853
177790 0.023262
177790 -0.0331127
177800 0.0046294
177800 -0.00931332
178500 0
178510 0
178520 0.016764
178520 -0.0385808
178530 -0.0277189
178530 0.0328667
178540 -0.0322428
178540 0.0817267
178550 0.0313428
178550 0.10975
178560 -0.00817129
178560 0.0181042
178570 -0.0162953
178570 0.0432243
178580 -0.0297669
178580 0.0371619
178590 0.0237508
178590 -0.0342212
178600 -0.00552923
178600 0.0100711
179320 0
179330 0
179340 -0.0219317
179340 0.0663373
179350 -0.0526629
179350 0.111905
179360 -0.043281
179360 0.0918612
179370 -0.0211721
179370 0.042097
179380 -0.0182559
179380 0.0302905
179390 0.0199899
179390 -0.038682
179400 0.000113626
179400 0.0378877
180140 0
180150 0
180160 -0.000443186
180160 0.0462733
180170 0.0174023
180170 -0.0443721
180180 -0.000407465
180180 0.0253481
180190 0
180200 0
182060 0
182070 0
182080 0
182080 0.0442235
182090 0
182090 -0.0937448
182100 0
182100 0.0382284
182880 0
182890 0
182900 0
182900 0.101191
183660 0
183670 0
183680 0
183680 0.0308934
183690 0
183690 0.0576876
183700 0
183700 0.0213566
184440 0
184450 0
184460 0
184460 0.0184916
184470 0
184470 -0.0160719
184480 0
184480 -0.0234546
184490 0
184490 -0.0117273
184500 0
184500 0.0163882
185220 0
185230 0
185240 0
185240 0.00992424
185250 0
185250 -0.0486073
185260 0
185260 -0.0394493
185270 0
185270 -0.0894783
185280 0
185280 -0.0172848
185290 0.00103698
185290 0.00420402
185300 0
185300 0.014853
186000 0
186010 0
186020 0
186020 0.00110107
186030 0
186030 -0.0698347
186040 0.000482155
186040 -0.0440227
186050 0
186050 -0.0739432
186060 -0.000458618
186060 0.00418569
186070 0.00140999
186070 -0.0318868
186080 0.0218099
186080 -0.0264209
186090 0.00466575
186090 -0.00487324
186100 0.000274011
186100 0.0168124
186800 0
186800 -0.0370518
186810 0.00826274
186810 -0.0974472
186820 0.00264257
186820 -0.0464895
186830 0.00257884
186830 -0.0154046
186840 0.0053769
186840 0.0156105
186850 0.00285309
186850 -0.00340212
186860 0.00823941
186860 -0.0266768
186870 0.0513633
186870 -0.05215
186880 0.0176375
186880 -0.0182947
186890 0.00199836
186890 0.00652024
186900 0.000598709
186900 0.018714
187600 0
187610 0
187620 0.00609202
187620 0.00961359
187630 0.0269577
187630 -0.0644275
187640 0.0419143
187640 -0.0463649
187650 -0.0839099
187650 0.107415
187660 -0.00392179
187660 0.00690759
187670 -0.0259162
187670 0.0361695
187680 -0.0217496
187680 0.0281908
187690 0.00624027
187690 0.0102006
187700 0.0025903
187700 0.024416
188420 0
188430 0
188440 0.0189651
188440 0.0234569
188450 0.00268304
188450 0.0804382
188460 -0.038393
188460 0.0818323
188470 -0.0135015
188470 0.0445969
188480 -0.00699039
188480 0.0328001
188490 0.0132739
188490 0.0194301
188500 0.0203188
188500 0.0325749
189240 0
189250 0
189260 0.0347717
189260 0.0515276
189270 0.0211543
189270 0.0228346
189280 0.0096988
189280 0.0321862
189290 0.0131738
189290 0.0190289
189300 0.0517978
189300 0.0540419
190060 0
190070 0
190080 0.032804
190080 0.0385902
190090 0
190100 0
191980 0
191990 0
192000 0
192000 0.0829874
192760 0
192770 0
192780 0
192780 0.0118407
192790 0
192790 0.0368433
192800 0
192800 0.0539215
193540 0
193550 0
193560 0
193560 0.0160715
193570 0
193570 0.0501529
193580 0
193580 0.0776957
193590 0
193590 0.036714
193600 0
193600 0.00955673
19400 0
194320 0
194330 0
194340 0
194340 0.00945641
194350 0
194350 0.0427485
194360 0
194360 0.00145834
194370 0
194370 0.00526573
194380 0
194380 0.00258993
194390 0
194390 0.0320587
194400 0
194400 0.00895202
195100 0
195110 0
195120 0
195120 -0.00874309
195130 0
195130 0.0321247
195140 0
195140 -0.0717769
195150 0
195150 -0.0217783
195160 0
195160 -0.0836319
195170 0
195170 0.00858259
195180 0.00527927
195180 0.0264975
195190 0
195190 0.0272729
195200 0
195200 0.00610005
195900 0
195900 -0.183315
195910 0
195910 0.00793085
195920 0
195920 -0.190033
195930 0
195930 -0.0418125
195940 0
195940 -0.107432
195950 0
195950 0.0128017
195960 0.00162328
195960 -0.00749172
195970 -0.00547453
195970 0.0294128
195980 0.00418216
195980 0.0171907
195990 0.000680493
195990 0.0298797
196000 0
196000 0.00653531
196700 0
196710 0
196720 0.00258445
196720 0.0191339
196730 0.0172079
196730 0.0331573
196740 -0.00569331
196740 0.0101328
196750 -0.023218
196750 0.0630961
196760 0.00114108
196760 -0.0268863
196770 0.0114066
196770 0.0200411
196780 0.0121402
196780 0.0306415
196790 0.00301276
196790 0.0298638
196800 0.000368457
196800 0.00471382
197520 0
197530 0
197540 0.0033701
197540 0.0227666
197550 0.0348581
197550 0.044303
197560 0.0421233
197560 0.0521558
197570 0.0094548
197570 0.0348287
197580 0.0242886
197580 0.0276246
197590 0.0199869
197590 0.0341209
197600 0.0018934
197600 0.0109479
198340 0
198350 0
198360 0.00435545
198360 0.0310884
198370 0.0245332
198370 0.0467682
198380 0.0209169
198380 0.0268178
198390 0.0301523
198390 0.0318284
198400 -0.00338003
198400 0.0298316
199160 0
199170 0
199180 -0.00789917
199180 0.0366276
199190 0.0191915
199190 0.0220878
199200 -0.00947762
199200 0.0486046
20180 0
20190 0
20200 -0.101389
20200 0.202779
202640 0
202650 0
202660 0
202660 -0.0191887
202670 0
202670 0.0167004
202680 0
202680 0.013806
202690 0
202690 0.0122552
202700 0
202700 -0.0181514
203420 0
203430 0
203440 0
203440 -0.00425683
203450 0
203450 0.0405237
203460 0
203460 0.0580915
203470 0
203470 0.0968206
203480 0
203480 0.0287917
203490 0
203490 -0.00801968
203500 0
203500 -0.0155979
204200 0
204210 0
204220 0
204220 0.0121899
204230 0
204230 0.038974
204240 0
204240 0.0746159
204250 0
204250 0.0378403
204260 0
204260 0.0254476
204270 0
204270 0.0182708
204280 0
204280 0.0282746
204290 0
204290 0.00495499
204300 0
204300 -0.0155172
205000 0
205000 0.0992276
205010 0
205010 -0.0337729
205020 0
205020 0.0909445
205030 0
205030 -0.0748429
205040 0
205040 0.005693
205050 0
205050 -0.0370816
205060 0
205060 0.0317705
205070 0.00799852
205070 0.0593699
205080 0
205080 0.0210105
205090 0
205090 -0.00179814
205100 0
205100 -0.0161067
205800 0
205810 0
205820 0
205820 -0.00187007
205830 0.00500575
205830 0.0645143
205840 0
205840 0.0522251
205850 0.0169063
205850 0.0842833
205860 0
205860 0.0089072
205870 0.00516749
205870 0.0309073
205880 0.00239923
205880 0.0233819
205890 0.000542389
205890 -0.0028212
205900 0
205900 -0.0191401
206620 0
206630 0
206640 0
206640 -0.0166205
206650 0.00678151
206650 0.0111246
206660 0.00992415
206660 0.0380979
206670 0.0164647
206670 0.039548
206680 0.0132001
206680 0.0145266
206690 -0.0116722
206690 0.017173
206700 0.00439066
206700 -0.0231267
207440 0
207450 0
207460 0.00815501
207460 -0.0285395
207470 0.0185687
207470 -0.0249078
207480 0.00641392
207480 0.015563
207490 -0.0175114
207490 0.0309728
207500 0.0129202
207500 -0.0299943
208260 0
208270 0
208280 0.0211068
208280 -0.0388414
208290 -0.0192579
208290 0.0264352
208300 0.0220568
208300 -0.0372108
209080 0
209090 0
209100 0.0222642
209100 -0.038747
20960 0
20970 0
20980 -0.0573145
20980 0.114629
209860 0
209870 0
209880 -0.026328
209880 0.145211
209890 0
209900 0
20990 0.118157
21000 -0.0675179
21000 0.135036
210640 0
210650 0
210660 -0.0407356
210660 0.12844
210670 0
210680 0
211420 0
211430 0
211440 -0.0428362
211450 0
211460 0
212200 0
212210 0
212220 -0.0481816
212230 0
212240 0
212520 0
212530 0
212540 0
212540 0.00207762
212550 0
212550 -0.0508279
212560 0
212560 0.0171058
212570 0
212570 -0.0207772
212580 0
212580 0.00920863
212590 0
212590 -0.031679
212600 0
212600 -0.00223216
213000 -0.0878014
213010 0
213020 0
213300 0
213310 0
213320 0
213320 0.0197967
213330 0
213330 -0.0178373
213340 0
213340 0.0815413
213350 0
213350 0.04703
213360 0
213360 0.103769
213370 0
213370 0.00120324
213380 0
213380 -0.0292134
213390 0
213390 -0.0294625
213400 0
213400 -0.000364445
214100 0
214100 0.149188
214110 0
214110 0.0755784
214120 0
214120 0.13982
214130 0
214130 0.104257
214140 0
214140 0.0780854
214150 0
214150 0.0118127
214160 0
214160 0.011439
214170 0
214170 0.00243265
214180 0
214180 -0.00785585
214190 0
214190 -0.0296919
214200 0
214200 -0.00301932
214900 0
214910 0
214920 0
214920 0.00177742
214930 0
214930 -0.0373348
214940 0
214940 0.0444045
214950 0
214950 0.0192484
214960 0
214960 0.064931
214970 0
214970 -0.0106848
214980 0
214980 -0.0292187
214990 0
214990 -0.0290161
215000 0
215000 -0.00217542
215720 0
215730 0
215740 0
215740 -0.0188437
215750 0
215750 -0.0436581
215760 0
215760 -0.0487658
215770 0.00359628
215770 -0.00742449
215780 0.00710468
215780 -0.0272307
215790 0.00969794
215790 -0.0327129
215800 0.000939668
215800 -0.00128787
216540 0
216550 0
216560 0
216560 -0.00680147
216570 0.00884677
216570 -0.04617
216580 0.00649978
216580 -0.0385499
216590 0.0185855
216590 -0.0330004
216600 0.00291629
216600 0.00303085
217360 0
217370 0
217380 0.0057586
217380 0.0100746
217390 0.0179766
217390 -0.0338406
21740 0
217400 0.00826055
217400 0.00963551
21750 0
21760 -0.0441455
21760 0.0882909
21770 0.119377
21780 -0.0405851
21780 0.0811703
21790 0
21800 0
218180 0
218190 0
218200 0.00806502
218200 0.0179495
218960 0
218970 0
218980 -0.0195033
218980 0.171904
218990 0.085822
218990 0.22845
219000 0.0269474
219000 -0.0672227
219740 0
219750 0
219760 -0.0162447
219760 0.161721
219770 0.00824133
219770 0.195801
219780 -0.0149346
219780 0.140056
219790 0
219800 0
220520 0
220530 0
220540 -0.0206713
220540 0.173977
220550 -0.0337031
220550 0.202602
220560 -0.016686
220560 0.149877
220570 0
220580 0
221300 0
221310 0
221320 -0.0309815
221330 -0.0615973
221340 -0.0206544
221350 0
221360 0
222100 -0.0839637
222110 -0.109369
222120 -0.0268899
222130 0
222140 0
222400 0
222410 0
222420 0
222420 -0.0306488
222430 0
222430 0.00419066
222440 0
222440 -0.110104
222450 0
222450 0.0117912
222460 0
222460 -0.0559844
222470 0
222470 0.00325658
222480 0
222480 -0.031762
222490 0
222490 -0.00262559
222500 0
222500 0.0127464
223200 0
223200 -0.0987196
223210 0
223210 0.138997
223220 0
223220 -0.0728431
223230 0
223230 0.140298
223240 0
223240 0.0119689
223250 0
223250 0.0732232
223260 0
223260 -0.0357457
223270 0
223270 -0.0643244
223280 0
223280 -0.0300328
223290 0
223290 0.00672936
223300 0
223300 0.0137401
224000 0
224010 0
224020 0
224020 -0.0115742
224030 0
224030 -0.0429965
224040 0
224040 -0.0772129
224050 0
224050 -0.0583999
224060 0
224060 -0.0284031
224070 0
224070 -0.0224248
224080 0
224080 -0.0271754
224090 0
224090 0.00169772
224100 0
224100 0.0161613
224820 0
224830 0
224840 0
224840 0.0136368
224850 0
224850 -0.0219815
224860 0
224860 -0.0405057
224870 0
224870 -0.0646687
224880 0.00201144
224880 -0.0170387
224890 0.00268208
224890 0.0114652
224900 0
224900 0.0192419
22520 0
22530 0
22540 -0.0407785
22540 0.0815571
22550 0.122336
22560 -0.0329168
22560 0.0658336
225640 0
225650 0
225660 0
225660 0.0250483
225670 0.00206921
225670 0.0246378
225680 0.00154261
225680 -0.0132857
225690 0.00510171
225690 0.0177837
22570 0
225700 0.000126962
225700 0.0249489
22580 0
226460 0
226470 0
226480 0.000363644
226480 0.0364799
226490 0.00517092
226490 0.0334412
226500 0.00439194
226500 0.0318526
227280 0
227290 0
227300 0.00313921
227300 0.0478749
228060 0
228070 0
228080 0.0154378
228080 0.120222
228090 -0.0474722
228090 0.262305
228100 0.0230304
228100 0.0391658
228840 0
228850 0
228860 0.0222527
228860 0.11676
228870 -0.0181498
228870 0.223851
228880 0.0933745
228880 0.188695
228890 -0.0113027
228890 0.161263
228900 0.0602994
228900 -0.0664562
229620 0
229630 0
229640 0.0235267
229640 0.129279
229650 -0.00800592
229650 0.237737
229660 0.0616411
229660 0.244096
229670 -0.0049884
229670 0.156856
229680 -0.00212676
229680 0.0943381
229690 0
229700 0
230400 0
230410 0
230420 0.0262443
230420 0.18667
230430 -0.00753291
230430 0.27688
230440 0.028522
230440 0.301385
230450 -0.00406296
230450 0.183877
230460 0.0089378
230460 0.107739
230470 0
230480 0
231200 0.0496685
231210 -0.0161962
231220 0.00442508
231230 -0.00518696
231240 0.0147792
231250 0
231260 0
232000 0
232010 0
232020 0.0248679
232030 0
232040 0
232300 0
232300 -1.80102e-16
232310 0
232310 -0.232413
232320 0
232320 -7.20408e-17
232330 0
232330 -0.210359
232340 0
232340 9.90561e-17
232350 0
232350 -0.0566636
232360 0
232360 -9.68048e-17
232370 0
232370 -0.00329733
232380 0
232380 -2.25127e-17
232390 0
232390 0.028194
232400 0
232400 5.62819e-19
23300 0
23310 0
233100 0
233110 0
233120 0
233120 -0.0157383
233130 0
233130 0.021853
233140 0
233140 -0.0664891
233150 0
233150 -0.0424804
233160 0
233160 -0.0949963
233170 0
233170 0.00080236
233180 0
233180 0.0324948
233190 0
233190 0.0297206
233200 0
233200 -0.00129731
23320 -0.0471542
23330 0.139484
23340 -0.0314361
23350 0
23360 0
233920 0
233930 0
233940 0
233940 0.0113815
233950 0
233950 0.0476253
233960 0
233960 0.0360824
233970 0
233970 0.0126022
233980 0
233980 0.0203216
233990 0
233990 0.0328077
234000 0
234000 -0.00030255
234740 0
234750 0
234760 0
234760 0.00797342
234770 0
234770 0.0461293
234780 0
234780 0.0565265
234790 0
234790 0.0335101
234800 0
234800 -0.0039594
235560 0
235570 0
235580 0
235580 -0.0116257
235590 0
235590 0.0391391
235600 0.00292361
235600 -0.0109461
236380 0
236390 0
236400 0.00250715
236400 -0.0268463
237160 0
237170 0
237180 0.0197051
237180 0.0497777
237190 -0.0414561
237190 0.177237
237200 -0.0163798
237200 0.0172085
237940 0
237950 0
237960 0.0144871
237960 0.0500211
237970 0.00395274
237970 0.147373
237980 -0.0297105
237980 0.169571
237990 0.00269006
237990 0.129405
238000 0.0130205
238000 0.0522466
238720 0
238730 0
238740 0.0181769
238740 0.0589842
238750 0.0298265
238750 0.161056
238760 -0.0121852
238760 0.239085
238770 0.0744997
238770 0.162269
238780 0.00604267
238780 0.106555
238790 -0.0558387
238790 0.100832
238800 0.0111003
238800 0.0860917
239500 0
239510 0
239520 0.0283844
239520 0.0968815
239530 0.0532289
239530 0.196316
239540 0.00503161
239540 0.300149
239550 0.086605
239550 0.22183
239560 0.00958837
239560 0.155897
239570 -0.0306746
239570 0.0907768
239580 0.0180902
239580 0.0631007
239590 0
239600 0
240300 0.0889448
240300 0.363457
240310 0.125884
240310 0.384887
240320 0.0215293
240320 0.474618
240330 0.0861893
240330 0.303683
240340 0.0147837
240340 0.192165
240350 -0.0196442
240350 0.102196
240360 0.0156377
240360 0.0722939
240370 0
240380 0
24100 -0.110739
241100 0
24110 0.214444
241110 0
241120 0.022808
241130 -0.0329862
241140 0.0152054
241150 0
241160 0
24120 -0.0354647
24130 0
24140 0
243020 0
243030 0
243040 0
243040 -0.00631331
243050 0
243050 0.0263556
243060 0
243060 0.0546284
243070 0
243070 0.0879677
243080 0
243080 0.0266366
243090 0
243090 -0.0155989
243100 0
243100 -0.0162438
243840 0
243850 0
243860 0
243860 -0.022498
243870 0
243870 -0.0218322
243880 0
243880 0.0153939
243890 0
243890 -0.0159304
243900 0
243900 -0.0218153
244660 0
244670 0
244680 0
244680 -0.0338335
244690 0
244690 -0.0496075
244700 0.000901228
244700 -0.0284611
245480 0
245490 0
245500 0.000854674
245500 -0.0504509
246260 0
246270 0
246280 0.00970603
246280 -0.0221138
246290 0.0640329
246290 0.0712386
246300 0.00815699
246300 -0.0382897
247040 0
247050 0
247060 0.0109987
247060 -0.0235149
247070 0.0229596
247070 0.0565234
247080 -0.0626232
247080 0.0987269
247090 0.0161417
247090 0.065298
247100 -0.0133991
247100 0.0384788
247820 0
247830 0
247840 0.0156016
247840 -0.0226508
247850 0.0105594
247850 0.0662054
247860 -0.0308984
247860 0.148044
247870 -0.0237729
247870 0.113687
247880 -0.0180078
247880 0.0804366
247890 0.029151
247890 0.0974561
247900 -0.0119289
247900 0.0520269
248600 0
248610 0
248620 -0.0215398
248620 0.0394252
248630 0.011727
248630 0.0930301
248640 0.00513675
248640 0.194328
248650 -0.0210418
248650 0.181815
248660 0.028835
248660 0.13932
248670 0.0132472
248670 0.0779049
248680 0.0585567
248680 -0.0646506
248690 0.0207313
248690 0.0799007
248700 0.0271773
248700 0.0912069
249400 0.00605611
249400 0.254466
249410 0.0288935
249410 0.278101
249420 0.0617129
249420 0.342247
249430 -0.00872763
249430 0.276078
249440 0.0498615
249440 0.185608
249450 0.0133188
249450 0.104787
249460 -0.0703388
249460 0.0729656
249470 0.0152824
249470 0.0695179
249480 0.00837378
249480 0.0465155
249490 0
249500 0
250200 0
250210 0
250220 -0.0386439
250220 0.26627
250230 0.0227113
250230 0.168248
250240 -0.0927915
250240 0.121567
250250 0.0122496
250250 0.0819532
250260 0.0054071
250260 0.0612653
250270 0
250280 0
251020 0
251030 0
251040 0.0280225
251050 0
251060 0
252940 0
252950 0
252960 0
252960 -0.00791669
252970 0
252970 -0.0493904
252980 0
252980 -0.0783432
252990 0
252990 -0.0361558
253000 0
253000 0.00676495
253760 0
253770 0
253780 0
253780 0.0124455
253790 0
253790 -0.0404661
253800 0
253800 0.00280803
254580 0
254590 0
254600 0
254600 0.0252737
255360 0
255370 0
255380 0
255380 -0.0126299
255390 0.0103255
255390 0.0135316
255400 0.00185287
255400 0.0195444
256140 0
256150 0
256160 0.000770272
256160 -0.00807008
256170 0.0100112
256170 -0.0214133
256180 0.0342939
256180 0.0525201
256190 -0.0153053
256190 0.020785
256200 -0.00910395
256200 0.0206538
256920 0
256930 0
256940 0.00221965
256940 -0.0120465
256950 0.0150529
256950 -0.0396449
256960 0.0214139
256960 0.0548618
256970 0.0539857
256970 -0.0690588
256980 0.00558447
256980 0.0426115
256990 0.00706937
256990 0.0790741
257000 -0.0112955
257000 0.0254157
257700 0
257710 0
257720 0.0193671
257720 -0.0212784
257730 0.0349661
257730 -0.0580004
257740 -0.00448258
257740 0.0847679
257750 -0.0675466
257750 0.11277
257760 -0.0257433
257760 0.0886362
257770 -0.0195714
257770 0.050216
257780 0.0197348
257780 0.0670846
257790 0.00416724
257790 0.0787115
257800 -0.020481
257800 0.0427584
258500 -0.0807481
258500 0.18729
258510 -0.113442
258510 0.215583
258520 -0.0322698
258520 0.19492
258530 -0.0486222
258530 0.207105
258540 -0.0380613
258540 0.126934
258550 -0.00828055
258550 0.081545
258560 0.015962
258560 0.0588555
258570 -0.0466049
258570 0.064447
258580 0.00154833
258580 0.0445555
258590 0.0414266
258590 0.0738158
258600 -0.0330279
258600 0.0845933
259300 0
259310 0
259320 -0.0156836
259320 0.134461
259330 -0.0317317
259330 0.147172
259340 0.0249414
259340 0.135754
259350 -0.0738519
259350 0.105494
259360 0.00132394
259360 0.0629442
259370 0.0378165
259370 0.0720996
259380 -0.0215311
259380 0.0396961
259390 0
259400 0
260120 0
260130 0
260140 -0.0238594
260140 0.196387
260150 0.0663921
260150 0.124943
260160 -0.0192595
260160 0.0676442
260170 0
260180 0
262860 0
262870 0
262880 0
262880 0.0316739
262890 0
262890 0.0718423
262900 0
262900 -0.00653107
263680 0
263690 0
263700 0
263700 0.079537
264460 0
264470 0
264480 0
264480 0.0289572
264490 0
264490 -0.0730591
264500 0
264500 0.0372708
265240 0
265250 0
265260 0.000123208
265260 0.0243108
265270 0
265270 -0.0159709
265280 0.00534507
265280 0.0360926
265290 0.00343277
265290 -0.0115278
265300 0.00733045
265300 0.0173229
266020 0
266030 0
266040 0.000280586
266040 0.0203285
266050 0.00139553
266050 -0.00314662
266060 0.00202587
266060 0.00945472
266070 0.0148474
266070 0.0470609
266080 0.00574702
266080 0.0157574
266090 -0.0279527
266090 0.0504794
266100 0.0078836
266100 0.0160875
266800 0
266810 0
266820 0.0106292
266820 0.0138095
266830 -0.00805755
266830 0.0167151
266840 0.0254028
266840 -0.0361917
266850 0.0301623
266850 0.0605399
266860 0.0402477
266860 -0.0450584
266870 -0.00353855
266870 0.0278032
266880 0.0336163
266880 0.0686906
266890 -0.0201937
266890 0.0515992
266900 0.00912271
266900 0.0174493
267600 -0.0600094
267600 0.106977
267610 -0.0438413
267610 0.170541
267620 0.0839132
267620 -0.10753
267630 -0.00493596
267630 0.14503
267640 0.057168
267640 -0.063676
267650 -0.0206354
267650 0.0552678
267660 0.0182173
267660 0.0419188
267670 0.0124417
267670 0.0740719
267680 0.0242983
267680 0.0529847
267690 -0.0271232
267690 0.0639388
267700 0.00605482
267700 0.0331127
268400 0
268410 0
268420 0.0338973
268420 0.0547556
268430 -0.0122027
268430 0.104467
268440 0.0328151
268440 0.134432
268450 0.0265436
268450 0.146146
268460 0.0557717
268460 9.46867e-05
268470 -0.0152376
268470 0.0760873
268480 0.045559
268480 0.0522518
268490 -0.0245881
268490 0.0647912
268500 -0.0210702
268500 0.0821673
269220 0
269230 0
269240 0.016432
269240 0.165481
269250 -0.0358454
269250 0.194656
269260 0.0675079
269260 0.117715
269270 -0.0223348
269270 0.0673001
269280 -0.0118779
269280 0.0426426
269290 0
269300 0
270040 0
270050 0
270060 -0.0305687
270060 0.0535398
270070 0
270080 0
272780 0
272790 0
272800 0
272800 0.0679336
273560 0
273570 0
273580 0
273580 -0.00136129
273590 0
273590 0.0270856
273600 0
273600 0.00603547
274340 0
274350 0
274360 0
274360 -0.000211601
274370 0
274370 0.0384733
274380 0
274380 -0.0704612
274390 0
274390 0.0279484
274400 0.00132756
274400 0.0121568
275120 0
275130 0
275140 0
275140 0.006256
275150 0
275150 0.0471282
275160 0
275160 -0.0167303
275170 0.00135523
275170 0.0560887
275180 0.00332289
275180 -0.00656217
275190 0.0119115
275190 0.0217404
275200 0.00112409
275200 0.00748288
275900 0
275910 0
275920 0.0031443
275920 0.0155981
275930 0.0100487
275930 0.0566589
275940 0.00468308
275940 0.0162928
275950 0.0296297
275950 0.038697
275960 0.0113174
275960 0.0465629
275970 0.0130232
275970 0.0235927
275980 -0.0304105
275980 0.0494365
275990 0.0132877
275990 0.0206583
276000 0.00525108
276000 0.0128481
276700 0.02992
276700 0.0687575
276710 0.0745522
276710 0.100456
276720 0.01981
276720 0.0429659
276730 -0.00224992
276730 0.0825273
276740 0.0128292
276740 0.0502043
276750 0.001377
276750 0.02951
276760 -0.0150066
276760 0.0250022
276770 0.0516803
276770 0.0887512
276780 -0.014809
276780 0.0411178
276790 -0.00196571
276790 0.0359779
276800 0.010808
276800 0.0153999
277500 0
277510 0
277520 0.00922113
277520 0.0241665
277530 0.0577053
277530 0.0730509
277540 -0.0216921
277540 0.0969046
277550 0.0748781
277550 0.184242
277560 0.00744953
277560 0.0335883
277570 0.0186344
277570 0.0761313
277580 -0.0182912
277580 0.0548429
277590 -0.0085145
277590 0.0527832
277600 0.0230109
277600 0.0295613
278320 0
278330 0
278340 0.0133846
278340 0.0855111
278350 -0.00739808
278350 0.188054
278360 -0.0296912
278360 0.1438
278370 0.0167577
278370 0.0796292
278380 0.000531537
278380 0.0522756
278390 -0.0299762
278390 0.0530813
278400 0.037055
278400 0.0988604
279140 0
279150 0
279160 0.0274675
279160 0.0783256
279170 0.0380393
279170 -0.0433913
279180 0.0252522
279180 0.0524208
279190 0
279200 0
283440 0
283450 0
283460 0
283460 -0.0214526
283470 0
283470 -0.00522761
283480 0
283480 0.00174859
283490 0
283490 -0.00381444
283500 0
283500 -0.0124939
284220 0
284230 0
284240 0
284240 -0.0146921
284250 0
284250 -0.0109496
284260 0
284260 0.0286195
284270 0
284270 -0.0711307
284280 0
284280 0.0109987
284290 0.00474278
284290 0.023392
284300 0
284300 -0.0159727
28500 0
285000 0
285010 0
285020 0
285020 -0.00295084
285030 0.00340792
285030 0.00355496
285040 0
285040 0.0618621
285050 0.00918999
285050 -0.0245379
285060 0.00119117
285060 0.0509823
285070 -0.000998577
285070 0.00366982
285080 -0.0100955
285080 0.0215947
285090 0.00385191
285090 0.0131417
285100 0.000962809
285100 -0.0134302
285800 0
285800 0.100266
285810 0.02953
285810 0.0675408
285820 0
285820 0.127241
285830 0.0249088
285830 0.03892
285840 0
285840 0.0554143
285850 0.00844643
285850 0.0355175
285860 0.00958565
285860 0.0105846
285870 -0.0337801
285870 0.077476
285880 -0.00713716
285880 0.0176998
285890 0.0131628
285890 0.0228261
285900 0.00198554
285900 -0.0136122
286600 0
286610 0
286620 0.00986805
286620 -0.021205
286630 -0.00274423
286630 0.048998
286640 0.0178217
286640 0.0424611
286650 -0.0480563
286650 0.162251
286660 0.011518
286660 0.0286512
286670 -0.000778498
286670 0.0592441
286680 -0.0300058
286680 0.035489
286690 0.0232136
286690 0.0289895
286700 0.0083071
286700 -0.00912662
287420 0
287430 0
287440 0.0242969
287440 -0.0263024
287450 0.0281911
287450 0.117296
287460 -0.0503638
287460 0.108982
287470 -0.000560826
287470 0.0709637
287480 -0.0258848
287480 0.046811
287490 0.0283597
287490 0.0527779
287500 -0.00377288
287500 0.0452837
288240 0
288250 0
288260 -0.00500593
288260 0.0692353
288270 0.0369046
288270 0.0464889
288280 -0.0253615
288280 0.0478738
288290 0.0229822
288290 0.04798
288300 0.013341
288300 0.111491
289060 0
289070 0
289080 0.0168778
289080 0.0508368
289090 0
289100 0
29280 0
29290 0
29300 -0.0732351
29300 0.14647
293320 0
293330 0
293340 0
293340 -0.00390835
293350 0
293350 -0.0461043
293360 0
293360 -0.00985498
293370 0
293370 -0.0255536
293380 0
293380 -0.00570749
293390 0
293390 -0.0259943
293400 0
293400 -0.000470676
294100 0
294110 0
294120 0
294120 -0.013847
294130 0
294130 -0.0446331
294140 0
294140 -0.0395736
294150 0
294150 0.000377483
294160 0
294160 -0.0725565
294170 0
294170 -0.0154256
294180 0.00437202
294180 0.0349396
294190 0
294190 -0.0246812
294200 0
294200 -0.00683537
294900 0
294900 -0.0479094
294910 0
294910 -0.0172305
294920 0
294920 -0.0400886
294930 0
294930 0.0534734
294940 0
294940 -0.0433988
294950 0
294950 0.00913614
294960 0.00235103
294960 0.00938585
294970 -0.0412736
294970 0.0414163
294980 0.00320285
294980 0.0141946
294990 0.00260087
294990 -0.0145824
295000 0
295000 -0.00749375
295700 0
295710 0
295720 0.0020181
295720 -0.0074455
295730 0.0244298
295730 -0.0618542
295740 -0.00151215
295740 0.00838839
295750 -0.0493969
295750 0.0856542
295760 0.00156354
295760 -0.0339524
295770 -0.0261302
295770 0.0285908
295780 0.0135932
295780 0.0301042
295790 0.0101571
295790 -0.011062
295800 0.00114459
295800 -0.0124519
296520 0
296530 0
296540 0.00268428
296540 -0.00310401
296550 -0.0259295
296550 0.0441932
296560 0.0466632
296560 0.0479212
296570 0.0421625
296570 -0.0437376
296580 0.0183983
296580 0.0324577
296590 0.00373641
296590 0.0446129
296600 -0.0173894
296600 0.0204006
297340 0
297350 0
297360 -0.0186752
297360 0.0344493
297370 0.0177729
297370 0.0460365
297380 0.0110968
297380 0.0331082
297390 0.0120955
297390 0.0597843
297400 -0.0252443
297400 0.0533571
298160 0
298170 0
298180 -0.0299897
298180 0.0473802
298190 0.0185697
298190 0.0360216
298200 -0.0348806
298200 0.0846003
30060 0
30070 0
30080 -0.0394465
30080 0.078893
30090 -0.0804123
30090 0.160825
30100 -0.0380242
30100 0.0760484
303200 0
303210 0
303220 0
303220 -0.0084659
303230 0
303230 -0.00752756
303240 0
303240 -0.0734621
303250 0
303250 -0.0102243
303260 0
303260 -0.0379591
303270 0
303270 -0.003926
303280 0
303280 -0.0157778
303290 0
303290 0.000297223
303300 0
303300 0.0145504
304000 0
304000 -0.116259
304010 0
304010 -0.102475
304020 0
304020 -0.116036
304030 0
304030 -0.0891999
304040 0
304040 -0.0280395
304050 0
304050 -0.0554125
304060 0
304060 -0.0276628
304070 0.0105026
304070 0.052886
304080 0
304080 -0.0130285
304090 0
304090 -0.01568
304100 0
304100 0.0154495
304800 0
304810 0
304820 0
304820 0.00547773
304830 0.00638343
304830 0.01326
304840 0
304840 -0.0568729
304850 0.0208594
304850 0.0483472
304860 0
304860 -0.0456884
304870 0.00628967
304870 0.0091684
304880 0.00253912
304880 0.0091548
304890 0.00165044
304890 -0.014803
304900 0
304900 0.014212
305620 0
305630 0
305640 0
305640 0.0248306
305650 0.00793779
305650 -0.00925047
305660 0.00955113
305660 0.0180747
305670 0.0140904
305670 0.033329
305680 0.0140435
305680 0.0193886
305690 -0.0258234
305690 0.0315963
305700 0.00717888
305700 0.0137109
306440 0
306450 0
306460 0.00757562
306460 0.0194439
306470 0.0379188
306470 -0.041243
306480 0.0175871
306480 0.0364984
306490 -0.0289959
306490 0.0512286
306500 0.00829006
306500 0.0212627
307260 0
307270 0
307280 0.00184754
307280 0.027515
307290 -0.0298629
307290 0.0411634
307300 0.00176895
307300 0.0358004
308080 0
308090 0
308100 -0.0078283
308100 0.0347982
30840 0
30850 0
30860 -0.0279465
30860 0.0595381
30870 -0.0788576
30870 0.157715
30880 0.047584
30880 0.11347
308860 0
308870 0
308880 -0.0287684
308880 0.12916
308890 0
308900 0
30890 -0.0491082
30890 0.0982163
30900 0.063139
30900 -0.0898854
309640 0
309650 0
309660 -0.0254392
309660 0.126802
309670 0
309680 0
310420 0
310430 0
310440 -0.0125445
310450 0
310460 0
311200 0
311210 0
311220 -0.00175082
311230 0
311240 0
312000 0.00826853
312010 0
312020 0
313100 0
313100 -3.60204e-17
313110 0
313110 -0.0482246
313120 0
313120 -3.60204e-17
313130 0
313130 -0.0909461
313140 0
313140 5.17793e-17
313150 0
313150 -0.0136274
313160 0
313160 -5.40306e-17
313170 0
313170 0.0132741
313180 0
313180 -1.80102e-17
313190 0
313190 0.0246379
313200 0
313900 0
313910 0
313920 0
313920 0.0116029
313930 0
313930 0.0471707
313940 0
313940 0.0399013
313950 0
313950 0.00470095
313960 0
313960 0.0703318
313970 0
313970 0.0169002
313980 0
313980 -0.0335171
313990 0
313990 0.0238296
314000 0
314000 0.0052043
314720 0
314730 0
314740 0
314740 -0.00378707
314750 0
314750 0.0446632
314760 0
314760 -0.0428999
314770 0.00178864
314770 0.0486414
314780 0.00888223
314780 -0.02116
314790 0.0134856
314790 0.0159353
314800 0.00141935
314800 0.00813323
315540 0
315550 0
315560 0
315560 0.00674325
315570 0.0084659
315570 0.0224986
315580 0.00698342
315580 -0.0395374
315590 0.00605107
315590 0.0270483
315600 0.00504101
315600 0.014941
31620 0
31630 0
316360 0
316370 0
316380 0.0112337
316380 0.0268604
316390 -0.0143089
316390 0.0243861
316400 0.0142238
316400 0.0242784
31640 -0.021735
31640 0.0565111
31650 -0.079682
31650 0.159364
31660 0.0806653
31660 0.132522
31670 -0.0496487
31670 0.0992975
31680 0.0386755
31680 -0.0565168
31690 0
31700 0
317180 0
317190 0
317200 0.012757
317200 0.033488
317960 0
317970 0
317980 0.0263819
317980 0.137341
317990 0.0787258
317990 0.208777
318000 -0.00835716
318000 0.0365689
318740 0
318750 0
318760 0.0258611
318760 0.143385
318770 -0.0183665
318770 0.158319
318780 0.0237754
318780 0.122374
318790 0
318800 0
319520 0
319530 0
319540 0.024741
319540 0.17203
319550 -0.0487453
319550 0.165634
319560 0.0199711
319560 0.147147
319570 0
319580 0
320300 0
320310 0
320320 0.0289449
320330 -0.0597185
320340 0.0192966
320350 0
320360 0
321100 0.0688169
321110 -0.0871677
321120 0.0220389
321130 0
321140 0
323820 0
323830 0
323840 0
323840 -0.0164504
323850 0
323850 -0.0161448
323860 0
323860 0.0217213
323870 0
323870 -0.0692773
323880 0.00208287
323880 0.00725775
323890 0.00408522
323890 0.0183159
323900 0
323900 -0.0167617
32400 0
32410 0
32420 -0.0148293
32420 0.0741465
32430 -0.092477
32430 0.184954
32440 0.106122
32440 0.155102
32450 -0.0498784
32450 0.0997569
32460 0.0318301
32460 -0.0497346
324640 0
324650 0
324660 0
324660 -0.0245579
324670 0.00691194
324670 0.0315504
324680 0.00148958
324680 -0.0276053
324690 0.00661192
324690 0.0227731
32470 0
324700 0.000384368
324700 -0.0148801
32480 0
325460 0
325470 0
325480 0.00294598
325480 -0.0159736
325490 0.00629989
325490 0.0457654
325500 0.00783039
325500 -0.0144289
326280 0
326290 0
326300 0.00351822
326300 0.0055477
327060 0
327070 0
327080 -0.00698114
327080 0.0858687
327090 -0.0256089
327090 0.221734
327100 0.0282422
327100 0.028244
327840 0
327850 0
327860 -0.00477874
327860 0.0949169
327870 0.0172705
327870 0.162687
327880 0.0693166
327880 0.143981
327890 0.0107551
327890 0.145949
327900 -0.055679
327900 0.064822
328620 0
328630 0
328640 -0.0107794
328640 0.114643
328650 0.0298765
328650 0.177516
328660 0.0079978
328660 0.205472
328670 0.0186156
328670 0.11916
328680 -0.014427
328680 0.0802918
328690 0
328700 0
329400 0
329410 0
329420 -0.0231522
329420 0.220784
329430 0.0369366
329430 0.201365
329440 -0.0378406
329440 0.250275
329450 0.0199222
329450 0.139248
329460 -0.00325005
329460 0.115341
329470 0
329480 0
330200 -0.104068
330210 0.0633694
330220 -0.0780121
330230 0.0202944
330240 0.00231198
330250 0
330260 0
331000 0
331010 0
331020 0.02356
331030 0
331040 0
33200 0.0483303
33210 -0.162105
33220 0.150436
33230 -0.0519151
33240 -0.0563637
33250 0
33260 0
333740 0
333750 0
333760 0
333760 0.0058207
333770 0
333770 -0.0330898
333780 0
333780 0.0639669
333790 0
333790 -0.0240377
333800 0
333800 -0.00656203
334560 0
334570 0
334580 0
334580 -0.0173838
334590 0.000149505
334590 -0.000797059
334600 0.00443251
334600 -0.0211823
335380 0
335390 0
335400 0.00364799
335400 -0.0338181
336160 0
336170 0
336180 -0.0222238
336180 0.0305726
336190 -0.0577671
336190 0.136902
336200 0.0172751
336200 -0.0271269
336940 0
336950 0
336960 -0.0221542
336960 0.0369272
336970 -0.00635139
336970 0.101344
336980 -0.0473184
336980 0.113118
336990 -0.00432248
336990 0.119666
337000 -0.000805324
337000 0.0450174
337720 0
337730 0
337740 -0.0198023
337740 0.0476351
337750 0.00712973
337750 0.127056
337760 -0.0111241
337760 0.177308
337770 0.0608747
337770 0.107039
337780 -0.011197
337780 0.0777852
337790 -0.0669127
337790 0.0999123
337800 -0.0119383
337800 0.0969609
338500 0
338510 0
338520 -0.0199829
338520 0.114887
338530 0.00670332
338530 0.136641
338540 0.0112561
338540 0.224153
338550 0.0409573
338550 0.155981
338560 -0.00321525
338560 0.132371
338570 -0.030272
338570 0.0740482
338580 -0.0188935
338580 0.0560257
338590 0
338600 0
339300 -0.023037
339300 0.439082
339310 -0.00279365
339310 0.294413
339320 0.0306762
339320 0.434359
339330 0.0115776
339330 0.251612
339340 -0.00189675
339340 0.164085
339350 -0.0127994
339350 0.0928119
339360 -0.0191633
339360 0.0937789
339370 0
339380 0
34000 0
34010 0
340100 0
340110 0
340120 -0.0319543
340130 -0.00177378
340140 -0.0213028
340150 0
340160 0
34020 -0.108567
34030 0
34040 0
343660 0
343670 0
343680 0
343680 0.0262747
343690 0
343690 -0.0560365
343700 0.00114703
343700 0.00993911
344480 0
344490 0
344500 0.00102286
344500 -0.0349439
345260 0
345270 0
345280 0.00467834
345280 0.0182959
345290 0.038795
345290 0.0484085
345300 0.00542867
345300 -0.0262081
346040 0
346050 0
346060 0.00701586
346060 0.0154196
346070 -0.0198612
346070 0.0457511
346080 -0.0422503
346080 0.0544482
346090 -0.0139634
346090 0.0657689
346100 0.00825583
346100 0.0263922
346820 0
346830 0
346840 0.0118058
346840 0.0194143
346850 -0.0342093
346850 0.0778738
346860 -0.00069371
346860 0.0942656
346870 -0.0528114
346870 0.0664178
346880 0.00610208
346880 0.0585014
346890 0.007649
346890 0.102934
346900 0.00891472
346900 0.0495164
347600 0
347610 0
347620 0.0308581
347620 0.0568665
347630 -0.0404189
347630 0.084045
347640 0.0312113
347640 0.149055
347650 -0.0368246
347650 0.149916
347660 0.0532325
347660 0.103138
347670 -0.0114749
347670 0.0601441
347680 -0.0521932
347680 0.0547251
347690 -0.000506168
347690 0.092786
347700 0.0628118
347700 0.134133
348400 0.121299
348400 0.394278
348410 -0.0640054
348410 0.296925
348420 0.0707665
348420 0.339251
348430 -0.018705
348430 0.28628
348440 0.0598232
348440 0.136083
348450 -0.0142062
348450 0.102802
348460 -0.0452392
348460 0.0790544
348470 -0.00967308
348470 0.0808829
348480 0.030678
348480 0.0530088
348490 0
348500 0
349200 0
349210 0
349220 0.00859223
349220 0.307777
349230 -0.0251933
349230 0.25774
349240 -0.0467982
349240 0.156876
349250 -0.0135883
349250 0.130591
349260 0.0234469
349260 0.0955959
349270 0
349280 0
350020 0
350030 0
350040 0.0341973
350050 0
350060 0
353580 0
353590 0
353600 0
353600 -0.0594741
354360 0
354370 0
354380 0
354380 0.0175591
354390 0.00732002
354390 0.0494406
354400 0
354400 0.000582511
355140 0
355150 0
355160 0.000285493
355160 0.0154646
355170 0.0186017
355170 0.0187091
355180 0.0130013
355180 0.0560118
355190 0.0132957
355190 0.024826
355200 -0.00916123
355200 0.0107096
355920 0
355930 0
355940 0.00151168
355940 0.0105009
355950 0.0149158
355950 0.041593
355960 -0.00217652
355960 0.027743
355970 0.0282524
355970 -0.0343541
355980 0.00192895
355980 0.0315962
355990 0.0347807
355990 0.0841795
356000 0.0035774
356000 0.0197544
356700 0
356710 0
356720 0.0049148
356720 0.0318632
356730 0.0262877
356730 0.0598576
356740 -0.0363227
356740 0.0828848
356750 -0.00595373
356750 0.141564
356760 -0.0368237
356760 0.0562572
356770 0.0128604
356770 0.0487938
356780 0.02859
356780 0.0659432
356790 0.0189247
356790 0.0890901
356800 0.000766875
356800 0.0598227
357500 -0.042063
357500 0.297658
357510 0.0880477
357510 0.340381
357520 -0.0749219
357520 0.22248
357530 0.0394595
357530 0.328049
357540 -0.0375354
357540 0.0832578
357550 0.0331937
357550 0.107643
357560 0.0149207
357560 0.0585981
357570 -0.0377746
357570 0.0855801
357580 0.0151356
357580 0.0566074
357590 0.0601357
357590 0.115196
357600 0.0028004
357600 0.150277
358300 0
358310 0
358320 0.0244857
358320 0.149573
358330 -0.000897604
358330 0.252132
358340 0.0180457
358340 0.147894
358350 -0.0584279
358350 0.176369
358360 0.0115451
358360 0.0946956
358370 0.0505811
358370 0.110533
358380 0.00990232
358380 0.058245
358390 0
358400 0
359120 0
359130 0
359140 0.0134377
359140 0.233626
359150 0.0710291
359150 0.189459
359160 0.0108471
359160 0.103985
359170 0
359180 0
364240 0
364250 0
364260 -0.0211078
364260 2.69878e-05
364270 0.00595686
364270 0.021926
364280 0.000272356
364280 0.0271666
364290 0.00529036
364290 0.0158263
364300 0.00225877
364300 -0.023472
365020 0
365030 0
365040 0
365040 -0.0215488
365050 0.0129657
365050 0.0310558
365060 0.00298721
365060 0.00328388
365070 0.00640672
365070 0.0663105
365080 -0.00364651
365080 0.00988994
365090 -0.00892519
365090 0.0515036
365100 0.00413432
365100 -0.0175541
365800 0
365810 0
365820 0.0144653
365820 -0.0266769
365830 0.0268284
365830 0.0409979
365840 -0.00921781
365840 0.0379023
365850 0.0225835
365850 0.115759
365860 0.0203625
365860 -0.040787
365870 0.0108822
365870 0.0381924
365880 0.0279726
365880 0.0588898
365890 0.00377662
365890 0.0544953
365900 0.0233637
365900 -0.0244656
366600 -0.0598554
366600 0.136515
366610 0.00717265
366610 0.307964
366620 -0.009538
366620 0.0997557
366630 -0.0261169
366630 0.296103
366640 -0.0316484
366640 0.0332167
366650 -0.00724094
366650 0.0935347
366660 0.013736
366660 0.0376577
366670 0.0385015
366670 0.106789
366680 0.00542994
366680 0.0549931
366690 -0.00838417
366690 0.100515
366700 -0.0256238
366700 0.0537815
367400 0
367410 0
367420 -0.0236485
367420 0.0564249
367430 0.0389372
367430 0.186501
367440 0.00497453
367440 0.120419
367450 0.0498134
367450 0.224139
367460 -0.0282888
367460 0.0742556
367470 0.00657178
367470 0.118129
367480 0.035182
367480 0.0643933
367490 -0.00881562
367490 0.11997
367500 -0.0670266
367500 0.147906
368220 0
368230 0
368240 -0.0165846
368240 0.159179
368250 -0.00721615
368250 0.256159
368260 0.0576706
368260 0.150766
368270 -0.00449629
368270 0.105825
368280 -0.0414753
368280 0.0621381
368290 0
368300 0
369040 0
369050 0
369060 -0.0564641
369060 0.0716656
369070 0
369080 0
374120 0
374130 0
374140 0
374140 0.000801294
374150 0
374150 -0.0339943
374160 0
374160 0.0198322
374170 0
374170 0.00948021
374180 0
374180 0.00957451
374190 0.0206617
374190 -0.0329008
374200 0
374200 -0.00532229
374900 0
374910 0
374920 0.00313707
374920 0.00862671
374930 0.0205028
374930 -0.0481409
374940 0.0100959
374940 0.0521348
374950 -0.014865
374950 0.0653184
374960 0.00376863
374960 0.0631631
374970 -0.0191031
374970 0.0211261
374980 -0.0274421
374980 0.0324663
374990 0.0195433
374990 -0.0199656
375000 -0.00100882
375000 0.00661278
375700 0.0266052
375700 0.0634655
375710 -0.12185
375710 0.170937
375720 0.0213764
375720 0.0736672
375730 -0.0505318
375730 0.165917
375740 0.00630527
375740 0.0406799
375750 -0.044335
375750 0.0524589
375760 -0.0016512
375760 0.0186725
375770 0.0223374
375770 0.119234
375780 -0.00933225
375780 0.0313171
375790 -0.0324363
375790 0.0561019
375800 -0.00344062
375800 0.0150338
37600 0
376500 0
376510 0
376520 -0.00807772
376520 0.018344
376530 -0.0205956
376530 0.114296
376540 0.0126564
376540 0.0662377
376550 0.0281771
376550 0.244102
376560 0.0226605
376560 0.0362169
376570 -0.0126412
376570 0.104024
376580 -0.0262837
376580 0.0515208
376590 -0.0282096
376590 0.0943963
376600 0.000791862
376600 0.0454698
377320 0
377330 0
377340 -0.0150207
377340 0.0646207
377350 -0.0325363
377350 0.213573
377360 -0.0384414
377360 0.153108
377370 0.00880982
377370 0.107112
377380 -0.0141671
377380 0.0564768
377390 -0.0511254
377390 0.0976227
377400 0.00651426
377400 0.147949
378140 0
378150 0
378160 0.00243353
378160 0.0839673
378170 0.0576282
378170 -0.0649781
378180 0.00223725
378180 0.064334
378190 0
378200 0
38380 0
38390 0
384000 0
38400 0.0609804
38400 0.121961
384010 0
384020 0
384020 0.0112488
384030 0.00353597
384030 0.00574509
384040 0
384040 -0.030344
384050 0.0128925
384050 0.0183846
384060 0
384060 0.0105847
384070 0.00244488
384070 0.0056607
384080 0.00848418
384080 -0.0246471
384090 0.00297079
384090 -0.00394747
384100 0.00113138
384100 0.0196482
384800 0
384800 -0.0442071
384810 0.0433159
384810 0.0729699
384820 0
384820 -0.0739767
384830 0.0426165
384830 0.0802107
384840 0
384840 -0.0113948
384850 0.0137254
384850 0.0374019
384860 0.00508806
384860 -0.0169016
384870 -0.0479152
384870 0.0942697
384880 -0.00552958
384880 0.00803996
384890 0.00826237
384890 0.0195081
384900 0.00216277
384900 0.0184738
385600 0
385610 0
385620 0.00397811
385620 0.024522
385630 -0.0320748
385630 0.0611454
385640 -0.00271144
385640 0.0175207
385650 -0.0458037
385650 0.18856
385660 0.0082894
385660 0.0309976
385670 -0.0128727
385670 0.0682077
385680 0.0219459
385680 -0.025436
385690 0.00518559
385690 0.0486581
385700 0.00946033
385700 0.025335
386420 0
386430 0
386440 0.013118
386440 0.0180362
386450 -0.00600381
386450 0.119254
386460 -0.0381354
386460 0.094856
386470 -0.0268045
386470 0.0754758
386480 -0.00720526
386480 0.0403353
386490 0.0151316
386490 0.0881278
386500 0.0317366
386500 0.0511754
387240 0
387250 0
387260 0.0304443
387260 0.0594807
387270 0.0239711
387270 0.0671632
387280 -0.01013
387280 0.0464754
387290 0.0149279
387290 0.0752848
387300 0.061945
387300 0.12482
388060 0
388070 0
388080 0.0502577
388080 0.056771
388090 0
388100 0
39160 0
39170 0
39180 0.0310805
39180 0.0621611
39190 -0.060786
39190 0.121572
39200 0.0284741
39200 0.0569481
393900 0
393900 9.0051e-17
393910 0
393910 0.068058
393920 0
393930 0
393930 0.000765497
393940 0
393940 2.25127e-17
393950 0
393950 0.0296087
393960 0
393960 -1.57589e-17
393970 -0.00946293
393970 0.0460182
393980 0
393980 -3.37691e-18
393990 0.00335472
393990 0.0302955
394000 0
394000 -2.25127e-18
394700 0
394710 0
394720 0
394720 -0.00826208
394730 0.0256198
394730 0.0423849
394740 0
394740 -0.0397244
394750 -0.000716984
394750 0.087943
394760 0
394760 -0.055667
394770 0.0160967
394770 0.0284649
394780 0
394780 0.027789
394790 0.0163278
394790 0.0242267
394800 0
394800 -0.0025492
395520 0
395530 0
395540 0.00122217
395540 0.00995918
395550 0.0276014
395550 0.0437209
395560 0.0314772
395560 0.0352802
395570 -0.0167792
395570 0.0346488
395580 0.017222
395580 0.0215103
395590 0.035325
395590 0.068505
395600 -0.00369135
395600 0.0142571
396340 0
396350 0
396360 0.00107461
396360 0.022121
396370 0.049277
396370 0.0695988
396380 0.0257919
396380 0.0258291
396390 0.0335358
396390 0.0818676
396400 -0.0094888
396400 0.0414277
397160 0
397170 0
397180 -0.0140601
397180 0.0543625
397190 0.0360281
397190 0.0479883
397200 -0.011915
397200 0.0660971
39940 0
39950 0
39960 0.0246532
39960 0.0424584
39970 -0.0573773
39970 0.114755
39980 -0.0235471
39980 0.125585
39990 -0.0390485
39990 0.0780971
40000 0.028787
40000 0.057574
404620 0
404630 0
404640 0.000494892
404640 -0.0190913
404650 0.00869218
404650 0.0140406
404660 0.00353624
404660 0.0261069
404670 0.0080136
404670 0.0524905
404680 0.00721366
404680 0.00757736
404690 -0.016114
404690 0.0450506
404700 0.00171649
404700 -0.021308
405440 0
405450 0
405460 0.0026796
405460 -0.0238445
405470 -0.0250469
405470 0.0573287
405480 0.00942485
405480 0.0244638
405490 -0.0176093
405490 0.0615533
405500 0.00922347
405500 -0.0311101
406260 0
406270 0
406280 0.0388785
406280 -0.0414291
406290 -0.026546
406290 0.0521715
406300 -0.0177566
406300 0.0193015
407080 0
407090 0
407100 0.0165579
407100 -0.0534516
40720 0
40730 0
40740 0.0282702
40740 0.0329818
40750 -0.0541845
40750 0.115437
40760 -0.0528022
40760 0.1651
40770 -0.00213616
40770 0.113213
40780 0.00516035
40780 0.07076
407860 0
407870 0
407880 -0.054974
407880 0.0905405
407890 0
407900 0
40790 0.0439586
40790 -0.0642371
40800 0.0392266
40800 0.0784533
408640 0
408650 0
408660 -0.0299803
408660 0.102974
408670 0
408680 0
409420 0
409430 0
409440 -0.00849182
409450 0
409460 0
410200 0
410210 0
410220 0.00489876
410230 0
410240 0
411000 0.020101
411010 0
411020 0
414540 0
414550 0
414560 0
414560 -0.00194873
414570 0.0288285
414570 -0.0413839
414580 0.00131031
414580 -0.0472851
414590 0.0276209
414590 -0.0295794
414600 0
414600 0.0087807
41500 0
41510 0
41520 0.0260524
41520 0.0521049
41530 -0.0544926
41530 0.141681
415360 0
415370 0
415380 0.0164985
415380 0.0207987
415390 0.0362779
415390 -0.0466043
415400 0.00821807
415400 0.0652868
41540 -0.0758603
41540 0.20656
41550 0.0255915
41550 0.140753
41560 -0.0104236
41560 0.0901718
41570 0.0441625
41570 -0.0690039
41580 0.0250463
41580 0.0500927
41590 0
41600 0
416180 0
416190 0
416200 0.00546061
416200 -0.0238081
416960 0
416970 0
416980 -0.00133871
416980 0.0790552
416990 0.057039
416990 0.154359
417000 0.0285359
417000 -0.0513522
417740 0
417750 0
417760 -0.00888354
417760 0.101119
417770 -0.0528699
417770 0.0987762
417780 -0.00816707
417780 0.0820114
417790 0
417800 0
418520 0
418530 0
418540 -0.0170982
418540 0.134833
418550 -0.0621137
418550 0.106512
418560 -0.0138018
418560 0.128727
418570 0
418580 0
419300 0
419310 0
419320 -0.0268225
419330 -0.0539299
419340 -0.0178817
419350 0
419360 0
420100 -0.071513
420110 -0.0619071
420120 -0.0229025
420130 0
420140 0
42300 -0.0254331
42300 0.305197
42310 -0.0603196
42310 0.301599
42320 -0.123034
42320 0.312572
42330 0.0486864
42330 0.17388
42340 -0.0104568
42340 0.0996568
42350 0.0425365
42350 -0.0788697
42360 0.0221267
42360 0.0442535
42370 0
42380 0
424460 0
424470 0
424480 0.00599601
424480 0.0347894
424490 0.0195059
424490 0.0468443
424500 0.00444257
424500 0.0828767
425280 0
425290 0
425300 0.00397585
425300 -0.0652846
426060 0
426070 0
426080 0.0330168
426080 0.034945
426090 -0.0348181
426090 0.148026
426100 0.0168465
426100 -0.0535911
426840 0
426850 0
426860 0.0261665
426860 0.0575034
426870 0.00782335
426870 0.103248
426880 0.0763644
426880 0.0811918
426890 0.00487196
426890 0.110967
426900 0.0646805
426900 -0.102077
427620 0
427630 0
427640 0.0182911
427640 0.080633
427650 0.00617613
427650 0.134425
427660 -0.00855017
427660 0.13943
427670 0.00384825
427670 0.0762168
427680 0.0223463
427680 0.0542568
427690 0
427700 0
428400 0
428410 0
428420 0.0129962
428420 0.252453
428430 -0.00372071
428430 0.161777
428440 -0.0498923
428440 0.172663
428450 -0.0020068
428450 0.101929
428460 0.0278271
428460 0.123914
428470 0
428480 0
429200 -0.0139748
429210 -0.0212387
429220 -0.0765956
429230 -0.00680185
429240 0.0323203
429250 0
429260 0
430000 0
430010 0
430020 0.0591268
430030 0
430040 0
43100 0
43110 0
43120 0.0725171
43130 -0.123103
43140 0.0483449
43150 0
43160 0
434380 0
434390 0
434400 0.000354495
434400 -0.123627
435160 0
435170 0
435180 0
435180 -0.00412544
435190 -0.0272829
435190 0.0780045
435200 0.00387193
435200 -0.131531
435940 0
435950 0
435960 0.00442656
435960 0.017963
435970 0.0360609
435970 0.0826
435980 -0.0290211
435980 0.0450791
435990 0.0245415
435990 0.0986177
436000 0.0306478
436000 -0.0584088
436720 0
436730 0
436740 0.0131211
436740 0.0332297
436750 0.0427649
436750 0.137418
436760 0.0146197
436760 0.0936254
436770 0.0701383
436770 0.0815063
436780 0.00878998
436780 0.0418828
436790 -0.0485801
436790 0.0956795
436800 -0.0502145
436800 0.128261
437500 0
437510 0
437520 0.0234782
437520 0.135
437530 0.0394356
437530 0.160355
437540 0.0299945
437540 0.155232
437550 0.0342255
437550 0.142311
437560 0.0141017
437560 0.0980467
437570 0.00358362
437570 0.0772517
437580 0.00421388
437580 0.0488233
437590 0
437600 0
438300 0.0800682
438300 0.57811
438310 0.0397588
438310 0.376009
438320 0.040004
438320 0.40632
438330 -0.00572196
438330 0.315806
438340 0.0144076
438340 0.124491
438350 0.0261154
438350 0.125131
438360 0.00547943
438360 0.118644
438370 0
438380 0
439100 0
439110 0
439120 0.0090876
439130 0.0528012
439140 0.00605844
439150 0
439160 0
445040 0
445050 0
445060 0.00219804
445060 -0.0264271
445070 -0.0128868
445070 0.0571999
445080 0.012122
445080 -0.0554134
445090 -0.00906006
445090 0.0623635
445100 0.00950177
445100 -0.0407365
445820 0
445830 0
445840 0.0102163
445840 -0.0207965
445850 -0.00758662
445850 0.106048
445860 0.0119448
445860 0.0317831
445870 -0.0334912
445870 0.0493526
445880 -0.00269001
445880 0.027752
445890 0.0188221
445890 0.103677
445900 -0.0418158
445900 0.0481201
446600 0
446610 0
446620 -0.017615
446620 0.0644941
446630 0.00966012
446630 0.141154
446640 0.0430479
446640 0.122655
446650 0.00346262
446650 0.186573
446660 0.049419
446660 0.0566019
446670 0.00441134
446670 0.075704
446680 0.0426432
446680 -0.0753865
446690 0.00358467
446690 0.127764
446700 0.00757474
446700 0.174858
447400 0.00506543
447400 0.429663
447410 0.0553977
447410 0.472806
447420 0.0712145
447420 0.316331
447430 0.0327689
447430 0.44202
447440 0.0358419
447440 0.0902413
447450 0.00562831
447450 0.152734
447460 -0.0456668
447460 0.0760831
447470 -0.00216661
447470 0.122535
447480 -0.00880008
447480 0.0549605
447490 0
447500 0
448200 0
448210 0
448220 -0.0367005
448220 0.262004
448230 -0.00791934
448230 0.386951
448240 -0.0319617
448240 0.145552
448250 -0.00427135
448250 0.196743
448260 -0.0153952
448260 0.114139
448270 0
448280 0
449020 0
449030 0
449040 -0.0165436
449050 0
449060 0
454920 0
454930 0
454940 0.00163861
454940 -0.00789433
454950 -0.0438787
454950 0.0488552
454960 0
454960 -0.0203018
454970 0.0248055
454970 -0.0687749
454980 0.00777518
454980 -0.0104925
454990 0.00307179
454990 0.0813375
455000 0.000389393
455000 0.0102328
455700 0
455710 0
455720 -0.0161542
455720 0.027168
455730 -0.0413738
455730 0.100315
455740 -0.0340769
455740 0.0738779
455750 -0.0179116
455750 0.207827
455760 0.0211091
455760 -0.0390998
455770 -0.0172639
455770 0.0725851
455780 0.0217347
455780 0.0389748
455790 -0.0142572
455790 0.11036
455800 -0.00982954
455800 0.05566
456500 -0.0507472
456500 0.229213
456510 -0.0357644
456510 0.515167
456520 -0.03033
456520 0.178003
456530 0.0294455
456530 0.514457
456540 -0.0207544
456540 0.0494126
456550 0.00299399
456550 0.161128
456560 0.00430467
456560 0.0422939
456570 -0.0761688
456570 0.127326
456580 0.00116433
456580 0.0458019
456590 0.0439744
456590 0.176463
456600 -0.0108186
456600 0.158655
457300 0
457310 0
457320 -0.00939317
457320 0.104119
457330 -0.0591837
457330 0.353211
457340 -0.00663028
457340 0.103103
457350 -0.0841936
457350 0.238713
457360 -0.00435913
457360 0.0951846
457370 0.0234726
457370 0.154561
457380 -0.00392049
457380 0.0551208
457390 0
457400 0
458120 0
458130 0
458140 -0.00257848
458140 0.183615
458150 0.0359239
458150 0.21422
458160 -0.00208135
458160 0.102442
458170 0
458180 0
464800 0
464810 0
464820 0.00687097
464820 0.0148391
464830 -0.0119639
464830 0.0570184
464840 0.0233469
464840 -0.0487162
464850 -0.0170848
464850 0.170176
464860 0.00392228
464860 -0.0526626
464870 -0.00480152
464870 0.0569082
464880 0.0198409
464880 0.0347429
464890 0.00193423
464890 0.0573899
464900 0.0119335
464900 0.0122602
465600 -0.0114296
465600 0.060047
465610 -0.0778796
465610 0.406371
465620 0.0496261
465620 -0.0674554
465630 -0.0621786
465630 0.416484
465640 0.0139351
465640 -0.0248904
465650 -0.0252751
465650 0.128499
465660 0.00340853
465660 0.0163355
465670 0.0310204
465670 0.1368
465680 0.0123138
465680 0.0252056
465690 -0.014339
465690 0.135215
465700 0.0175266
465700 0.0327557
466400 0
466410 0
466420 0.024522
466420 0.0257117
466430 0.0122017
466430 0.232403
466440 -0.0197224
466440 0.0495969
466450 0.027348
466450 0.264729
466460 -0.0335357
466460 0.0576151
466470 -0.00161011
466470 0.139907
466480 0.0421531
466480 0.0674092
466490 -0.0103785
466490 0.167757
466500 -0.0187889
466500 0.10759
46700 0
467220 0
467230 0
467240 0.032719
467240 0.0949612
467250 -0.00811359
467250 0.245759
467260 0.0869191
467260 0.124618
467270 -0.00505546
467270 0.122087
467280 -0.00346445
467280 0.051789
467290 0
467300 0
468040 0
468050 0
468060 -0.0226065
468060 0.0557828
468070 0
468080 0
474700 0
474700 2.29067e-16
474710 0.0365302
474710 0.197189
474720 0
474730 -0.0419205
474730 0.200831
474740 0
474740 8.44228e-18
474750 -0.00899253
474750 0.0632048
474760 0
474760 -5.62819e-18
474770 0.0626222
474770 0.132548
474780 0
474780 1.68846e-18
474790 0.0011105
474790 0.0656956
47480 0
474800 0
47490 0
47500 0.0117357
47500 0.0234714
475500 0
475510 0
475520 0
475520 0.00881798
475530 0.0573997
475530 0.1232
475540 0
475540 0.0274184
475550 0.0528064
475550 0.253117
475560 0.0151789
475560 0.0338762
475570 0.0209007
475570 0.101279
475580 0.012554
475580 -0.0228949
475590 0.00386744
475590 0.11821
475600 0.00576091
475600 0.00698375
476320 0
476330 0
476340 -0.00416618
476340 0.0233274
476350 0.022196
476350 0.186305
476360 -0.0287318
476360 0.0976873
476370 0.0539116
476370 0.101255
476380 -0.00734649
476380 0.0319493
476390 -0.0396519
476390 0.121262
476400 0.0138161
476400 0.0666363
477140 0
477150 0
477160 0.00803163
477160 0.0510429
477170 -0.0579614
477170 0.0637546
477180 0.00738387
477180 0.0535684
477190 0
477200 0
48260 0
48270 0
48280 0.00561248
48280 0.011225
48290 0.0527692
48290 0.105538
48300 0.00502563
48300 0.0100513
485420 0
485430 0
485440 0
485440 -0.0300968
485450 -0.00990907
485450 0.108409
485460 0.0372063
485460 -0.0397127
485470 -0.0325171
485470 0.0601449
485480 0.00862369
485480 -0.0234664
485490 0.0157562
485490 0.105295
485500 0
485500 -0.0119963
486240 0
486250 0
486260 -0.0173095
486260 0.023308
486270 0.0238401
486270 0.0790164
486280 0.028842
486280 -0.0535024
486290 0.0148463
486290 0.0846133
486300 0.0343315
486300 0.0351705
487060 0
487070 0
487080 0.0241626
487080 0.0535213
487090 0
487100 0
49040 0
49050 0
49060 0.00608922
49060 0.00655762
49070 0.0475284
49070 0.0950567
49080 -0.0400361
49080 0.0931987
49090 0.0334148
49090 0.0668296
49100 0.0175887
49100 0.0185602
495340 0
495350 0
495360 0.00128903
495360 0.00394439
495370 0.0122907
495370 0.0826978
495380 0.00380694
495380 0.0307133
495390 0.00836449
495390 0.0885021
495400 0
495400 0.0228584
496160 0
496170 0
496180 -0.0135848
496180 0.0514034
496190 0.034526
496190 0.0594527
496200 0.0106089
496200 0.0445047
49820 0
49830 0
49840 0.00153883
49840 0.0123107
49850 0.0508863
49850 0.0876375
49860 -0.0579077
49860 0.125328
49870 0.0299826
49870 0.098766
49880 -0.0193829
49880 0.0620254
49890 0.0316072
49890 0.0632144
49900 0.0246849
49900 0.0295025
505260 0
505270 0
505280 0.00364963
505280 0.0270127
505290 -0.026812
505290 0.0816675
505300 0
505300 0.10636
50600 0
506080 0
506090 0
50610 0
506100 0.00168871
506100 -0.00785252
50620 -0.00779417
50620 0.0332278
50630 0.0770514
50630 0.0898933
50640 -0.0722362
50640 0.162479
50650 0.00194144
50650 0.151438
50660 -0.0145462
50660 0.0991496
50670 0.0505164
50670 0.0506726
50680 -0.0236479
50680 0.0375116
506860 0
506870 0
506880 -0.0308584
506880 0.0371365
506890 0
506900 0
50690 0.026502
50690 0.053004
50700 0.0439896
50700 0.0593237
507640 0
507650 0
507660 0.0120721
507660 0.076493
507670 0
507680 0
508420 0
508430 0
508440 0.0373338
508450 0
508460 0
509200 0
509210 0
509220 0.0559374
509230 0
509240 0
510000 0.112139
510010 0
510020 0
51400 -0.0873182
51400 0.25803
51410 0.12016
51410 0.24032
51420 -0.10229
51420 0.273955
51430 -0.023684
51430 0.217893
51440 -0.00279085
51440 0.126017
51450 0.0503168
51450 0.067965
51460 -0.0434614
51460 0.0449445
51470 0.0277688
51470 0.0555377
51480 0.028976
51480 0.0401603
51490 0
51500 0
515180 0
515190 0
515200 0
515200 -0.0502628
515960 0
515970 0
515980 0.00230809
515980 0.0202891
515990 0.0547307
515990 0.0942142
516000 0.020051
516000 -0.143681
516740 0
516750 0
516760 0.00921575
516760 0.0566888
516770 -0.0544358
516770 0.0644462
516780 0.00847251
516780 0.0271811
516790 0
516800 0
517520 0
517530 0
517540 0.00532848
517540 0.0821961
517550 -0.0306651
517550 0.0909603
517560 0.00430119
517560 0.108459
517570 0
517580 0
518300 0
518310 0
518320 0.00666635
518330 0.002306
518340 0.0044442
518350 0
518360 0
519100 0.0190781
519110 0.0350797
519120 0.00610985
519130 0
519140 0
52200 0
52210 0
52220 0.0237741
52220 0.085424
52230 0.0629462
52230 0.106003
52240 0.0491888
52240 -0.0620924
52250 0.0285869
52250 0.0571739
52260 0.0265807
52260 0.0402393
52270 0
52280 0
525840 0
525850 0
525860 -0.018546
525860 0.0192322
525870 0.0227992
525870 0.0842429
525880 0.0101576
525880 0.0396111
525890 0.0141981
525890 0.0872117
525900 0.0530828
525900 -0.166317
526620 0
526630 0
526640 -0.0302743
526640 0.0430606
526650 0.0148738
526650 0.145437
526660 -0.061518
526660 0.0627475
526670 0.00926762
526670 0.0739059
526680 -0.00482919
526680 0.020452
526690 0
526700 0
527400 0
527410 0
527420 -0.045627
527420 0.228196
527430 0.00582445
527430 0.253662
527440 -0.0819492
527440 0.107729
527450 0.00314151
527450 0.129588
527460 -0.00370886
527460 0.112753
527470 0
527480 0
528200 -0.14439
528210 0.000507546
528220 -0.090105
528230 0.000162515
528240 -0.00557071
528250 0
528260 0
529000 0
529010 0
529020 0.00589361
529030 0
529040 0
53020 0
53030 0
53040 0.0655304
53050 0
53060 0
535720 0
535730 0
535740 0.000552554
535740 0.0149654
535750 -0.005145
535750 0.15625
535760 0.000278955
535760 0.0195784
535770 0.0436621
535770 0.0766814
535780 0.0039561
535780 0.00525499
535790 -0.0606578
535790 0.111379
535800 -0.035621
535800 0.083042
536500 0
536510 0
536520 0.00089844
536520 0.101772
536530 -0.0349951
536530 0.269126
536540 0.0232913
536540 0.0963052
536550 -0.0332499
536550 0.189106
536560 0.00582916
536560 0.0422169
536570 -0.000650537
536570 0.119165
536580 -0.009053
536580 0.0263622
536590 0
536600 0
537300 0.003808
537300 0.430075
537310 -0.117219
537310 0.623396
537320 0.0188271
537320 0.282368
537330 -0.079591
537330 0.468643
537340 0.00158731
537340 0.0762212
537350 0.0176383
537350 0.187075
537360 -0.00679502
537360 0.0945673
537370 0
537380 0
538100 0
538110 0
538120 -0.00938757
538130 0.0490895
538140 -0.00625832
538150 0
538160 0
545600 0
545610 0
545620 0.0302298
545620 0.0393844
545630 0.00608187
545630 0.208261
545640 0.0412726
545640 0.056675
545650 0.0136315
545650 0.242475
545660 0
545660 0.0583706
545670 -0.000802559
545670 0.117066
545680 0.00671283
545680 -0.0487356
545690 -0.00517308
545690 0.168351
545700 0.0696087
545700 0.0702723
546400 0.0888625
546400 0.185223
546410 0.0347722
546410 0.6547
546420 0.0202758
546420 0.140441
546430 0.0336873
546430 0.591531
546440 0.0216861
546440 0.0361065
546450 -0.00174301
546450 0.205235
546460 -0.00169361
546460 0.0342647
546470 -0.00969919
546470 0.167598
546480 0.0215166
546480 0.0252553
546490 0
546500 0
547200 0
547210 0
547220 0.0335269
547220 0.108392
547230 -0.0186212
547230 0.452781
547240 0.0349848
547240 0.0748679
547250 -0.0100435
547250 0.225216
547260 0.0119488
547260 0.0661418
547270 0
547280 0
548020 0
548030 0
548040 -0.00183121
548050 0
548060 0
555500 0
555500 3.36566e-16
555510 0.156271
555510 0.592029
555520 0
555530 0.09249
555530 0.598199
555540 0
555540 4.50255e-18
555550 0.0443244
555550 0.187919
555560 0
555570 -0.0509645
555570 0.149815
555580 0
555580 1.12564e-18
555590 0.062534
555590 0.206554
555600 0
556300 0
556310 0
556320 0.000211904
556320 -0.00393705
556330 0.00347603
556330 0.35924
556340 0.00515039
556340 -0.0171316
556350 -0.0334574
556350 0.240324
556360 -0.00525557
556360 0.0391849
556370 0.0323699
556370 0.159703
556380 0.00432913
556380 0.0171243
556390 0
556400 0
557120 0
557130 0
557140 0.00717813
557140 0.0805149
557150 0.0254664
557150 0.180029
557160 0.00579426
557160 0.0407928
557170 0
557180 0
55800 0
56580 0
56590 0
56600 0
56600 -0.130756
566220 0
566230 0
566240 -0.0125528
566240 0.0142487
566250 0.00233006
566250 0.188469
566260 0.0380381
566260 0.053873
566270 0.00145183
566270 0.102225
566280 0.0180534
566280 -0.0357367
566290 0
566300 0
567040 0
567050 0
567060 0.0129316
567060 -0.0436076
567070 0
567080 0
57360 0
57370 0
57380 0
57380 -0.0580482
57390 0.0105538
57390 0.0211077
57400 0
57400 -0.0513195
576140 0
576150 0
576160 0
576160 0.00531354
576170 0.0602599
576170 -0.07244
576180 0.00488499
576180 0.0246716
576190 0
576200 0
58140 0
58150 0
58160 0.00151607
58160 -0.0333536
58170 0.00898202
58170 0.017964
58180 0.0419686
58180 0.058756
58190 0.00641996
58190 0.0128399
58200 0.0128972
58200 -0.0447103
586060 0
586070 0
586080 0.0234358
586080 0.0575553
586090 0
586100 0
58920 0
58930 0
58940 0.00472092
58940 -0.0188837
58950 0.0132874
58950 0.0143095
58960 0.0552498
58960 0.0931889
58970 -0.0189485
58970 0.0670486
58980 0.0294178
58980 0.0333287
58990 0.0237514
58990 0.0253975
59000 0.020733
59000 -0.0449516
59700 0
59710 0
59720 -0.000602029
59720 0.015653
59730 0.00450523
59730 0.0360419
59740 0.0778189
59740 0.11993
59750 -0.0438832
59750 0.115409
59760 0.0386258
59760 0.074193
59770 0.00688078
59770 0.0419757
59780 0.0230353
59780 0.0315286
59790 0.0276395
59790 0.0332219
59800 0.0253906
59800 -0.0546067
60500 0.135265
60500 0.153393
60510 -0.0397428
60510 0.169429
60520 0.165478
60520 0.181855
60530 -0.0718335
60530 0.183463
60540 0.0279432
60540 0.115578
60550 0.00842942
60550 0.0671407
60560 0.0394164
60560 0.0411886
60570 0.00987182
60570 0.0354841
60580 -0.0066571
60580 0.0195663
60590 0.0282031
60590 0.0390892
60600 0.0333918
60600 -0.0819156
606640 0
606650 0
606660 0.00057904
606660 0.0403629
606670 0
606680 0
607420 0
607430 0
607440 0.0155743
607450 0
607460 0
608200 0
608210 0
608220 0.0160353
608230 0
608240 0
609000 0.0233886
609010 0
609020 0
61300 0
61310 0
61320 -0.0437314
61320 0.047074
61330 0.0532528
61330 0.0663632
61340 0.0582036
61340 0.0588899
61350 0.0010454
61350 0.047135
61360 0.00114635
61360 0.0208873
61370 0.0294194
61370 0.0445367
61380 0.0223072
61380 -0.0556025
61390 0
61400 0
616520 0
616530 0
616540 -0.0104807
616540 0.0175352
616550 -0.020002
616550 0.123209
616560 -0.0084601
616560 0.0471632
616570 0
616580 0
617300 0
617310 0
617320 -0.0126637
617330 0.0189045
617340 -0.00844251
617350 0
617360 0
618100 -0.0282927
618110 0.0529872
618120 -0.00906094
618130 0
618140 0
62120 0
62130 0
62140 0.0498265
62140 -0.0659076
62150 0.033793
62150 0.0600296
62160 0.020151
62160 -0.0532011
62170 0
62180 0
626400 0
626410 0
626420 0.0178771
626420 0.0938236
626430 -0.0120831
626430 0.391533
626440 0.0280083
626440 -0.039913
626450 -0.00651711
626450 0.190326
626460 0.0277804
626460 0.0343578
626470 0
626480 0
627200 0.0525764
627210 -0.0292248
627220 -0.0105323
627230 -0.00935944
627240 0.0230112
627250 0
627260 0
628000 0
628010 0
628020 0.0242632
628030 0
628040 0
636300 0
636300 3.69209e-16
636310 -0.020733
636310 0.754633
636320 0
636330 -0.0555456
636330 0.545032
636340 0
636350 0.0438024
636350 0.218428
636360 0
636370 0
636380 0
637100 0
637110 0
637120 0.00330898
637130 0.0646034
637140 0.00220603
637150 0
637160 0
647020 0
647030 0
647040 -0.046647
647050 0
647060 0
64900 0
65680 0
65690 0
65700 0
65700 0.0242546
66460 0
66470 0
66480 0
66480 0.00985224
66490 0
66490 -0.121865
66500 0
66500 0.00864059
67240 0
67250 0
67260 0.00035845
67260 0.0064521
67270 0
67270 -0.0968532
67280 0.00886257
67280 0.0216641
67290 0
67290 -0.0699089
67300 0.00116855
67300 0.00616145
68020 0
68030 0
68040 0.00104866
68040 0.00629197
68050 0.00347802
68050 -0.0765165
68060 0.0111369
68060 0.0248195
68070 0.00133483
68070 0.0307031
68080 0.00619309
68080 0.0126712
68090 0.0202341
68090 -0.0663915
68100 -0.00215013
68100 0.00921485
68800 0
68810 0
68820 0.00456915
68820 0.00939213
68830 0.0147141
68830 -0.0588562
68840 0.0233972
68840 0.0243434
68850 0.0537103
68850 0.0541654
68860 -0.00246874
68860 0.044026
68870 0.0212959
68870 -0.0246287
68880 0.0219318
68880 0.0278315
68890 0.0292233
68890 -0.0615524
68900 -0.00816333
68900 0.0103492
69600 0.0287689
69600 0.0733322
69610 -0.00333672
69610 0.0867681
69620 0.01542
69620 0.0832973
69630 0.0964586
69630 0.110927
69640 -0.020505
69640 0.0833503
69650 -0.0181315
69650 0.0391931
69660 0.0261106
69660 0.0265887
69670 0.0319748
69670 -0.033412
69680 0.0161097
69680 0.0177511
69690 0.0276118
69690 -0.0595126
69700 0.0109272
69700 -0.0160594
70400 0
70410 0
70420 0.00611459
70420 0.0177692
70430 0.0397787
70430 -0.109221
70440 0.0552719
70440 0.0587703
70450 -0.0261676
70450 0.0515801
70460 0.0115593
70460 0.016084
70470 0.0266027
70470 -0.0539351
70480 0.0094035
70480 0.0136192
70490 0.0196394
70490 -0.0489529
70500 0.0132057
70500 -0.0369187
707200 0
707210 0
707220 0.0423638
707230 0
707240 0
708000 0.0666032
708010 0
708020 0
71220 0
71230 0
71240 -0.0202014
71240 0.0397395
71250 0.0466235
71250 -0.0798687
71260 0.0155432
71260 0.0230957
71270 0.0188496
71270 -0.049765
71280 0.0088567
71280 -0.0272727
71290 0
71300 0
717100 2.88163e-16
717110 0.106581
717120 0
717130 0
717140 0
72040 0
72050 0
72060 0.00731256
72060 -0.0337183
72070 0
72080 0
74000 0
74780 0
74790 0
74800 0
74800 0.130273
75560 0
75570 0
75580 0
75580 0.0474264
75590 0
75590 0.023372
75600 0
75600 0.0413681
76340 0
76350 0
76360 0
76360 0.0205316
76370 0
76370 0.0170833
76380 0
76380 -0.0900316
76390 0
76390 0.0124099
76400 0.00137332
76400 0.0349577
77120 0
77130 0
77140 0
77140 0.00429335
77150 0.000860587
77150 0.0154906
77160 0
77160 -0.116612
77170 0.00692256
77170 0.0238136
77180 0
77180 -0.05433
77190 0.00129736
77190 0.0106148
77200 0.00190541
77200 0.0326767
77900 0
77910 0
77920 0.000977325
77920 -0.0175918
77930 0.00345536
77930 0.0207322
77940 0.00593865
77940 -0.128671
77950 0.0118197
77950 0.0322356
77960 0.0198116
77960 -0.0343123
77970 0.00493983
77970 0.00957874
77980 0.0239672
77980 -0.0522206
77990 -0.00384311
77990 0.0149816
78000 0.00199442
78000 0.0367704
78700 0.0309758
78700 -0.152814
78710 0.0272064
78710 0.0559243
78720 0.0363202
78720 -0.15265
78730 0.0311892
78730 0.040083
78740 0.00255613
78740 0.0410184
78750 0.00430425
78750 0.0134976
78760 0.0126523
78760 -0.0630697
78770 0.0135642
78770 0.0278809
78780 0.017932
78780 -0.0339946
78790 -0.0122916
78790 0.0142965
78800 0.00193777
78800 0.0438976
79500 0
79510 0
79520 0.00837211
79520 0.0102264
79530 -0.00257218
79530 0.0176716
79540 0.0434611
79540 -0.115349
79550 0.0283964
79550 0.0546863
79560 0.00496695
79560 -0.0405568
79570 -0.00429311
79570 0.0185563
79580 -0.0125304
79580 0.0169117
79590 0.0111207
79590 -0.0176825
79600 0.00189495
79600 0.0556868
80320 0
80330 0
80340 0.0216092
80340 0.0529343
80350 -0.0313851
80350 0.0401458
80360 -0.0169932
80360 0.0368285
80370 -0.014127
80370 0.0154153
80380 0.011142
80380 0.0210943
80390 0.00687676
80390 -0.0211758
80400 0.00803038
80400 0.0802011
81140 0
81150 0
81160 0.0153134
81160 0.0614109
81170 0.00529845
81170 -0.0244313
81180 0.00620561
81180 0.056458
81190 0
81200 0
83100 0
83880 0
83890 0
83900 0
83900 -0.0809074
84660 0
84670 0
84680 0
84680 -0.0255541
84690 0
84690 0.129519
84700 0
84700 -0.0222032
85440 0
85450 0
85460 0
85460 -0.0111892
85470 0
85470 0.0852264
85480 0
85480 0.0131578
85490 0
85490 0.0621877
85500 0
85500 -0.0118373
86220 0
86230 0
86240 0
86240 -0.00506417
86250 0
86250 0.0513919
86260 0
86260 0.0189619
86270 0
86270 -0.0426953
86280 0
86280 0.00824772
86290 0.00255175
86290 0.061281
86300 0
86300 -0.00807718
87000 0
87010 0
87020 0.000267987
87020 0.000535975
87030 0
87030 0.0148726
87040 0.00155648
87040 0.025851
87050 0
87050 -0.107084
87060 0.00481533
87060 0.0215629
87070 0
87070 -0.00435761
87080 -0.00383731
87080 0.0136529
87090 0.00344533
87090 0.0573508
87100 0
87100 -0.00481846
87800 0.00799792
87800 0.0458548
87810 0.00619517
87810 -0.111514
87820 0.00916015
87820 0.0544181
87830 0.00815365
87830 -0.170368
87840 0.00983057
87840 0.0323161
87850 0.0034437
87850 -0.00712778
87860 -0.00101274
87860 0.00313853
87870 -0.00105326
87870 0.0240401
87880 -0.00754791
87880 0.0112666
87890 0.00322073
87890 0.0602822
87900 0
87900 -0.00196772
88600 0
88610 0
88620 0.00394913
88620 -0.0101442
88630 0.0118801
88630 0.0773226
88640 -0.0157755
88640 0.0191024
88650 -0.0303305
88650 0.0516516
88660 -0.000254074
88660 0.00119926
88670 0.0144248
88670 0.0320618
88680 -0.0139203
88680 0.0146786
88690 0.00254295
88690 0.0601098
88700 0
88700 0.00252704
89420 0
89430 0
89440 -0.00190095
89440 0.007533
89450 0.0273881
89450 0.0966622
89460 -0.0253186
89460 0.0388289
89470 0.0170504
89470 0.0521356
89480 -0.00931517
89480 0.0146139
89490 0.00394949
89490 0.0547319
89500 0.0054311
89500 0.00844184
90240 0
90250 0
90260 0.010875
90260 0.0238262
90270 0.00655621
90270 0.0594926
90280 0.000572685
90280 0.0127903
90290 0.00407223
90290 0.0370487
90300 0.0167276
90300 0.0183915
91060 0
91070 0
91080 0.0124879
91080 0.0149742
91090 0
91100 0
92200 0
92980 0
92990 0
93000 0
93000 -0.115956
93760 0
93770 0
93780 0
93780 -0.0299511
93790 0
93790 -0.0828405
93800 0
93800 -0.0259483
94540 0
94550 0
94560 0
94560 -0.00620753
94570 0
94570 -0.0474785
94580 0
94580 0.115205
94590 0
94590 -0.0347562
94600 0
94600 -0.0248672
95320 0
95330 0
95340 0
95340 0.00692886
95350 0
95350 -0.029106
95360 0
95360 0.118617
95370 0
95370 -0.00450138
95380 0
95380 0.0608128
95390 0
95390 -0.0214322
95400 0
95400 -0.0220841
96100 0
96110 0
96120 0
96120 0.0228438
96130 0
96130 -0.0183592
96140 0
96140 0.100554
96150 0
96150 0.0111288
96160 0
96160 0.0026626
96170 0
96170 -0.0050593
96180 0.00355992
96180 0.0672935
96190 0
96190 -0.0150039
96200 0
96200 -0.025242
96900 0
96900 0.0771425
96910 0.00179589
96910 0.00359192
96920 0
96920 0.0520907
96930 0.00228999
96930 0.0307512
96940 0
96940 -0.0633883
96950 0.000911186
96950 0.00515629
96960 0
96960 0.0606614
96970 0.0145892
96970 -0.015287
96980 0.00306566
96980 0.0539005
96990 0
96990 -0.00791357
97000 0
97000 -0.0300166
97700 0
97710 0
97720 0.000772632
97720 0.0145914
97730 0.00785865
97730 -0.0252587
97740 0.00368367
97740 0.134233
97750 -0.025097
97750 0.0315456
97760 0
97760 0.0444594
97770 0.00928334
97770 -0.0109282
97780 0.00666358
97780 0.0443882
97790 0
97790 -0.00214519
97800 0
97800 -0.0378164
98520 0
98530 0
98540 0.00126378
98540 -0.0327826
98550 -0.00097177
98550 0.0139722
98560 0.0226487
98560 0.0663526
98570 -0.00956393
98570 0.0177017
98580 0.0115069
98580 0.0185267
98590 0.00505753
98590 0.00532847
98600 0.00397161
98600 -0.0475922
99340 0
99350 0
99360 0.017192
99360 -0.0576979
99370 0.00975847
99370 0.0131487
99380 0.0131325
99380 -0.0166215
99390 0.00894845
99390 0.00941895
99400 0.0113822
99400 -0.0585984
