609
1530 0
1550 0
1570 0
1590 0
1610 0
1630 0
1650 0.39082
2330 0
2350 0
2370 0
2390 0
2410 0
2430 0.0766871
2450 0
3130 0
3150 0
3170 0
3190 0
3210 0.0273273
3230 0
3250 0
3930 0
3950 0
3970 0
3990 0.0132949
4010 0
4030 0
4050 0
4730 0
4750 0
4770 0.00821509
4790 0
4810 0
4830 0
4850 0
5530 0
5550 0.00639544
5570 0
5590 0
5610 0
5630 0
5650 0
6330 0.00717072
6350 0
6370 0
6390 0
6410 0
6430 0
6450 0
7130 0
7150 0
7170 0
7190 0
7210 0
7230 0
7250 0
11430 0
11450 0
11470 0
11490 0
11510 0
11530 0.0167345
11550 -0.302728
12230 0
12250 0
12270 0
12290 0
12310 0.00986947
12330 -0.0661286
12350 0
13030 0
13050 0
13070 0
13090 0.00708768
13110 -0.0267818
13130 0
13150 0
13830 0
13850 0
13870 0.00636338
13890 -0.0152503
13910 0
13930 0
13950 0
14630 0
14650 0.00746826
14670 -0.0115346
14690 0
14710 0
14730 0
14750 0
15430 0.014083
15450 -0.0118555
15470 0
15490 0
15510 0
15530 0
15550 0
16230 -0.0204621
16250 0
16270 0
16290 0
16310 0
16330 0
16350 0
17030 0
17050 0
17070 0
17090 0
17110 0
17130 0
17150 0
21330 0
21350 0
21370 0
21390 0
21410 0.00383222
21430 0.312825
21450 -0.11442
22130 0
22150 0
22170 0
22190 0.00417682
22210 0.147615
22230 -0.018704
22250 0
22930 0
22950 0
22970 0.00504929
22990 0.0802426
23010 -0.00435606
23030 0
23050 0
23730 0
23750 0.00782886
23770 0.0491574
23790 3.87662e-18
23810 0
23830 0
23850 0
24530 0.0203421
24550 0.0298043
24570 0.00282136
24590 0
24610 0
24630 0
24650 0
25330 -0.00807037
25350 0.00812024
25370 0
25390 0
25410 0
25430 0
25450 0
26130 0.0377303
26150 0
26170 0
26190 0
26210 0
26230 0
26250 0
31230 0
31250 0
31270 0
31290 0.00132891
31310 0.0376139
31330 -0.317669
31350 0.311473
32030 0
32050 0
32070 0.00261254
32090 0.0342898
32110 -0.17382
32130 0.0712857
32150 0
32830 0
32850 0.00586207
32870 0.0316465
32890 -0.1142
32910 0.0304378
32930 0
32950 0
33630 0.0217027
33650 0.0289459
33670 -0.0908212
33690 0.0183202
33710 0
33730 0
33750 0
34430 -0.010686
34450 -0.0840396
34470 0.014361
34490 0
34510 0
34530 0
34550 0
35230 -0.0125768
35250 0.0126545
35270 0
35290 0
35310 0
35330 0
35350 0
36030 -0.0487096
36050 0
36070 0
36090 0
36110 0
36130 0
36150 0
41130 0
41150 0
41170 0.000955008
41190 0.0154038
41210 0.128295
41230 -0.0455185
41250 -0.0317345
41930 0
41950 0.00338281
41970 0.0221933
41990 0.0772997
42010 0.00191507
42030 -0.0168511
42050 0
42730 0.0178086
42750 0.0289745
42770 0.030687
42790 0.0264023
42810 -0.0130479
42830 0
42850 0
43530 -0.0055384
43550 -0.0218686
43570 0.0538503
43590 -0.0135629
43610 0
43630 0
43650 0
44330 0.0146865
44350 0.115501
44370 -0.0197373
44390 0
44410 0
44430 0
44450 0
45130 0.0552315
45150 -0.0464955
45170 0
45190 0
45210 0
45230 0
45250 0
51030 0
51050 0.00124846
51070 0.00786028
51090 0.0202474
51110 -0.22578
51130 0.313753
51150 -0.27814
51830 0.0107324
51850 0.0170753
51870 0.00925714
51890 -0.184201
51910 0.173761
51930 -0.066023
51950 0
52630 -0.0044426
52650 -0.0313731
52670 -0.135392
52690 0.11049
52710 -0.0289592
52730 0
52750 0
53430 -0.00688514
53450 -0.0271862
53470 0.0669447
53490 -0.0168609
53510 0
53530 0
53550 0
54230 -0.0537869
54250 -0.0788061
54270 -0.00746
54290 0
54310 0
54330 0
54350 0
55030 0
55050 0.0721417
55070 0
55090 0
55110 0
55130 0
55150 0
60930 0.00421763
60950 0.00713294
60970 0.0115015
60990 0.00799895
61010 0.0579015
61030 -0.123188
61050 0.138107
61730 -0.00165532
61750 -0.0078572
61770 -0.013636
61790 0.105286
61810 -0.113716
61830 0.048358
61850 0
62530 0.0050803
62550 0.0358765
62570 0.154827
62590 -0.12635
62610 0.0331161
62630 0
62650 0
63330 0.0421087
63350 0.0561622
63370 -0.176216
63390 0.0355458
63410 0
63430 0
63450 0
64130 0
64150 -0.0404692
64170 0.062504
64190 0
64210 0
64230 0
64250 0
70830 -0.000644122
70850 -0.00436028
70870 -0.0210524
70890 -0.0729842
70910 0.190237
70930 -0.241515
70950 0.219238
71630 -0.00176222
71650 -0.00836463
71670 -0.0145167
71690 0.112085
71710 -0.12106
71730 0.051481
71750 0
72430 -0.0267647
72450 -0.0435461
72470 -0.0461198
72490 -0.0396802
72510 0.0196099
72530 0
72550 0
73230 0
73250 0.0244931
73270 0.153792
73290 3.97199e-17
73310 0
73330 0
73350 0
74030 0
74050 0
74070 -0.105553
74090 0
74110 0
74130 0
74150 0
81530 0.0129748
81550 0.020643
81570 0.0111913
81590 -0.222688
81610 0.210067
81630 -0.079818
81650 0
82330 0
82350 -0.0117685
82370 -0.0635322
82390 0.229264
82410 -0.0611058
82430 0
82450 0
83130 0
83150 0
83170 0.0343465
83190 -0.0823137
83210 0
83230 0
83250 0
91430 0
91450 0.00467403
91470 0.0306645
91490 0.106805
91510 0.00264605
91530 -0.0232832
91550 0
92230 0
92250 0
92270 -0.0139809
92290 -0.222182
92310 0.0120614
92330 0
92350 0
93030 0
93050 0
93070 0
93090 0.142572
93110 0
93130 0
93150 0
101330 0
101350 0
101370 0
101390 0
101410 0
101430 -0.23843
101450 0
102130 0
102150 0
102170 0
102190 0
102210 -0.11594
102230 0
102250 0
102930 0
102950 0
102970 0
102990 -0.0664743
103010 0
103030 0
103050 0
103730 0
103750 0
103770 -0.0454931
103790 0
103810 0
103830 0
103850 0
104530 0
104550 -0.0378359
104570 0
104590 0
104610 0
104630 0
104650 0
105330 -0.0442033
105350 0
105370 0
105390 0
105410 0
105430 0
105450 0
106130 0
106150 0
106170 0
106190 0
106210 0
106230 0
106250 0
111230 0
111250 0
111270 0
111290 0
111310 -0.0229346
111330 0.153669
111350 0
112030 0
112050 0
112070 0
112090 -0.0224132
112110 0.0846916
112130 0
112150 0
112830 0
112850 0
112870 -0.0236389
112890 0.0566522
112910 0
112930 0
112950 0
113630 0
113650 -0.0306108
113670 0.0472778
113690 0
113710 0
113730 0
113750 0
114430 -0.0613864
114450 0.0516769
114470 0
114490 0
114510 0
114530 0
114550 0
115230 0.09242
115250 0
115270 0
115290 0
115310 0
115330 0
115350 0
116030 0
116050 0
116070 0
116090 0
116110 0
116130 0
116150 0
121930 0
121950 0
121970 -0.0129438
121990 -0.2057
122010 0.0111667
122030 0
122050 0
122730 0
122750 -0.0234866
122770 -0.147472
122790 -1.16298e-17
122810 0
122830 0
122850 0
123530 -0.0670277
123550 -0.0982059
123570 -0.00929644
123590 0
123610 0
123630 0
123650 0
124330 0.0281225
124350 -0.0282963
124370 0
124390 0
124410 0
124430 0
124450 0
125130 -0.135289
125150 0
125170 0
125190 0
125210 0
125230 0
125250 0
131830 0
131850 -0.0126635
131870 -0.0683642
131890 0.2467
131910 -0.0657532
131930 0
131950 0
132630 -0.0546173
132650 -0.0728455
132670 0.228562
132690 -0.0461049
132710 0
132730 0
132750 0
133430 0.029373
133450 0.231003
133470 -0.0394746
133490 0
133510 0
133530 0
133550 0
134230 0.036306
134250 -0.0365304
134270 0
134290 0
134310 0
134330 0
134350 0
135030 0.143397
135050 0
135070 0
135090 0
135110 0
135130 0
135150 0
141730 -0.0330997
141750 -0.0538532
141770 -0.0570361
141790 -0.0490723
141810 0.0242514
141830 0
141850 0
142530 0.0119254
142550 0.0470879
142570 -0.115952
142590 0.0292039
142610 0
142630 0
142650 0
143330 -0.0343003
143350 -0.269753
143370 0.0460964
143390 0
143410 0
143430 0
143450 0
144130 -0.13426
144150 0.113024
144170 0
144190 0
144210 0
144230 0
144250 0
151630 0.00718463
151650 0.0507371
151670 0.218958
151690 -0.178686
151710 0.0468332
151730 0
151750 0
152430 0.0128099
152450 0.0505805
152470 -0.124552
152490 0.03137
152510 0
152530 0
152550 0
153230 0.107574
153250 0.157612
153270 0.01492
153290 0
153310 0
153330 0
153350 0
154030 0
154050 -0.148387
154070 0
154090 0
154110 0
154130 0
154150 0
162330 -0.0678983
162350 -0.0905588
162370 0.284139
162390 -0.0573159
162410 0
162430 0
162450 0
163130 0
163150 0.0693115
163170 -0.10705
163190 0
163210 0
163230 0
163250 0
172230 0
172250 -0.0341252
172270 -0.214272
172290 -5.53402e-17
172310 0
172330 0
172350 0
173030 0
173050 0
173070 0.153602
173090 0
173110 0
173130 0
173150 0
182130 0
182150 0
182170 -0.0409438
182190 0.0981245
182210 0
182230 0
182250 0
192030 0
192050 0
192070 0
192090 -0.142572
192110 0
192130 0
192150 0
202730 0
202750 0
202770 0.114187
202790 0
202810 0
202830 0
202850 0
203530 0
203550 0.104306
203570 0
203590 0
203610 0
203630 0
203650 0
204330 0.128874
204350 0
204370 0
204390 0
204410 0
204430 0
204450 0
205130 0
205150 0
205170 0
205190 0
205210 0
205230 0
205250 0
212630 0
212650 0.0617657
212670 -0.0953961
212690 0
212710 0
212730 0
212750 0
213430 0.135289
213450 -0.11389
213470 0
213490 0
213510 0
213530 0
213550 0
214230 -0.213911
214250 0
214270 0
214290 0
214310 0
214330 0
214350 0
215030 0
215050 0
215070 0
215090 0
215110 0
215130 0
215150 0
222530 0.112824
222550 0.165305
222570 0.0156482
222590 0
222610 0
222630 0
222650 0
223330 -0.0513445
223350 0.0516617
223370 0
223390 0
223410 0
223430 0
223450 0
224130 0.257089
224150 0
224170 0
224190 0
224210 0
224230 0
224250 0
232430 -0.0420091
232450 -0.330379
232470 0.0564564
232490 0
232510 0
232530 0
232550 0
233230 -0.0558173
233250 0.0561622
233270 0
233290 0
233310 0
233330 0
233350 0
234030 -0.226731
234050 0
234070 0
234090 0
234110 0
234130 0
234150 0
243130 0.174657
243150 -0.147032
243170 0
243190 0
243210 0
243230 0
243250 0
253030 0
253050 0.16255
253070 0
253090 0
253110 0
253130 0
253150 0
303330 -0.217836
303350 0
303370 0
303390 0
303410 0
303430 0
303450 0
304130 0
304150 0
304170 0
304190 0
304210 0
304230 0
304250 0
313230 0.296861
313250 0
313270 0
313290 0
313310 0
313330 0
313350 0
314030 0
314050 0
314070 0
314090 0
314110 0
314130 0
314150 0
