3444
1000200 0
1000210 0
1000220 -0.149356
1000230 0
1000240 0
1000250 0
1000260 0
1000270 0
1000280 0
1001000 -0.203428
1001010 0
1001020 0
1001030 0
1001040 0
1001050 0
1001060 0
1001070 0
1001080 0
1010100 -0.088509
1010110 -0.27989
1010120 -0.028529
101220 1.95151e-16
101230 0.0775244
101240 2.11487e-16
101250 0.283056
101260 -2.52208e-17
101270 -0.0949181
101280 -1.92728e-17
10200 0
102000 0
1020020 0.112771
102010 0
102020 0
102030 0
102040 0
102050 0
102060 0
102070 0
102080 0
10210 0
10220 0.112771
10230 0
10240 0
10250 0
10260 0
10270 0
10280 0
102800 0
102810 0
102820 0
102830 0
102840 0
102850 0
102860 0
102870 0
102880 0
103600 0
103610 0
103620 0
103630 0
103640 0
103650 0
103660 0
103670 0
103680 0
104400 0
104410 0
104420 0
104430 0
104440 0
104450 0
104460 0
104470 0
104480 0
105200 0
105210 0
105220 0
105230 0
105240 0
105250 0
105260 0
105270 0
105280 0
106000 0
106010 0
106020 0
106030 0
106040 0
106050 0
106060 0
106070 0
106080 0
106800 0
106810 0
106820 0
106830 0
106840 0
106850 0
106860 0
106870 0
106880 0.0719342
107600 0
107610 0
107620 0
107630 0
107640 0
107650 0
107660 -0.0277556
107670 0
107680 0
108400 0
108410 0
108420 0
108430 0
108440 -0.0651208
108450 0
108460 0
108470 0
108480 0
109200 0
109210 0
109220 -0.0988275
109230 0
109240 0
109250 0
109260 0
109270 0
109280 0
1100000 0.207572
110000 -0.203428
11000 0.207572
1100010 0
1100020 0
1100030 0
1100040 0
1100050 0
1100060 0
1100070 0
1100080 0
110010 0
110020 0
110030 0
110040 0
110050 0
110060 0
110070 0
110080 0
11010 0
11020 0
11030 0
11040 0
11050 0
11060 0
11070 0
11080 0
111100 0.189803
111110 2.9864e-16
111120 0.220474
111130 2.39502e-16
111140 0.23873
111150 -1.46169e-16
111160 -0.179101
111170 -6.35587e-17
111180 0.0264529
111920 -0.0435749
111930 0.0222758
111940 -0.198421
111950 0.0845654
111960 -0.0832883
111970 -0.0300847
111980 0.0281386
112740 0.0215354
112750 -0.0547685
112760 -0.118962
112770 -0.0363293
112780 0.043363
113560 0.0743836
113570 -0.0743856
113580 0.062841
114380 0.112105
115980 0.0156047
116760 0.0323256
116770 0.116551
116780 0.0362784
117540 0.0398091
117550 0.0506746
117560 0.033731
118320 0.0524112
118330 0.00552462
118340 0.0356064
119100 0.130499
119110 -0.033014
119120 0.0420638
121020 -2.66115e-16
121030 -0.0775244
121040 -2.22061e-16
121050 -0.283056
121060 4.11768e-17
121070 0.0949181
121080 3.98027e-18
121840 -0.00627813
121850 0.127659
121860 -0.0803502
121870 0.0850273
121880 0.0120669
122660 0.0280277
122670 0.145398
122680 0.0234983
123480 0.071899
125080 -0.0470677
125860 0.0169988
125870 -0.0114919
125880 0.0156279
126640 0.0392195
126650 0.0164357
126660 0.125771
126670 0.00938311
126680 -0.0493137
127420 0.0639278
127430 0.0394616
127440 0.129869
127450 0.0206609
127460 -0.00747484
128200 0.216128
128210 0.0887834
128220 0.142777
128230 0.0281018
128240 0.00252814
129020 -0.0167222
130940 0.0228967
130950 2.45827e-17
130960 0.279116
130970 1.91165e-17
130980 -0.039065
131760 -0.0679908
131770 0.0718527
131780 -0.0567119
132580 -0.150391
134180 -0.0133798
134960 -0.0373409
134970 -0.0730012
134980 -0.0326536
135740 -0.0435583
135750 -0.0123789
135760 -0.0510218
135770 -0.0077131
135780 -0.02288
136520 -0.054035
136530 0.0381273
136540 -0.037157
136550 0.0841539
136560 -0.0251547
136570 -0.0714889
136580 -0.0292666
137300 -0.127863
137310 0.156817
137320 -0.0252383
137330 0.130426
137340 -0.0218994
137350 -0.0608804
137360 -0.0271269
138120 -0.0417633
138130 -0.0985278
138140 -0.0283726
140860 4.55745e-17
140870 -0.261725
140880 1.68281e-17
141680 -0.061462
143280 0.0463948
144060 -0.0138614
144070 0.0117209
144080 -0.011855
144840 -0.0289194
144850 -0.035629
144860 -0.096802
144870 -0.0229118
144880 0.004566
145620 -0.0414968
145630 -0.0736222
145640 -0.0727902
145650 -0.0636914
145660 -0.0296481
145670 -0.0068694
145680 0.00078142
146400 -0.0963851
146410 -0.178166
146420 -0.0307249
146430 -0.0820932
146440 0.0125884
146450 -0.0220192
146460 -0.0742445
146470 -0.00386031
146480 0.0452524
147220 -0.0345727
147230 -0.0157001
147240 -0.113543
147250 -0.00822011
147260 0.0243912
148040 0.0524829
150780 0.237767
152380 0.0105869
153160 0.0454906
153170 0.0632185
153180 0.0384315
153940 0.0447867
153950 -0.00473977
153960 0.0565419
153970 -0.00309652
153980 0.0225154
154720 0.0433261
154730 -0.0548208
154740 0.00903002
154750 -0.0974287
154760 0.0136284
154770 0.0271475
154780 0.0242957
155500 0.0258529
155510 -0.179002
155520 -0.0617012
155530 -0.128746
155540 -0.0206159
155550 -0.00899158
155560 0.0326983
155570 0.0215346
155580 0.0213426
156320 0.053142
156330 0.015658
156340 0.045773
156350 -0.029628
156360 0.0256546
156370 0.0559211
156380 0.0226263
157140 0.0215976
157150 0.0791132
157160 0.0183
161480 -0.061462
162260 0.0111006
162270 -0.0104145
162280 0.00930673
163040 0.0191571
163050 0.0643624
163060 0.0828554
163070 0.0424393
163080 -0.00431552
163820 0.0187418
163830 0.104848
163840 0.0273263
163850 0.0949378
163860 0.0133868
163870 0.0175721
163880 0.00277951
164600 -0.0339625
164610 0.208394
164620 -0.0682101
164630 0.085497
164640 -0.0572427
164650 0.0384495
164660 0.058796
164670 0.0178563
164680 -0.00591191
165420 0.0357111
165430 0.0546578
165440 0.0897692
165450 0.0482962
165460 0.0319945
165470 0.00421129
165480 -0.0119608
166240 -0.0074781
166250 -0.00334264
166260 0.036124
166270 -0.00190831
166280 -0.043432
167060 -0.0428552
16980 -0.0793133
171360 -0.0679908
171370 -0.0718527
171380 -0.0567119
172140 -0.0413493
172150 0.0142154
172160 -0.0544085
172170 0.00942943
172180 -0.0204925
172920 -0.0169104
172930 0.0517132
172940 0.0523561
172950 0.0964698
172960 0.0148639
172970 -0.0195882
172980 -0.0246389
173700 0.143619
173710 0.116953
173720 0.191455
173730 0.0787449
173740 0.0809262
173750 0.0143493
173760 -0.0247774
173770 -0.00688416
173780 -0.0209007
174520 -0.0483814
174530 0.0243532
174540 -0.0269459
174550 0.0682708
174560 -0.0202748
174570 -0.030011
174580 -0.0213611
175340 -0.0330744
175350 -0.0531131
175360 -0.0371462
175370 -0.033094
175380 -0.018051
176160 -0.0135859
176170 -0.0408884
176180 -0.0152472
17760 -0.0447766
17770 0.161444
17780 -0.050252
181240 -0.00627813
181250 -0.127659
181260 -0.0803502
181270 -0.0850273
181280 0.0120669
182020 0.00238708
182030 -0.121708
182040 0.0112617
182050 -0.11109
182060 0.00461963
182070 -0.0241911
182080 -0.00172611
182800 0.111411
182810 -0.116443
182820 0.118873
182830 -0.00643884
182840 0.0840762
182850 -0.0317732
182860 -0.0495921
182870 -0.0338992
182880 0.0040634
183620 -0.0217374
183630 -0.0948883
183640 -0.0527874
183650 -0.0863682
183660 -0.0225496
183670 -0.0156169
183680 0.003236
184440 -0.00637645
184450 -0.0130368
184460 -0.0620231
184470 -0.00838349
184480 0.0137963
185260 0.0274607
185270 0.00769829
185280 0.0252459
18540 -0.0363406
18550 0.166534
18560 -0.0307921
186080 0.0381743
191120 -0.0435749
191130 -0.0222758
191140 -0.198421
191150 -0.0845654
191160 -0.0832883
191170 0.0300847
191180 0.0281386
191900 -0.321497
191910 0
191920 -0.316232
191930 3.51083e-17
191940 -0.138456
191950 1.46285e-17
191960 0.0108691
191970 -8.77708e-18
191980 0.0184933
192720 0.0239003
192730 -0.0392191
192740 -0.0314964
192750 -0.0870095
192760 -0.00599481
192770 0.023046
192780 0.0226948
19320 -0.039065
19330 0.185301
19340 -0.0265394
193540 0.0403051
193550 0.0324925
193560 0.0501868
193570 0.0212275
193580 0.0204475
194360 0.0212564
194370 0.0553269
194380 0.0185882
195180 0.0117573
201000 -0.0559119
20100 -0.088509
201010 -0.26225
201020 -0.0657639
201030 -0.271593
201040 -0.0733628
201050 -0.0216344
201060 0.0577847
201070 0.0615532
201080 -0.00915785
20110 0.27989
20120 -0.028529
201800 0
201810 0
201820 0
201830 0
201840 0
201850 0
201860 0
201870 0
201880 0
202600 0
202610 0
202620 0
202630 0
202640 0
202650 0
202660 0
202670 0
202680 0
203400 0
203410 0
203420 0
203430 0
203440 0
203450 0
203460 0
203470 0
203480 0
204200 0
204210 0
204220 0
204230 0
204240 0
204250 0
204260 0
204270 0
204280 0
205000 0
205010 0
205020 0
205030 0
205040 0
205050 0
205060 0
205070 0
205080 0
205800 0
205810 0
205820 0
205830 0
205840 0
205850 0
205860 0
205870 0
205880 0.0977211
206600 0
206610 0
206620 0
206630 0
206640 0
206650 0
206660 -0.0191532
206670 0
206680 0
207400 0
207410 0
207420 0
207430 0
207440 -0.0342623
207450 0
207460 0
207470 0
207480 0
208200 0
208210 0
208220 -0.0374698
208230 0
208240 0
208250 0
208260 0
208270 0
208280 0
209000 -0.0641214
209010 0
209020 0
209030 0
209040 0
209050 0
209060 0
209070 0
209080 0
210920 0.0399371
210930 0.0243049
210940 0.181856
210950 0.0922684
210960 0.076335
210970 -0.0328251
210980 -0.0257894
211740 -0.0413493
211750 -0.0142154
211760 -0.0544085
211770 -0.00942943
211780 -0.0204925
212560 -0.0308928
212570 -0.0669604
212580 -0.0260989
213380 -0.0121156
214980 -0.0606102
215760 -0.024967
215770 0.113004
215780 -0.0280201
216540 -0.024128
216550 0.0102378
216560 -0.0204441
217320 -0.0330446
217330 -0.0400569
217340 -0.0224494
218100 -0.086764
218110 -0.0895319
218120 -0.0279666
2200 0
220840 -0.00748403
220850 -0.10709
220860 -0.0957839
220870 -0.0713269
220880 0.0143847
2210 0
221660 0.0111006
221670 0.0104145
221680 0.00930673
2220 0
222480 0.0604716
2230 0
2240 0
224080 -0.0775345
224860 -0.00129315
224870 -0.0454594
224880 -0.00118885
2250 0
225640 0.00597464
225650 -0.0221413
225660 0.104048
225670 -0.0126405
225680 -0.0821328
2260 0
226420 0.00290282
226430 -0.0190589
226440 0.0572404
226450 -0.0099787
226460 -0.0244632
2270 0
227200 -0.00786048
227210 -0.0344429
227220 0.0171307
227230 -0.0109019
227240 -0.0117849
2280 0
228020 -0.0078401
230760 0.0520566
230770 0.0938464
230780 0.043421
231580 0.0105869
233180 0.0908313
233960 0.0312551
233970 -0.0830119
233980 0.0273318
234740 0.0279129
234750 -0.00649154
234760 -0.0174106
234770 -0.00404478
234780 0.0359555
235520 0.0370041
235530 0.028205
235540 -0.00242561
235550 0.0865838
235560 0.0144617
235570 -0.0852097
235580 0.0386333
236300 0.0989297
236310 0.08679
236320 0.0109471
236330 0.0941209
236340 0.0169094
236350 -0.0586553
236360 0.0251092
237120 0.034084
237130 -0.0722673
237140 0.0231555
240680 -0.0883571
242280 0.0604716
243060 -0.00652427
243070 0.0789205
243080 -0.0055799
243840 -0.00691655
243850 0.0363346
243860 -0.0864398
243870 0.0233655
243880 0.0209898
244620 0.0014568
244630 0.0345103
244640 -0.0242762
244650 -0.00632311
244660 -0.00536851
244670 0.0350141
244680 0.0111377
245400 0.0621543
245410 0.0697067
245420 0.0482808
245430 0.00268536
245440 0.0509462
245450 0.0260484
245460 -0.0768723
245470 0.0218872
245480 0.072034
246220 -0.0114451
246230 0.0351502
246240 -0.104362
246250 0.0184036
246260 0.0394486
247040 0.062354
251380 -0.150391
252160 -0.0308928
252170 0.0669604
252180 -0.0260989
252940 -0.0262484
252950 -0.0119908
252960 0.0505877
252970 -0.00783364
252980 -0.0354297
253720 -0.0330552
253730 -0.0335265
253740 0.0188721
253750 -0.0896186
253760 -0.00267316
253770 0.0381775
253780 -0.0273504
254500 -0.0754514
254510 -0.0573182
254520 0.00479304
254530 -0.0614344
254540 -0.0232261
254550 0.00524784
254560 0.01327
254570 0.0197417
254580 -0.0345365
255320 -0.03357
255330 0.00482696
255340 0.0176083
255350 -0.0500406
255360 -0.0115912
255370 0.071588
255380 -0.0453255
256140 -0.0360826
256150 0.0959306
256160 -0.0305734
26080 -0.140943
261260 0.0280277
261270 -0.145398
261280 0.0234983
262040 0.0103196
262050 -0.0423704
262060 0.0758017
262070 -0.0279382
262080 -0.00976318
262820 -0.00533123
262830 -0.0434602
262840 -0.0129464
262850 0.0273612
262860 -0.00553043
262870 -0.0498675
262880 0.000793648
263600 -0.0984522
263610 -0.100557
263620 -0.0959073
263630 -0.00355516
263640 -0.0754937
263650 -0.0302227
263660 0.0602998
263670 -0.0310817
263680 -0.0143676
264420 0.0130708
264430 -0.0437175
264440 0.0652626
264450 -0.00173714
264460 0.0194513
264470 -0.0357896
264480 -0.0178625
265240 -0.0118843
265250 -0.0432308
265260 0.0505178
265270 -0.0246804
265280 -0.0629652
266060 -0.0602847
26860 -0.0741571
26870 -0.0668443
26880 -0.0681762
271140 0.0215354
271150 0.0547685
271160 -0.118962
271170 0.0363293
271180 0.043363
271920 0.0239003
271930 0.0392191
271940 -0.0314964
271950 0.0870095
271960 -0.00599481
271970 -0.023046
271980 0.0226948
272700 0.015386
272710 6.43653e-17
272720 -0.03311
272730 9.94736e-17
272740 0.0288508
272750 -4.09597e-17
272760 -0.0426847
272770 -3.8034e-17
272780 0.0300303
273520 0.0269903
273530 0.0308491
273540 -0.0391544
273550 0.0831797
273560 -0.0049372
273570 -0.0356444
273580 0.0304565
274340 0.034277
274350 -0.0523518
274360 -0.00835954
274370 -0.0326197
274380 0.03862
275160 0.042922
275170 -0.0575667
275180 0.0481706
27640 -0.0537718
27650 -0.0664239
27660 0.0594114
27670 -0.0379214
27680 -0.136193
281020 0.0185479
281030 0.0494828
281040 0.0875051
281050 -0.0793731
281060 0.0358952
281070 0.0797441
281080 -0.0134121
281800 0.111411
281810 0.116443
281820 0.118873
281830 0.00643884
281840 0.0840762
281850 0.0317732
281860 -0.0495921
281870 0.0338992
281880 0.0040634
282620 -0.00533123
282630 0.0434602
282640 -0.0129464
282650 -0.0273612
282660 -0.00553043
282670 0.0498675
282680 0.000793648
283440 -0.00844545
283450 0.0594381
283460 -0.0767653
283470 0.0382226
283480 0.0165805
28420 -0.0442955
284260 0.0306793
284270 0.041109
284280 0.028205
28430 -0.0738259
28440 0.110437
28450 -0.038653
28460 -0.08899
285080 0.0507611
290900 0.121857
290910 0.114888
290920 0.0997833
290930 0.121806
290940 -0.0381854
290950 0.00756549
290960 0.102814
290970 -0.029301
290980 -0.0315559
291720 -0.0169104
291730 -0.0517132
291740 0.0523561
291750 -0.0964698
291760 0.0148639
291770 0.0195882
291780 -0.0246389
29200 -1.28731e-16
29210 -0.125171
29220 0.16809
29230 -0.0396191
29240 -0.0880451
292540 -0.0262484
292550 0.0119908
292560 0.0505877
292570 0.00783364
292580 -0.0354297
293360 -0.0482383
293370 0.0666965
293380 -0.0421832
294180 -0.061155
3000 0
30020 -0.149356
300820 -0.0183937
300830 -0.0341028
300840 -0.0867774
300850 0.0944557
300860 -0.0355967
300870 -0.0772734
300880 0.0133006
3010 0
301600 0
301610 0
301620 0
301630 0
301640 0
301650 0
301660 0
301670 0
301680 0
3020 0
302400 0
302410 0
302420 0
302430 0
302440 0
302450 0
302460 0
302470 0
302480 0
3030 0
303200 0
303210 0
303220 0
303230 0
303240 0
303250 0
303260 0
303270 0
303280 0
3040 0
304000 0
304010 0
304020 0
304030 0
304040 0
304050 0
304060 0
304070 0
304080 0
304800 0
304810 0
304820 0
304830 0
304840 0
304850 0
304860 0
304870 0
304880 0.0560313
3050 0
305600 0
305610 0
305620 0
305630 0
305640 0
305650 0
305660 -0.0610856
305670 0
305680 0
3060 0
306400 0
306410 0
306420 0
306430 0
306440 -0.0523247
306450 0
306460 0
306470 0
306480 0
3070 0
307200 0
307210 0
307220 -0.0423484
307230 0
307240 0
307250 0
307260 0
307270 0
307280 0
3080 0
308000 -0.0624732
308010 0
308020 0
308030 0
308040 0
308050 0
308060 0
308070 0
308080 0
310740 0.0109897
310750 0.0538382
310760 -0.135384
310770 0.0357122
310780 0.0387015
311560 0.0454906
311570 -0.0632185
311580 0.0384315
312380 0.0908313
313980 0.0142386
314760 0.0370786
314770 0.086873
314780 0.0416126
315540 0.0357065
315550 -0.0480015
315560 0.0302548
316320 0.0406501
316330 -0.0880755
316340 0.0276163
317100 0.0952333
317110 -0.136692
317120 0.0306965
320660 -0.0272851
320670 0.153592
320680 -0.0228758
321480 0.0463948
323080 -0.0536621
323860 0.0275532
323870 -0.00998314
323880 0.025331
324640 0.0232545
324650 0.0308584
324660 0.104264
324670 0.0176171
324680 -0.0553386
325420 0.0144914
325430 0.0448126
325440 0.00936665
325450 0.0234625
325460 0.00773672
326200 -0.0174415
326210 0.0788943
326220 -0.0543208
326230 0.0249717
326240 0.0222139
327020 0.0493751
330580 -0.150281
332180 -0.0121156
332960 -0.0482383
332970 -0.0666965
332980 -0.0421832
333740 -0.0412072
333750 0.033576
333760 -0.0474805
333770 0.0209207
333780 -0.0219796
334520 -0.0417634
334530 0.0566784
334540 -0.00773818
334550 0.102129
334560 -0.0173608
334570 -0.0757534
334580 -0.0366145
335300 -0.0746564
335310 0.093103
335320 0.0159341
335330 0.0671996
335340 -0.0126632
335350 -0.0244986
335360 -0.030568
336120 -0.0454104
336130 -0.00751787
336140 -0.0308503
341280 0.071899
342060 -0.0182245
342070 0.0101766
342080 -0.0155866
342840 -0.00844545
342850 -0.0594381
342860 -0.0767653
342870 -0.0382226
342880 0.0165805
343620 0.00503873
343630 -0.0748951
343640 0.0251585
343650 -0.0647926
343660 0.0074984
343670 -0.00698817
343680 -0.00688591
344400 0.0933051
344410 -0.127537
344420 0.106878
344430 -0.0459871
344440 0.0664257
344450 -0.0233302
344460 -0.0916609
344470 -0.0116093
344480 0.0575635
345220 -0.0296439
345230 -0.0342221
345240 -0.0942382
345250 -0.0179177
345260 0.019449
346040 0.0318556
351160 0.0743836
351170 0.0743856
351180 0.062841
35180 0.111744
351940 0.0403051
351950 -0.0324925
351960 0.0501868
351970 -0.0212275
351980 0.0204475
352720 0.0269903
352730 -0.0308491
352740 -0.0391544
352750 -0.0831797
352760 -0.0049372
352770 0.0356444
352780 0.0304565
353500 -0.019373
353510 -8.19194e-17
353520 -0.0998673
353530 2.34056e-17
353540 -0.0348008
353550 -1.75542e-17
353560 0.0339896
353570 -2.92569e-17
353580 0.0232485
354320 0.0494461
354330 -0.0367781
354340 0.0296699
354350 -0.0844697
354360 0.0225888
354370 0.0733353
354380 0.0296705
355140 0.0291029
355150 0.0901079
355160 0.0246595
35960 0.0539572
35970 -0.125579
35980 0.0471842
361040 -0.01255
361050 0.123241
361060 0.0643003
361070 0.0812627
361080 -0.0254721
361820 -0.0217374
361830 0.0948883
361840 -0.0527874
361850 0.0863682
361860 -0.0225496
361870 0.0156169
361880 0.003236
362600 -0.0984522
362610 0.100557
362620 -0.0959073
362630 0.00355516
362640 -0.0754937
362650 0.0302227
362660 0.0602998
362670 0.0310817
362680 -0.0143676
363420 0.00503873
363430 0.0748951
363440 0.0251585
363450 0.0647926
363460 0.0074984
363470 0.00698817
363480 -0.00688591
364240 0.00542356
364250 0.00476387
364260 0.0782247
364270 0.00271969
364280 -0.0602933
365060 -0.0595763
36740 0.0365307
36750 -0.118168
36760 -0.022786
36770 -0.0736288
36780 0.0470565
370920 0.0152424
370930 -0.0290301
370940 0.161382
370950 0.0457782
370960 0.0602786
370970 -0.0481127
370980 -0.0373123
371700 0.143619
371710 -0.116953
371720 0.191455
371730 -0.0787449
371740 0.0809262
371750 -0.0143493
371760 -0.0247774
371770 0.00688416
371780 -0.0209007
372520 -0.0330552
372530 0.0335265
372540 0.0188721
372550 0.0896186
372560 -0.00267316
372570 -0.0381775
372580 -0.0273504
373340 -0.0412072
373350 -0.033576
373360 -0.0474805
373370 -0.0209207
373380 -0.0219796
374160 -0.0182264
374170 -0.0727634
374180 -0.0204551
37520 0.0285926
37530 -0.120766
37540 -0.0495958
37550 -0.0202409
37560 0.00644062
37570 -0.100812
37580 0.0616833
3800 0
380800 -0.0683721
380810 0.108106
380820 -0.0569214
380830 0.181328
380840 0.0252311
380850 -0.00960545
380860 -0.0640268
380870 -0.0655788
380880 0.0211314
3810 0
381620 0.0187418
381630 -0.104848
381640 0.0273263
381650 -0.0949378
381660 0.0133868
381670 -0.0175721
381680 0.00277951
3820 0
382440 -0.00691655
382450 -0.0363346
382460 -0.0864398
382470 -0.0233655
382480 0.0209898
3830 0
38300 -1.40433e-16
38310 -0.167934
38320 -0.0855871
383260 0.0275532
383270 0.00998314
383280 0.025331
38330 0.0170114
38340 -0.000344349
38350 -0.11309
38360 0.0411027
3840 0
384080 0.0605656
3850 0
3860 0
3870 0
3880 0
390720 -0.0182976
390730 0.0207475
390740 -0.154846
390750 -0.0626302
390760 -0.0586261
390770 0.0520787
390780 0.0336952
39120 0.059205
39130 -0.160663
39140 0.0402219
391540 0.0447867
391550 0.00473977
391560 0.0565419
391570 0.00309652
391580 0.0225154
392360 0.0312551
392370 0.0830119
392380 0.0273318
393180 0.0142386
400640 -0.00702902
400650 0.106832
400660 0.0940305
400670 0.0704428
400680 -0.0281123
401400 0
401410 0
401420 0
401430 0
401440 0
401450 0
401460 0
401470 0
401480 0
402200 0
402210 0
402220 0
402230 0
402240 0
402250 0
402260 0
402270 0
402280 0
403000 0
403010 0
403020 0
403030 0
403040 0
403050 0
403060 0
403070 0
403080 0
403800 0
403810 0
403820 0
403830 0
403840 0
403850 0
403860 0
403870 0
403880 0.0605656
404600 0
404610 0
404620 0
404630 0
404640 0
404650 0
404660 -0.0540986
404670 0
404680 0
405400 0
405410 0
405420 0
405430 0
405440 -0.0126143
405450 0
405460 0
405470 0
405480 0
406200 0
406210 0
406220 0.0187314
406230 0
406240 0
406250 0
406260 0
406270 0
406280 0
407000 0.0590332
407010 0
407020 0
407030 0
407040 0
407050 0
407060 0
407070 0
407080 0
410560 -0.0566617
410570 -0.111898
410580 -0.0478691
411380 -0.0133798
412980 -0.061155
413760 -0.0182264
413770 0.0727634
413780 -0.0204551
414540 -0.027437
414550 -0.0735525
414560 -0.0232479
415320 -0.0408032
415330 -0.0737616
415340 -0.0277203
416100 -0.105974
416110 -0.0763442
416120 -0.0341584
420480 0.114147
422080 -0.0495511
422860 0.0306793
422870 -0.041109
422880 0.028205
423640 0.00542356
423650 -0.00476387
423660 0.0782247
423670 -0.00271969
423680 -0.0602933
424420 -0.0166039
424430 -0.0157037
424440 -0.0527839
424450 -0.00822201
424460 0.0108936
425200 -0.110008
425210 -0.046328
425220 -0.11296
425230 -0.0146638
425240 0.0198155
426020 0.049599
431180 0.112105
431960 0.0212564
431970 -0.0553269
431980 0.0185882
432740 0.034277
432750 0.0523518
432760 -0.00835954
432770 0.0326197
432780 0.03862
433520 0.0494461
433530 0.0367781
433540 0.0296699
433550 0.0844697
433560 0.0225888
433570 -0.0733353
433580 0.0296705
434300 0.134854
434310 -8.77708e-17
434320 0.0403392
434330 -3.65712e-18
434340 0.023152
434350 -4.97368e-17
434360 0.0220206
435120 0.0323306
435130 0.0409154
435140 0.0219643
441060 -0.0475957
441070 0.0907625
441080 -0.0407063
441840 -0.00637645
441850 0.0130368
441860 -0.0620231
441870 0.00838349
441880 0.0137963
442620 0.0130708
442630 0.0437175
442640 0.0652626
442650 0.00173714
442660 0.0194513
442670 0.0357896
442680 -0.0178625
44280 0.114147
443400 0.0933051
443410 0.127537
443420 0.106878
443430 0.0459871
443440 0.0664257
443450 0.0233302
443460 -0.0916609
443470 0.0116093
443480 0.0575635
444220 -0.0166039
444230 0.0157037
444240 -0.0527839
444250 0.00822201
444260 0.0108936
445040 0.00802286
45060 0.0495146
45070 0.104671
45080 0.0423475
450940 -0.0445592
450950 -0.0828295
450960 0.0436182
450970 -0.0541129
450980 -0.0489231
451720 -0.0483814
451730 -0.0243532
451740 -0.0269459
451750 -0.0682708
451760 -0.0202748
451770 0.030011
451780 -0.0213611
452500 -0.0754514
452510 0.0573182
452520 0.00479304
452530 0.0614344
452540 -0.0232261
452550 -0.00524784
452560 0.01327
452570 -0.0197417
452580 -0.0345365
453320 -0.0417634
453330 -0.0566784
453340 -0.00773818
453350 -0.102129
453360 -0.0173608
453370 0.0757534
453380 -0.0366145
454140 -0.027437
454150 0.0735525
454160 -0.0232479
45840 0.0271812
45850 0.0915326
45860 -0.0793688
45870 0.0588615
45880 0.0492672
4600 0
460820 -0.00937283
460830 -0.0976859
460840 -0.112665
460850 -0.00450726
460860 -0.0396572
460870 -0.0699549
460880 0.028928
4610 0
461600 -0.0339625
461610 -0.208394
461620 -0.0682101
461630 -0.085497
461640 -0.0572427
461650 -0.0384495
461660 0.058796
461670 -0.0178563
461680 -0.00591191
4620 0
462420 0.0014568
462430 -0.0345103
462440 -0.0242762
462450 0.00632311
462460 -0.00536851
462470 -0.0350141
462480 0.0111377
4630 0
463240 0.0232545
463250 -0.0308584
463260 0.104264
463270 -0.0176171
463280 -0.0553386
4640 0
464060 -0.0540986
4650 0
4660 0
46620 0.00752503
46630 0.0891918
46640 -0.125398
46650 0.0246396
46660 -0.0277309
46670 0.0544785
46680 0.0575313
4670 0
4680 0
470700 -0.171641
470710 -0.0746
470720 -0.182999
470730 -0.130747
470740 -0.0230918
470750 0.0115007
470760 -0.0588581
470770 0.0503221
470780 0.0383863
471520 0.0433261
471530 0.0548208
471540 0.00903002
471550 0.0974287
471560 0.0136284
471570 -0.0271475
471580 0.0242957
472340 0.0279129
472350 0.00649154
472360 -0.0174106
472370 0.00404478
472380 0.0359555
473160 0.0370786
473170 -0.086873
473180 0.0416126
47400 -0.122915
47410 0.122915
47420 -0.194749
47430 -0.000354733
47440 -0.0219321
47450 0.0489464
47460 -0.0232077
47470 0.0421178
47480 0.109232
480620 0.013442
480630 0.0780909
480640 0.120688
480650 -0.0150079
480660 0.0432596
480670 0.067802
480680 -0.0289646
481440 -0.0289194
481450 0.035629
481460 -0.096802
481470 0.0229118
481480 0.004566
48220 0.0658631
482260 -0.00129315
482270 0.0454594
482280 -0.00118885
48230 0.0833956
48240 -0.0504813
48250 0.0436634
48260 0.078884
483080 0.0560313
49040 0.100318
490540 -0.0279693
490550 -0.0887997
490560 0.0688984
490570 -0.0580133
490580 -0.0417344
491360 -0.0373409
491370 0.0730012
491380 -0.0326536
492180 -0.0606102
500460 0.0495146
500470 -0.104671
500480 0.0423475
501200 0
501210 0
501220 0
501230 0
501240 0
501250 0
501260 0
501270 0
501280 0
502000 0
502010 0
502020 0
502030 0
502040 0
502050 0
502060 0
502070 0
502080 0
502800 0
502810 0
502820 0
502830 0
502840 0
502850 0
502860 0
502870 0
502880 0.0507611
503600 0
503610 0
503620 0
503630 0
503640 0
503650 0
503660 -0.0595763
503670 0
503680 0
504400 0
504410 0
504420 0
504430 0
504440 0.00802286
504450 0
504460 0
504470 0
504480 0
505200 0
505210 0
505220 0.0389086
505230 0
505240 0
505250 0
505260 0
505270 0
505280 0
506000 0.0853554
506010 0
506020 0
506030 0
506040 0
506050 0
506060 0
506070 0
506080 0
510380 0.111744
511980 0.0117573
512760 0.042922
512770 0.0575667
512780 0.0481706
513540 0.0291029
513550 -0.0901079
513560 0.0246595
514320 0.0323306
514330 -0.0409154
514340 0.0219643
515100 0.0802424
515110 -9.94736e-17
515120 0.0258645
521080 -0.073869
521860 0.0274607
521870 -0.00769829
521880 0.0252459
522640 -0.0118843
522650 0.0432308
522660 0.0505178
522670 0.0246804
522680 -0.0629652
523420 -0.0296439
523430 0.0342221
523440 -0.0942382
523450 0.0179177
523460 0.019449
524200 -0.110008
524210 0.046328
524220 -0.11296
524230 0.0146638
524240 0.0198155
525020 0.0389086
530960 -0.0714692
530970 -0.0644085
530980 -0.062498
531740 -0.0330744
531750 0.0531131
531760 -0.0371462
531770 0.033094
531780 -0.018051
532520 -0.03357
532530 -0.00482696
532540 0.0176083
532550 0.0500406
532560 -0.0115912
532570 -0.071588
532580 -0.0453255
533300 -0.0746564
533310 -0.093103
533320 0.0159341
533330 -0.0671996
533340 -0.0126632
533350 0.0244986
533360 -0.030568
53380 -0.150281
534120 -0.0408032
534130 0.0737616
534140 -0.0277203
5400 0
540840 0.0368514
540850 -0.10002
540860 -0.0320178
540870 -0.0643196
540880 0.04303
5410 0
54160 -0.0566617
541620 0.0357111
541630 -0.0546578
541640 0.0897692
541650 -0.0482962
541660 0.0319945
541670 -0.00421129
541680 -0.0119608
54170 0.111898
54180 -0.0478691
5420 0
542400 0.0621543
542410 -0.0697067
542420 0.0482808
542430 -0.00268536
542440 0.0509462
542450 -0.0260484
542460 -0.0768723
542470 -0.0218872
542480 0.072034
5430 0
543220 0.0144914
543230 -0.0448126
543240 0.00936665
543250 -0.0234625
543260 0.00773672
5440 0
544040 -0.0126143
5450 0
5460 0
5470 0
5480 0
54940 -0.0279693
54950 0.0887997
54960 0.0688984
54970 0.0580133
54980 -0.0417344
550720 0.0173507
550730 0.0823891
550740 -0.100212
550750 0.00285301
550760 -0.0256749
550770 0.0623332
550780 0.0452543
551500 0.0258529
551510 0.179002
551520 -0.0617012
551530 0.128746
551540 -0.0206159
551550 0.00899158
551560 0.0326983
551570 -0.0215346
551580 0.0213426
552320 0.0370041
552330 -0.028205
552340 -0.00242561
552350 -0.0865838
552360 0.0144617
552370 0.0852097
552380 0.0386333
553140 0.0357065
553150 0.0480015
553160 0.0302548
55720 -0.00712869
55730 0.0712869
55740 0.105489
55750 -0.0212296
55760 0.0298339
55770 0.070957
55780 -0.040599
560600 0.139786
560610 0.0368308
560620 0.153575
560630 -0.0789101
560640 0.0137375
560650 0.0358985
560660 0.0547106
560670 0.0591832
560680 -0.040375
561420 -0.0414968
561430 0.0736222
561440 -0.0727902
561450 0.0636914
561460 -0.0296481
561470 0.0068694
561480 0.00078142
562240 0.00597464
562250 0.0221413
562260 0.104048
562270 0.0126405
562280 -0.0821328
563060 -0.0610856
56500 0.109501
56510 0.035763
56520 0.162772
56530 -0.0859983
56540 0.0288507
56550 0.0467258
56560 0.0182081
56570 0.0667157
56580 -0.0483483
570520 -0.00712869
570530 -0.0712869
570540 0.105489
570550 0.0212296
570560 0.0298339
570570 -0.070957
570580 -0.040599
571340 -0.0435583
571350 0.0123789
571360 -0.0510218
571370 0.0077131
571380 -0.02288
572160 -0.024967
572170 -0.113004
572180 -0.0280201
57320 -0.0449401
57330 0.126572
57340 0.0344098
57350 0.0470838
57360 -0.0144421
57370 0.0712872
57380 -0.0679062
580440 0.0271812
580450 -0.0915326
580460 -0.0793688
580470 -0.0588615
580480 0.0492672
581260 0.0169988
581270 0.0114919
581280 0.0156279
58140 -0.0574616
58150 0.0843552
58160 -0.0486883
582080 0.0977211
590360 0.0539572
590370 0.125579
590380 0.0471842
591180 0.0156047
600280 -0.140943
601000 0
601010 0
601020 0
601030 0
601040 0
601050 0
601060 0
601070 0
601080 0
601800 0
601810 0
601820 0
601830 0
601840 0
601850 0
601860 0
601870 0
601880 0.0381743
602600 0
602610 0
602620 0
602630 0
602640 0
602650 0
602660 -0.0602847
602670 0
602680 0
603400 0
603410 0
603420 0
603430 0
603440 0.0318556
603450 0
603460 0
603470 0
603480 0
604200 0
604210 0
604220 0.049599
604230 0
604240 0
604250 0
604260 0
604270 0
604280 0
605000 0.0853554
605010 0
605020 0
605030 0
605040 0
605050 0
605060 0
605070 0
605080 0
610980 -0.0803975
611760 -0.0135859
611770 0.0408884
611780 -0.0152472
612540 -0.0360826
612550 -0.0959306
612560 -0.0305734
613320 -0.0454104
613330 0.00751787
613340 -0.0308503
614100 -0.105974
614110 0.0763442
614120 -0.0341584
6200 0
620860 0.0626626
620870 -0.0490365
620880 0.0576087
6210 0
621640 -0.0074781
621650 0.00334264
621660 0.036124
621670 0.00190831
621680 -0.043432
6220 0
622420 -0.0114451
622430 -0.0351502
622440 -0.104362
622450 -0.0184036
622460 0.0394486
6230 0
623200 -0.0174415
623210 -0.0788943
623220 -0.0543208
623230 -0.0249717
623240 0.0222139
6240 0
624020 0.0187314
62480 -0.0883571
6250 0
6260 0
6270 0
6280 0
630740 0.0566499
630750 0.0936373
630760 0.00606168
630770 0.058344
630780 0.0553802
631520 0.053142
631530 -0.015658
631540 0.045773
631550 0.029628
631560 0.0256546
631570 -0.0559211
631580 0.0226263
632300 0.0989297
632310 -0.08679
632320 0.0109471
632330 -0.0941209
632340 0.0169094
632350 0.0586553
632360 0.0251092
63260 -0.0272851
63270 -0.153592
63280 -0.0228758
633120 0.0406501
633130 0.0880755
633140 0.0276163
64040 -0.00702902
64050 -0.106832
64060 0.0940305
640620 -0.0189734
640630 0.106396
640640 0.0996374
640650 0.0416748
640660 0.0181949
640670 0.0541926
640680 -0.0549527
64070 -0.0704428
64080 -0.0281123
641400 -0.0963851
641410 0.178166
641420 -0.0307249
641430 0.0820932
641440 0.0125884
641450 0.0220192
641460 -0.0742445
641470 0.00386031
641480 0.0452524
642220 0.00290282
642230 0.0190589
642240 0.0572404
642250 0.0099787
642260 -0.0244632
643040 -0.0523247
64820 0.013442
64830 -0.0780909
64840 0.120688
64850 0.0150079
64860 0.0432596
64870 -0.067802
64880 -0.0289646
650500 0.109501
650510 -0.035763
650520 0.162772
650530 0.0859983
650540 0.0288507
650550 -0.0467258
650560 0.0182081
650570 -0.0667157
650580 -0.0483483
651320 -0.054035
651330 -0.0381273
651340 -0.037157
651350 -0.0841539
651360 -0.0251547
651370 0.0714889
651380 -0.0292666
652140 -0.024128
652150 -0.0102378
652160 -0.0204441
65600 0.139786
65610 -0.0368308
65620 0.153575
65630 0.0789101
65640 0.0137375
65650 -0.0358985
65660 0.0547106
65670 -0.0591832
65680 -0.040375
660420 0.00752503
660430 -0.0891918
660440 -0.125398
660450 -0.0246396
660460 -0.0277309
660470 -0.0544785
660480 0.0575313
661240 0.0392195
661250 -0.0164357
661260 0.125771
661270 -0.00938311
661280 -0.0493137
662060 -0.0191532
66420 -0.0189734
66430 -0.106396
66440 0.0996374
66450 -0.0416748
66460 0.0181949
66470 -0.0541926
66480 -0.0549527
670340 0.0365307
670350 0.118168
670360 -0.022786
670370 0.0736288
670380 0.0470565
671160 0.0323256
671170 -0.116551
671180 0.0362784
67240 -0.0650488
67250 -0.0651363
67260 -0.0148376
67270 -0.0371863
67280 -0.0885351
680260 -0.0741571
680270 0.0668443
680280 -0.0681762
68060 -0.068999
681080 0.0719342
690180 -0.0793133
7000 0
700800 0
700810 0
700820 0
700830 0
700840 0
700850 0
700860 0
700870 0
700880 0.0625561
7010 0
701600 0
701610 0
701620 0
701630 0
701640 0
701650 0
701660 -0.0428552
701670 0
701680 0
7020 0
702400 0
702410 0
702420 0
702430 0
702440 0.062354
702450 0
702460 0
702470 0
702480 0
7030 0
703200 0
703210 0
703220 0.0493751
703230 0
703240 0
703250 0
703260 0
703270 0
703280 0
7040 0
704000 0.0590332
704010 0
704020 0
704030 0
704040 0
704050 0
704060 0
704070 0
704080 0
7050 0
7060 0
7070 0
7080 0
710760 0.0605684
710770 0.0408204
710780 0.0679748
711540 0.0215976
711550 -0.0791132
711560 0.0183
712320 0.034084
712330 0.0722673
712340 0.0231555
713100 0.0952333
713110 0.136692
713120 0.0306965
71580 0.237767
720640 -0.0650488
720650 0.0651363
720660 -0.0148376
720670 0.0371863
720680 -0.0885351
721420 -0.0345727
721430 0.0157001
721440 -0.113543
721450 0.00822011
721460 0.0243912
722200 -0.00786048
722210 0.0344429
722220 0.0171307
722230 0.0109019
722240 -0.0117849
723020 -0.0423484
72360 0.0520566
72370 -0.0938464
72380 0.043421
730520 -0.0449401
730530 -0.126572
730540 0.0344098
730550 -0.0470838
730560 -0.0144421
730570 -0.0712872
730580 -0.0679062
731300 -0.127863
731310 -0.156817
731320 -0.0252383
731330 -0.130426
731340 -0.0218994
731350 0.0608804
731360 -0.0271269
73140 0.0109897
73150 -0.0538382
73160 -0.135384
73170 -0.0357122
73180 0.0387015
732120 -0.0330446
732130 0.0400569
732140 -0.0224494
73920 -0.0182976
73930 -0.0207475
73940 -0.154846
73950 0.0626302
73960 -0.0586261
73970 -0.0520787
73980 0.0336952
740400 -0.122915
740410 -0.122915
740420 -0.194749
740430 0.000354733
740440 -0.0219321
740450 -0.0489464
740460 -0.0232077
740470 -0.0421178
740480 0.109232
741220 0.0639278
741230 -0.0394616
741240 0.129869
741250 -0.0206609
741260 -0.00747484
742040 -0.0342623
74700 -0.171641
74710 0.0746
74720 -0.182999
74730 0.130747
74740 -0.0230918
74750 -0.0115007
74760 -0.0588581
74770 -0.0503221
74780 0.0383863
750320 0.0285926
750330 0.120766
750340 -0.0495958
750350 0.0202409
750360 0.00644062
750370 0.100812
750380 0.0616833
751140 0.0398091
751150 -0.0506746
751160 0.033731
75520 0.0173507
75530 -0.0823891
75540 -0.100212
75550 -0.00285301
75560 -0.0256749
75570 -0.0623332
75580 0.0452543
760240 -0.0537718
760250 0.0664239
760260 0.0594114
760270 0.0379214
760280 -0.136193
761060 -0.0277556
76340 0.0566499
76350 -0.0936373
76360 0.00606168
76370 -0.058344
76380 0.0553802
770160 -0.0447766
770170 -0.161444
770180 -0.050252
77160 0.0605684
77170 -0.0408204
77180 0.0679748
7800 0
780080 0.203931
7810 0
7820 0
7830 0
7840 0
7850 0
7860 0
7870 0
7880 0.203931
800600 0
800610 0
800620 0
800630 0
800640 0
800650 0
800660 -0.068999
800670 0
800680 0
801400 0
801410 0
801420 0
801430 0
801440 0.0524829
801450 0
801460 0
801470 0
801480 0
802200 0
802210 0
802220 -0.0078401
802230 0
802240 0
802250 0
802260 0
802270 0
802280 0
803000 -0.0624732
803010 0
803020 0
803030 0
803040 0
803050 0
803060 0
803070 0
803080 0
810540 -0.0574616
810550 -0.0843552
810560 -0.0486883
811320 -0.0417633
811330 0.0985278
811340 -0.0283726
812100 -0.086764
812110 0.0895319
812120 -0.0279666
81460 -4.55745e-17
81470 0.261725
81480 -1.68281e-17
820420 0.0658631
820430 -0.0833956
820440 -0.0504813
820450 -0.0436634
820460 0.078884
821200 0.216128
821210 -0.0887834
821220 0.142777
821230 -0.0281018
821240 0.00252814
822020 -0.0374698
82240 -0.00748403
82250 0.10709
82260 -0.0957839
82270 0.0713269
82280 0.0143847
83020 -0.0183937
83030 0.0341028
830300 -1.40433e-16
830310 0.167934
830320 -0.0855871
830330 -0.0170114
830340 -0.000344349
830350 0.11309
830360 0.0411027
83040 -0.0867774
83050 -0.0944557
83060 -0.0355967
83070 0.0772734
83080 0.0133006
831120 0.0524112
831130 -0.00552462
831140 0.0356064
83800 -0.0683721
83810 -0.108106
83820 -0.0569214
83830 -0.181328
83840 0.0252311
83850 0.00960545
83860 -0.0640268
83870 0.0655788
83880 0.0211314
840220 -0.0442955
840230 0.0738259
840240 0.110437
840250 0.038653
840260 -0.08899
841040 -0.0651208
84620 -0.00937283
84630 0.0976859
84640 -0.112665
84650 0.00450726
84660 -0.0396572
84670 0.0699549
84680 0.028928
850140 -0.0363406
850150 -0.166534
850160 -0.0307921
85440 0.0368514
85450 0.10002
85460 -0.0320178
85470 0.0643196
85480 0.04303
8600 0
860060 0.122041
8610 0
8620 0
86260 0.0626626
86270 0.0490365
86280 0.0576087
8630 0
8640 0
8650 0
8660 0.122041
8670 0
8680 0
87080 0.0625561
900400 0
900410 0
900420 0
900430 0
900440 0.100318
900450 0
900460 0
900470 0
900480 0
901200 0
901210 0
901220 -0.0167222
901230 0
901240 0
901250 0
901260 0
901270 0
901280 0
902000 -0.0641214
902010 0
902020 0
902030 0
902040 0
902050 0
902060 0
902070 0
902080 0
910320 0.059205
910330 0.160663
910340 0.0402219
911100 0.130499
911110 0.033014
911120 0.0420638
91340 0.0228967
91350 6.14567e-17
91360 0.279116
91370 1.99854e-17
91380 -0.039065
920200 -1.28731e-16
920210 0.125171
920220 0.16809
920230 0.0396191
920240 -0.0880451
921020 -0.0988275
92120 0.0399371
92130 -0.0243049
92140 0.181856
92150 -0.0922684
92160 0.076335
92170 0.0328251
92180 -0.0257894
92900 0.121857
92910 -0.114888
92920 0.0997833
92930 -0.121806
92940 -0.0381854
92950 -0.00756549
92960 0.102814
92970 0.029301
92980 -0.0315559
930120 -0.039065
930130 -0.185301
930140 -0.0265394
93720 0.0152424
93730 0.0290301
93740 0.161382
93750 -0.0457782
93760 0.0602786
93770 0.0481127
93780 -0.0373123
9400 0
940040 0.103427
9410 0
9420 0
9430 0
9440 0.103427
9450 0
94540 -0.0445592
94550 0.0828295
94560 0.0436182
94570 0.0541129
94580 -0.0489231
9460 0
9470 0
9480 0
95360 -0.0714692
95370 0.0644085
95380 -0.062498
96180 -0.0803975
