2471
101330 0.0874637
101340 -0.10799
101350 -0.0603395
102130 -0.0637586
102140 0.174761
102150 0.00430719
102930 0.046725
102940 -0.0166639
102950 0.0381051
10330 0.0821261
10340 0
10350 0
103730 -0.0272621
103740 -0.0644652
103750 0.0519645
104530 0
104540 0
104550 0.0194111
105350 0
107750 0
108530 0
108540 0
108550 0.0914092
109330 0.0577124
109340 0
109350 0
110130 0
111230 0.0246401
111240 -0.133603
111250 -0.0203174
11130 0
112030 -0.00896614
112040 0.134522
112050 -0.0446416
112830 0.0647304
112840 0.030329
112850 0.00676659
113630 0
113640 0
113650 0.0692143
114450 0
116850 0
117630 0
117640 0
117650 -0.093767
118430 -0.0671059
118440 0.0655127
118450 0.0672234
119230 0.0971614
119240 0
119250 0
120030 0
121930 0.0170848
121940 0.0728504
121950 -0.0659478
122730 0
122740 0
122750 -0.0505663
123550 0
125950 0
126730 0
126740 0
126750 0.02367
127530 0.0319315
127540 -0.0884924
127550 -0.0944583
128330 -0.110754
128340 0.0417609
128350 -0.084376
129130 -0.0369954
129140 0
129150 0
131830 0
131840 0
131850 -0.0647099
132650 0
135050 0
135830 0
135840 0
135850 0.0609798
136630 0.020967
136640 0.0429693
136650 0.06358
137430 0.059414
137440 -0.100543
137450 0.0108045
138230 -0.0586411
138240 -0.0266906
138250 -0.0423802
139030 -0.0664924
139040 0
139050 0
141750 0
144150 0
144930 0
144940 0
144950 -0.0793209
145730 -0.0459135
145740 0.0406534
145750 0.0174164
146530 0.0278724
146540 0.0909138
146550 0.0498729
147330 0.0881465
147340 -0.025382
147350 0.0779564
148130 0.0483787
148140 -0.0201064
148150 0.0754972
153250 0
154030 0
154040 0
154050 0.0133914
154830 0.0245358
154840 -0.0801501
154850 -0.0724693
155630 -0.0670016
155640 0.0131582
155650 -0.0449878
156430 -0.00677671
156440 0.0896168
156450 -0.0337165
157230 0.0757849
157240 0.0338385
157250 0.00548745
158030 0
158040 0
158050 0.0201163
162350 0
163130 0
163140 0
163150 0.0721819
163930 0.0179116
163940 0.0310232
163950 0.044004
164730 0.0267921
164740 -0.111595
164750 -0.0137074
165530 -0.0757523
165540 -0.053131
165550 -0.0392086
166330 -0.0774139
166340 0.0221631
166350 -0.0743732
167130 0
167140 0
167150 -0.0823044
172230 0
172240 0
172250 -0.10181
173030 -0.0430499
173040 0.0591288
173050 0.0368589
173830 0.0344831
173840 0.0826423
173850 0.0488781
174630 0.0435642
174640 -0.0720513
174650 0.0528789
175430 -0.0664225
175440 -0.0714199
175450 0.0393085
176230 0
176240 0
176250 0.00111694
177050 0
17850 0
182130 0.0375113
182140 -0.10387
182150 -0.0867721
182930 -0.0482227
182940 0.0576289
182950 -0.0178952
183730 0.0486221
183740 0.120894
183750 -0.000302955
184530 0.0987523
184540 0.00634565
184550 0.0528566
185330 0
185340 0
185350 0.102707
186150 0
18630 0
18640 0
18650 -0.153538
192030 0.0166531
192040 -0.163366
192050 -0.0348468
192830 -0.0613113
192840 0.00127572
192850 -0.0442438
193630 0.0532167
193640 0.0963904
193650 -0.0712589
19430 -0.159641
19440 0.0485865
194430 0
194440 0
194450 -0.0364942
19450 -0.0375441
195250 0
20230 -0.010347
20240 0
20250 0
202730 -0.120935
202740 -0.0583296
202750 -0.0106203
203530 0
203540 0
203550 -0.109712
204350 0
206750 0
207530 0
207540 0
207550 -0.011394
208330 -0.061686
208340 0
208350 0
209130 0
21030 0
212630 0
212640 0
212650 0.0859137
213450 0
215850 0
216630 0
216640 0
216650 -0.0304279
217430 0.0197189
217440 0.0351929
217450 0.0804723
218230 0.0671389
218240 0
218250 0
219030 0
222550 0
224950 0
225730 0
225740 0
225750 0.0657502
226530 0.0581451
226540 -0.0590236
226550 -0.0388877
227330 -0.0182191
227340 0.0625711
227350 0.0140282
228130 0.0740565
228140 0
228150 0
234050 0
234830 0
234840 0
234850 -0.0503525
235630 -0.0972949
235640 0.0553519
235650 0.00429692
236430 -0.00521702
236440 -0.086294
236450 -0.0346969
237230 -0.0741134
237240 0.0106859
237250 -0.0758173
238030 -0.0454009
238040 0
238050 0
243150 0
243930 0
243940 0
243950 -0.0131727
244730 0.0511409
244740 -0.0178276
244750 0.0113332
245530 -0.00862915
245540 0.0549464
245550 0.0111329
246330 0.000205138
246340 -0.0662294
246350 0.0236579
247130 -0.0673464
247140 -0.0265796
247150 -0.00464028
253030 0
253040 0
253050 0.0741628
253830 0.0486185
253840 -0.0326114
253850 -0.00610215
254630 0.0288809
254640 0.00940886
254650 0.0239863
255430 0.0531834
255440 0.0685763
255450 0.0177549
256230 0.0778951
256240 -0.00431711
256250 0.0566072
257030 0
257040 0
257050 0.0591948
262930 -0.12237
262940 0.0632783
262950 -0.00579516
263730 -0.0140726
263740 -0.048818
263750 -0.0246554
264530 -0.0137898
264540 0.00949699
264550 -0.0129774
265330 0.0613353
265340 0.059013
265350 -0.0310491
266130 0
266140 0
266150 -0.0108507
26950 0
272830 -0.0313841
272840 0.035247
272850 -0.0122792
273630 -0.0497009
273640 -0.0740026
273650 -0.0140117
274430 -0.0977016
274440 -0.0279797
274450 -0.0284559
275230 0
275240 0
275250 -0.0779733
276050 0
27730 0
27740 0
27750 0.127467
283530 -0.0537722
283540 -0.0648274
283550 0.0380807
284330 0
284340 0
284350 0.0387963
285150 0
28530 0.162102
28540 -0.0935048
28550 -0.0158006
29330 -0.0479422
29340 -0.00539856
293430 0
293440 0
293450 0.0803292
29350 -0.048286
294250 0
30130 -0.0490492
30140 0
30150 0
303350 0
305750 0
306530 0
306540 0
306550 0.00319523
307330 -0.0325071
307340 0
307350 0
308130 0
314850 0
315630 0
315640 0
315650 -0.0713491
316430 -0.0173462
316440 0.0235597
316450 0.0295731
317230 -0.00716009
317240 0
317250 0
318030 0
323950 0
324730 0
324740 0
324750 0.080465
325530 0.0520514
325540 -0.064382
325550 -0.049861
326330 -0.0226091
326340 0.0535874
326350 0.0053532
327130 0.04131
327140 0
327150 0
333830 0
333840 0
333850 -0.00860029
334630 -0.035059
334640 0.0686902
334650 0.0588249
335430 0.0505309
335440 -0.0897893
335450 0.00767087
336230 -0.0128896
336240 0.0244337
336250 -0.0244967
337030 0.0170734
337040 0
337050 0
343730 -0.0157713
343740 -0.0119695
343750 -0.023048
344530 -0.0371256
344540 0.0873258
344550 0.000223738
345330 0.00615536
345340 -0.0627174
345350 0.0270663
346130 -0.0390948
346140 -0.0131251
346150 -0.00693586
353630 -0.0114645
353640 -0.0207002
353650 -0.0146904
354430 -0.0155313
354440 0.0686029
354450 -0.0335289
355230 -0.0121371
355240 -0.0180268
355250 0.015556
356030 0
356040 0
356050 0.0173527
36050 0
364330 0.0394058
364340 0.0419687
364350 -0.0247126
365130 0
365140 0
365150 0.00204416
36830 0
36840 0
36850 -4.05551e-08
374230 0
374240 0
374250 -0.0207095
375050 0
37630 -0.0529434
37640 0.0843901
37650 0.0661069
384150 0
38430 0.0913035
38440 -0.0379683
38450 0.05795
39230 0.0311832
39240 -0.0216286
39250 0.0404842
40030 0.00984162
40040 0
40050 0
404750 0
405530 0
405540 0
405550 -0.0203034
406330 -0.0457673
406340 0
406350 0
407130 0
414630 0
414640 0
414650 0.00563964
415430 0.0693033
415440 0.0083242
415450 0.0704516
416230 0.0182333
416240 0
416250 0
417030 0
424530 -0.0353122
424540 -0.032349
424550 -0.0652799
425330 -0.0107874
425340 0.0605126
425350 0.0200625
426130 0.0481195
426140 0
426150 0
434430 -0.0121296
434440 -0.0938911
434450 -0.0427996
435230 -0.0521436
435240 0.0399516
435250 -0.0695925
436030 -0.00693463
436040 0
436050 0
445130 -0.0441445
445140 -0.0122915
445150 -0.0124874
45150 0
455030 0
455040 0
455050 0.0537977
45930 0
45940 0
45950 -0.126715
46730 -0.0969085
46740 8.26624e-08
46750 -0.0592911
47530 -0.0631114
47540 0.0832339
47550 -0.0204756
48330 0.0290757
48340 0.0230011
48350 0.0145834
49130 0.0435113
49140 0.00336153
49150 0.028423
505330 -0.0556207
505340 0
505350 0
506130 0
515230 -0.0574382
515240 0
515250 0
516030 0
54250 0
55030 0
55040 0
55050 0.130007
55830 0.159891
55840 -0.0959345
55850 -0.00774196
56630 -0.0224144
56640 -0.0581051
56650 -0.0340936
57430 -0.0585204
57440 0.0227794
57450 -0.0509531
58230 -0.0280907
58240 0.0191054
58250 -0.0432896
59030 0
59040 0
59050 -0.0334228
63350 0
64130 0
64140 0
64150 -6.21433e-08
64930 -0.0772411
64940 0.104055
64950 0.065024
65730 0.0800425
65740 -0.0415037
65750 0.0455976
66530 0.01119
66540 -0.0644617
66550 0.0278221
67330 -0.0434562
67340 -0.0216923
67350 -0.00164151
68130 0
68140 0
68150 -0.0169435
72450 0
73230 0
73240 0
73250 -0.145313
74030 -0.0798744
74040 1.41893e-07
74050 -0.0478237
74830 -0.0513531
74840 0.113184
74850 -0.00390786
75630 0.0494512
75640 0.0260251
75650 0.0280569
76430 0.0430742
76440 -0.0200735
76450 0.0488243
77230 0
77240 0
77250 0.0532478
78050 0
81550 0
82330 0
82340 0
82350 0.185239
83130 0.183567
83140 -0.127965
83150 -0.0249052
83930 -0.0277807
83940 -0.0587958
83950 -0.0368318
84730 -0.0389278
84740 0.0655937
84750 -0.0471018
85530 0.0364786
85540 0.0451326
85550 -0.0270911
86330 0
86340 0
86350 0.00255824
87150 0
8750 0
91430 0
91440 0
91450 -0.113183
92230 -0.171769
92240 0.170068
92250 0.0753933
93030 0.0766775
93040 -0.0841289
93050 0.0306459
93830 -0.0229441
93840 -0.0863275
93850 0.00846902
94630 -0.054318
94640 0.00399527
94650 -0.0369418
9530 0
9540 0
95430 0
95440 0
95450 -0.064572
9550 0.0882007
96250 0
