3553
101420 0
101430 0
101440 0
101440 -0.0398367
101450 0
101450 0.0796736
101460 0
101460 -0.215886
101470 0
101470 -0.108938
101480 0
101480 0.0164627
102220 0
102220 -0.159177
102230 0
102230 0.163332
102240 0
102240 -0.176718
102250 0
102250 0.0456171
102260 0
102260 0.0528982
102270 0
102270 -0.067659
102280 0
102280 -0.00727556
103020 0
103020 0.0222588
103030 0
103030 -0.035061
103040 0
103040 0.101357
103050 0
103050 0.0727216
103060 0
103060 0.0425451
103070 0
103070 -0.0639247
103080 0
103080 -0.0143737
103820 0
103820 0.0840769
103830 0
103830 0.0947206
103840 0
103840 0.0953624
103850 0.00114521
103850 -0.0715062
103860 0
103860 0.0904497
103870 0
103870 -0.0416342
103880 0
103880 -0.0294865
10420 0
10430 0
10440 0.0981693
10450 0
10460 0
104620 0
104630 0
104640 0
104640 -0.0220436
104650 0.000237057
104650 0.0583218
104660 0
104660 0.041888
104670 0.0143575
104670 -0.0208424
104680 0.00173033
104680 -0.0457171
105440 0
105450 0
105460 0.00861196
105460 -0.0699441
105470 0.0111599
105470 0.022203
105480 0.0068914
105480 -0.0685253
106260 0
106270 0
106280 0.0244006
106280 -0.0982935
107080 0
107860 0
107870 0
107880 0.0505118
107880 0.200562
108640 0
108650 0
108660 -0.026724
108660 0.111006
108670 0
108680 0
109420 0
109430 0
109440 -0.0599086
109440 0.0909722
109450 0
109460 0
110220 -0.105411
110230 0
110240 0
111020 0
111320 0
111320 0.0978883
111330 0
111330 -0.117132
111340 0
111340 0.0967464
111350 0
111350 -0.156476
111360 0
111360 -0.186219
111370 0
111370 0.0263354
111380 0
111380 0.0266974
112120 0
112120 -0.0385505
112130 0
112130 0.0291719
112140 0
112140 -0.170513
112150 0
112150 0.106512
112160 0
112160 -0.0727809
112170 0
112170 -0.035717
112180 0
112180 0.0226973
11220 0.125859
11230 0
11240 0
112920 0
112920 0.0123157
112930 0
112930 0.0193865
112940 0
112940 0.0855679
112950 0
112950 0.0252045
112960 0
112960 -0.0714505
112970 0
112970 -0.0537414
112980 0
112980 0.0254748
113720 0
113730 0
113740 0
113740 -0.0410331
113750 0
113750 -0.0995792
113760 0
113760 0.0405972
113770 0.00707033
113770 -0.0909293
113780 0
113780 0.0223409
114540 0
114550 0
114560 0.00424864
114560 -0.0281823
114570 0.0116819
114570 -0.0978918
114580 0.00208308
114580 0.0158243
115360 0
115370 0
115380 -0.00924463
115380 0.0105631
116180 0
116960 0
116970 0
116980 -0.02663
116980 0.206296
117740 0
117750 0
117760 0.0142599
117760 0.126824
117770 0.0899738
117770 0.176948
117780 0.0855671
117780 0.140984
118520 0
118530 0
118540 0.0336972
118540 0.117195
118550 0.0418494
118550 0.151488
118560 0.0548402
118560 0.0842912
118570 0
118580 0
119320 0.0678832
119330 0.00800022
119340 0.0466377
119350 0
119360 0
120120 0.0475091
120130 0
120140 0
12020 0
121220 0
121220 -2.40642e-16
121230 0
121230 -0.0743188
121240 0
121240 -3.09785e-16
121250 0
121250 -0.262676
121260 0
121260 -3.26992e-17
121270 0
121270 0.083881
121280 0
121280 1.02432e-18
122020 0
122020 -0.0934907
122030 0
122030 -0.0814608
122040 0
122040 -0.111448
122050 0
122050 0.082375
122060 0
122060 -0.103071
122070 0
122070 0.050013
122080 0
122080 0.0164824
122820 0
122830 0
122840 0
122840 -0.000859563
122850 0
122850 -0.0621642
122860 0
122860 -0.100766
122870 0
122870 0.0504117
122880 0
122880 0.0320049
123640 0
123650 0
123660 0
123660 0.0651943
123670 0.00490867
123670 -0.021744
123680 0
123680 0.0626094
124460 0
124470 0
124480 0
124480 0.118365
125280 0
126060 0
126070 0
126080 -0.011427
126080 0.159953
126840 0
126850 0
126860 0.0192366
126860 0.103516
126870 -0.0550974
126870 0.200657
126880 -0.0109974
126880 0.0872552
127620 0
127630 0
127640 0.0310249
127640 0.109614
127650 -0.0300472
127650 0.168065
127660 0.0803785
127660 0.0828458
127670 0.0654913
127670 0.109683
127680 -0.0221361
127680 0.074077
128420 0.0524041
128420 0.241452
128430 -0.0177791
128430 0.176212
128440 0.0834412
128440 0.0944814
128450 0.0778025
128450 0.108727
128460 0.0129306
128460 0.0365514
128470 0
128480 0
129220 0.0518102
129220 0.0674887
129230 0.104809
129230 0.115527
129240 0.0351981
129240 0.0404848
129250 0
129260 0
130020 0.118442
130030 0
130040 0
131920 0
131930 0
131940 0
131940 0.0337527
131950 0
131950 0.093417
131960 0
131960 -0.0403089
131970 0
131970 0.0850217
131980 0
131980 -0.0233147
132740 0
132750 0
132760 0
132760 0.0299452
132770 0
132770 0.137706
132780 0
132780 -0.0281567
133560 0
133570 0
133580 0
133580 0.00794021
134380 0
135160 0
135170 0
135180 0.0199748
135180 0.107869
135940 0
135950 0
135960 -0.0278432
135960 0.0632539
135970 -0.0260821
135970 0.165064
135980 -0.0358463
135980 0.0491839
136720 0
136730 0
136740 -0.0520765
136740 0.0705599
136750 0.0120731
136750 0.145211
136760 0.0654616
136760 -0.0833134
136770 -0.0429743
136770 0.085085
136780 -0.0228761
136780 0.0649515
137520 -0.117684
137520 0.193596
137530 0.052121
137530 0.190895
137540 -0.0848033
137540 0.0907487
137550 0.00936503
137550 0.0979121
137560 0.030687
137560 0.0481487
137570 -0.0392174
137570 0.0466946
137580 0.0663772
137580 -0.0787085
138320 -0.0274052
138320 0.0456851
138330 -0.0174492
138330 0.118125
138340 0.0720885
138340 0.0965222
138350 -0.00913596
138350 0.0687408
138360 0.0338058
138360 -0.0568249
138370 0
138380 0
139120 0.0131967
139130 0.0813343
139140 -0.0629018
139150 0
139160 0
141840 0
141850 0
141860 0
141860 -0.0545827
141870 0
141870 0.0187062
141880 0
141880 -0.0519813
142660 0
142670 0
142680 0
142680 -0.143953
143480 0
144260 0
144270 0
144280 0.0585036
144280 -8.7863e-08
145040 0
145050 0
145060 -0.00693353
145060 0.0264676
145070 0.0491606
145070 0.122403
145080 0.0147643
145080 0.0223143
145820 0
145830 0
145840 0.00021937
145840 0.0306173
145850 -0.00322234
145850 0.105047
145860 -0.0301803
145860 0.0640882
145870 -0.0268262
145870 0.0595951
145880 0.000500724
145880 0.0490494
146620 0.0439822
146620 0.109496
146630 -0.0547025
146630 0.148268
146640 -0.0118889
146640 0.107483
146650 0.0679358
146650 -0.0736176
146660 0.0538259
146660 -0.0706587
146670 -0.0168498
146670 0.0609563
146680 0.0083953
146680 0.0505663
147420 0.0199376
147420 -0.0529878
147430 -0.0508012
147430 0.097306
147440 -0.100611
147440 0.112257
147450 0.00494252
147450 0.0967212
147460 -0.0310329
147460 0.0403926
147470 0.0313596
147470 -0.060286
147480 0.0141065
147480 0.111921
148220 0.055192
148220 -0.119887
148230 -0.0596476
148230 0.0645223
148240 0.0176596
148240 0.0509714
148250 0.0352453
148250 -0.0806199
148260 -0.0106372
148260 0.068906
148270 0
148280 0
149020 0
149030 0
149040 0.0130236
149040 -0.0564226
149050 0
149060 0
151760 0
151770 0
151780 0
151780 -0.00618495
152580 0
153360 0
153370 0
153380 -0.0134111
153380 0.0181565
154140 0
154150 0
154160 0.00570813
154160 0.0374653
154170 0.0754764
154170 7.67599e-08
154180 0.00805441
154180 0.0313268
154920 0
154930 0
154940 0.0130451
154940 0.0524028
154950 -0.0179733
154950 0.0514382
154960 0.0704961
154960 0.0860651
154970 0.036551
154970 0.0442276
154980 0.0214756
154980 0.024319
155720 0.0614398
155720 0.0829701
155730 -0.0242788
155730 0.067571
155740 0.0579479
155740 0.120932
155750 -0.00592981
155750 0.0508119
155760 0.00290179
155760 0.061161
155770 0.016507
155770 0.0617942
155780 0.0261223
155780 0.0279632
156520 0.0131553
156520 0.0324166
156530 -0.0232619
156530 0.0628948
156540 -0.0236591
156540 0.116233
156550 -0.0602736
156550 0.0905339
156560 0.00392618
156560 0.0454333
156570 0.0331133
156570 0.0554483
156580 0.0328962
156580 0.0576603
157320 0.0233353
157320 -0.061145
157330 0.0364122
157330 -0.0935709
157340 0.0461956
157340 -0.0465303
157350 0.030496
157350 0.0787419
157360 -0.0149952
157360 0.0535442
157370 0.0194833
157370 0.0584868
157380 0.0726961
157380 0.114436
158120 0
158130 0
158140 0.0221056
158140 0.0518226
158150 0.0155751
158150 -0.0270629
158160 0.0602004
158160 0.0759467
158170 0
158180 0
161680 0
162460 0
162470 0
162480 0
162480 0.00489377
163240 0
163250 0
163260 0
163260 -0.0131963
163270 0.0264248
163270 -0.0370648
163280 0.00219423
163280 -0.0254584
164020 0
164030 0
164040 0.00819362
164040 -0.0330174
164050 0.0114581
164050 0.0394543
164060 -0.00638943
164060 0.0502807
164070 0.0264433
164070 0.0267769
164080 -0.00108354
164080 0.00609677
164820 0.0250733
164820 -0.11418
164830 0.0215949
164830 0.101608
164840 -0.0234774
164840 0.0805766
164850 0.0501881
164850 0.0913045
164860 0.0548471
164860 0.0666425
164870 0.0194428
164870 0.0374278
164880 -0.00418662
164880 0.00795102
165620 0.0154562
165620 0.0408685
165630 0.0349546
165630 0.0596636
165640 0.0782091
165640 0.102513
165650 0.0208922
165650 0.0757971
165660 0.0337522
165660 0.0383004
165670 0.0316162
165670 0.0542967
165680 -0.0009273
165680 0.0219429
166420 0.0137458
166420 0.0989984
166430 0.0139519
166430 0.037693
166440 -0.00446671
166440 0.0375353
166450 0.0166746
166450 0.0942946
166460 0.0511531
166460 0.0611652
166470 0.0379816
166470 0.0706378
166480 -0.00782623
166480 0.0405344
167220 0
167230 0
167240 0.0183381
167240 0.0562273
167250 0.0422741
167250 0.0750261
167260 -0.000148755
167260 0.0420015
167270 0.0487956
167270 0.0586333
167280 -0.00952342
167280 0.0589638
168040 0
168050 0
168060 0.0161739
168060 0.0435619
168070 0
168080 0
17180 0
172340 0
172350 0
172360 0
172360 -0.0406542
172370 0
172370 0.014182
172380 0
172380 -0.0281164
173120 0
173130 0
173140 0.00303063
173140 -0.0304846
173150 0
173150 -0.00819485
173160 0.0154714
173160 -0.0732084
173170 0.00890897
173170 -0.0451985
173180 0
173180 -0.0216023
173920 0
173920 0.0172439
173930 0.0105121
173930 -0.0528536
173940 -0.000857776
173940 0.0223683
173950 -0.0154527
173950 0.039081
173960 -0.00831929
173960 0.0331452
173970 -0.00652963
173970 0.0104171
173980 0.00120712
173980 -0.0228475
174720 0.011614
174720 -0.0297131
174730 0.0220823
174730 0.0479027
174740 0.019566
174740 0.0616171
174750 0.0742526
174750 0.0920619
174760 -0.000284001
174760 0.0186532
174770 -0.0230484
174770 0.0334474
174780 0.00451376
174780 -0.023666
175520 0.0116761
175520 0.103244
175530 0.00813443
175530 0.120547
175540 0.0334756
175540 0.0651773
175550 0.00109939
175550 0.0753654
175560 0.0125834
175560 0.0640923
175570 -0.0165167
175570 0.0481271
175580 0.00965153
175580 -0.0300859
176320 0
176330 0
176340 0.0124764
176340 -0.0306819
176350 0.0238342
176350 0.0486145
176360 0.0135636
176360 0.0314012
176370 -0.0246202
176370 0.048964
176380 0.0178458
176380 -0.0418053
177140 0
177150 0
177160 0.0230255
177160 -0.0598802
177170 -0.00248953
177170 0.0257671
177180 0.0194194
177180 -0.064584
17960 0
17970 0
17980 -0.129289
17980 0.193934
182220 0
182230 0
182240 0
182240 0.0587967
182250 0
182250 -0.0674127
182260 0
182260 0.0334634
182270 0
182270 -0.0298593
182280 0
182280 0.00336903
183020 0
183020 0.104391
183030 0.0016728
183030 -0.0838375
183040 0
183040 0.00986844
183050 0.0136788
183050 -0.0981888
183060 0.0113664
183060 -0.0686838
183070 0
183070 -0.0289999
183080 0
183080 0.00719583
183820 0.00421132
183820 -0.0213806
183830 0.0150102
183830 -0.0821223
183840 0.0186296
183840 -0.0403265
183850 -0.0513616
183850 0.0605714
183860 0.00374849
183860 -0.0188349
183870 0.0110389
183870 -0.0291274
183880 0
183880 -0.00075355
184620 0.00735865
184620 -0.0557364
184630 -0.00150418
184630 0.00754257
184640 0.0224664
184640 0.0229499
184650 0.00743745
184650 0.0425738
184660 0.0428596
184660 -0.0607921
184670 0.0173656
184670 -0.0349266
184680 0.000799328
184680 0.00230004
185420 0
185430 0
185440 0.00613557
185440 -0.0621423
185450 0.0304633
185450 -0.0794515
185460 -0.0199447
185460 0.0218882
185470 0.0319806
185470 -0.0429296
185480 0.00283965
185480 0.00912194
186240 0
186250 0
186260 0.014624
186260 -0.0202145
186270 0.0163435
186270 -0.0512022
186280 0.00809237
186280 0.0180821
187060 0
187070 0
187080 0.0048804
187080 0.0308275
18740 0
18750 0
18760 -0.0873285
18760 0.114619
18770 0.132013
18780 0.00530498
18780 0.127315
192120 0
192120 -0.144483
192130 0
192130 0.145004
192140 0
192140 -0.0660531
192150 0
192150 0.0434459
192160 0
192160 0.00222164
192170 0
192170 0.00208279
192180 0
192180 0.019164
192920 0
192920 0.0120448
192930 0.00702128
192930 -0.0524702
192940 0
192940 -0.0543049
192950 0.0249122
192950 -0.104722
192960 0
192960 -0.0174385
192970 0
192970 0.0214717
192980 0
192980 0.0215122
193720 0.00298387
193720 -0.134534
193730 0.00364795
193730 -0.141932
193740 0.00722341
193740 -0.0707482
193750 0.0187851
193750 -0.0271823
193760 -0.00495396
193760 0.0135199
193770 0.00152904
193770 0.00673072
193780 0
193780 0.0233802
194520 0
194530 0
194540 0.00110316
194540 0.00950538
194550 0.00997502
194550 -0.0413866
194560 0.00753161
194560 -0.0430062
194570 0.0242913
194570 0.0299128
194580 0.00475365
194580 0.0305826
19520 0
19530 0
195340 0
195350 0
195360 0.0155925
195360 0.0560632
195370 0.0117524
195370 0.0182512
195380 0.0197369
195380 0.0432295
19540 -0.0916247
19540 0.0981693
19550 0.137437
19560 0.0134769
19560 0.0808606
19570 0
19580 0
196160 0
196170 0
196180 0.0645864
196180 0.0673774
202020 0
202020 -1.96497e-16
202030 0
202030 0.0996294
202040 0
202040 -1.64893e-16
202050 0
202050 0.0747524
202060 0
202060 -1.37411e-17
202070 0
202070 0.0295133
202080 0
202080 2.74821e-18
202820 0
202820 -0.0158627
202830 0
202830 -0.0531045
202840 0
202840 -0.068244
202850 0.00714346
202850 -0.0239824
202860 0
202860 0.0591732
202870 0
202870 0.0413599
202880 0
202880 -0.00225584
20320 -0.166279
20330 0.146972
20340 0.0303826
20350 0
20360 0
203620 0
203630 0
203640 0
203640 0.0641704
203650 0.00134017
203650 0.0772631
203660 0.0306421
203660 2.94889e-05
203670 0.0262876
203670 0.0373097
203680 0.000872355
203680 0.00116856
204440 0
204450 0
204460 0.0130763
204460 0.0296814
204470 0.0315012
204470 0.0724699
204480 -0.00529167
204480 0.0132368
205260 0
205270 0
205280 -0.00636158
205280 0.0634932
206080 0
206860 0
206870 0
206880 0.0596384
206880 0.170241
207640 0
207650 0
207660 -0.0221931
207660 0.0866925
207670 0
207680 0
208420 0
208430 0
208440 -0.035244
208440 0.0692975
208450 0
208460 0
209220 -0.0463806
209230 0
209240 0
210020 0
21120 0.107233
21130 0
21140 0
212720 0
212730 0
212740 0
212740 0.0153092
212750 0
212750 0.0715642
212760 0
212760 0.0724314
212770 0.0107496
212770 -0.0195949
212780 0
212780 -0.0278358
213540 0
213550 0
213560 0.00507736
213560 -0.0499902
213570 -0.0147138
213570 0.0326755
213580 0.00488093
213580 -0.0358792
214360 0
214370 0
214380 0.0264321
214380 -0.0827404
215180 0
215960 0
215970 0
215980 -0.100643
215980 0.145492
216740 0
216750 0
216760 -0.0323542
216760 0.0803045
216770 0.0781983
216770 0.152875
216780 0.0246639
216780 0.146037
217520 0
217530 0
217540 -0.0167622
217540 0.0930624
217550 0.00498115
217550 0.124223
217560 -0.0105831
217560 0.0606261
217570 0
217580 0
218320 -0.00483792
218330 -0.0320718
218340 -0.0306749
218350 0
218360 0
219120 -0.0737501
219130 0
219140 0
222640 0
222650 0
222660 0
222660 -0.0426202
222670 0.0156583
222670 -0.0966348
222680 0
222680 0.00245904
223460 0
223470 0
223480 0
223480 0.00599506
224280 0
225060 0
225070 0
225080 -0.00324503
225080 0.0887237
225840 0
225850 0
225860 0.020329
225860 0.0539355
225870 -0.0869181
225870 0.155318
225880 -0.0264635
225880 0.102444
226620 0
226630 0
226640 0.0219622
226640 0.0981156
226650 -0.0493794
226650 0.136965
226660 0.0612376
226660 0.0624485
226670 0.0506807
226670 0.113481
226680 -0.0454309
226680 0.12022
227420 0.0301172
227420 0.215004
227430 -0.0323255
227430 0.157057
227440 0.033921
227440 0.0755346
227450 0.0324644
227450 0.121681
227460 -0.00966178
227460 0.0529761
227470 0
227480 0
228220 -0.00381968
228220 0.0902521
228230 0.0190059
228230 0.115887
228240 -0.00259484
228240 0.0412054
228250 0
228260 0
229020 -0.000217539
229030 0
229040 0
232560 0
232570 0
232580 0
232580 0.100545
233380 0
234160 0
234170 0
234180 0.0501474
234180 0.108612
234940 0
234950 0
234960 0.0287403
234960 0.0328242
234970 -0.0115449
234970 0.123113
234980 0.0196749
234980 0.060086
235720 0
235730 0
235740 0.012148
235740 0.0752217
235750 0.0301033
235750 0.123077
235760 -0.0505523
235760 0.0577342
235770 -0.0462006
235770 0.11336
235780 0.0358946
235780 0.081051
236520 -0.00968222
236520 0.160906
236530 0.0589332
236530 0.170546
236540 -0.0343071
236540 0.0887576
236550 0.0139361
236550 0.123991
236560 0.07053
236560 0.0805411
236570 -0.0405473
236570 0.082221
236580 -0.0212961
236580 0.12565
237320 0.0516113
237320 0.0634619
237330 -0.0175524
237330 0.13046
237340 0.100438
237340 0.101677
237350 -0.00919003
237350 0.0943543
237360 -0.0045449
237360 0.072521
237370 0
237380 0
238120 0.0687966
238130 0.0528296
238140 -0.00564318
238150 0
238160 0
242480 0
243260 0
243270 0
243280 0.0207635
243280 -0.0510457
244040 0
244050 0
244060 0.0148558
244060 -0.0340034
244070 0.0966598
244070 0.0990645
244080 0.0127953
244080 0.0222094
244820 0
244830 0
244840 -0.0250364
244840 0.0352985
244850 0.03855
244850 0.0899574
244860 -0.0185027
244860 0.0589799
244870 0.0105942
244870 0.0946231
244880 0.00565109
244880 0.0422457
245620 -0.016046
245620 0.0904523
245630 0.00118862
245630 0.125225
245640 0.0190451
245640 0.0997135
245650 -0.0224143
245650 0.0895104
245660 -0.063035
245660 0.0705318
245670 0.0242388
245670 0.0962515
245680 0.0271837
245680 0.0606987
246420 -0.00360342
246420 0.0363826
246430 0.0397333
246430 0.112693
246440 -0.0651648
246440 0.109283
246450 0.0668737
246450 0.111807
246460 -0.00789575
246460 0.0582027
246470 -0.046832
246470 0.0763063
246480 0.0398622
246480 0.140125
247220 0.0411369
247220 0.077035
247230 0.0092247
247230 0.117151
247240 0.0580678
247240 0.0625574
247250 -0.056188
247250 0.0601437
247260 0.0136793
247260 0.0882639
247270 0
247280 0
248020 0
248030 0
248040 0.0199045
248040 -0.0251704
248050 0
248060 0
253140 0
253150 0
253160 0.00238529
253160 -0.0108573
253170 -0.0428977
253170 0.0587302
253180 0.00278899
253180 -0.0263394
253920 0
253930 0
253940 0.000984655
253940 0.0100484
253950 0.0373224
253950 -0.0560782
253960 0.0501237
253960 0.0669637
253970 0.0329508
253970 0.0637371
253980 0.0123817
253980 -0.0325353
254720 0.0161835
254720 0.0452654
254730 0.0532466
254730 -0.0585359
254740 0.0238373
254740 0.0829496
254750 -0.00739928
254750 0.0623634
254760 -0.0206763
254760 0.0579733
254770 0.013944
254770 0.0697371
254780 -0.020598
254780 0.0233707
255520 0.0212209
255520 -0.040345
255530 -0.00920025
255530 0.0729258
255540 -0.0224242
255540 0.0972609
255550 -0.0611234
255550 0.08984
255560 -0.0172767
255560 0.0443631
255570 0.0458628
255570 0.0996111
255580 -0.0193577
255580 0.0547473
256320 0.0277192
256320 -0.0630072
256330 -0.0210102
256330 0.0834448
256340 0.0543316
256340 -0.0658619
256350 0.0582574
256350 0.111215
256360 0.0547732
256360 -0.0631619
256370 0.0231676
256370 0.0841796
256380 0.020286
256380 0.101244
257120 0
257130 0
257140 -0.000906918
257140 0.0278998
257150 0.0311181
257150 -0.0328485
257160 0.020512
257160 0.0837955
257170 0
257180 0
26280 0
263020 0
263030 0
263040 0.00353901
263040 0.0207622
263050 0.00220286
263050 -0.00846963
263060 0.0224996
263060 -0.0229592
263070 -0.031433
263070 0.0315777
263080 0.00103589
263080 0.00999914
263820 -0.000246934
263820 0.0159151
263830 0.0151913
263830 0.0300441
263840 0.0348951
263840 -0.0512342
263850 0.0233515
263850 0.0518355
263860 0.038411
263860 0.0658605
263870 0.02681
263870 -0.03751
263880 0.00697648
263880 -0.0107199
264620 0.00573365
264620 0.0133559
264630 0.0358874
264630 -0.0562535
264640 0.0462218
264640 0.069061
264650 -0.0447934
264650 0.0816312
264660 0.0153048
264660 0.0271835
264670 -0.0117823
264670 0.0892958
264680 -0.0121907
264680 0.0172117
265420 0.0118806
265420 -0.0733982
265430 0.0348124
265430 -0.0431749
265440 -0.0322688
265440 0.0466155
265450 -0.0450211
265450 0.119352
265460 0.0455602
265460 0.0570811
265470 0.00554755
265470 0.088136
265480 -0.0293456
265480 0.0294868
266220 0
266230 0
266240 -0.00186945
266240 0.0258499
266250 0.0454222
266250 0.0726677
266260 -0.0349739
266260 0.0541852
266270 0.041609
266270 0.0722984
266280 -0.0348873
266280 0.0410054
267040 0
267050 0
267060 0.000186914
267060 0.0662779
267070 0
267080 0
27060 0
27070 0
27080 -0.0709033
27080 0.141807
272920 0
272920 -0.0121449
272930 0.00704944
272930 0.0371266
272940 0.00163711
272940 0.0092037
272950 -0.00296514
272950 0.0329532
272960 0.0154596
272960 -0.0176292
272970 0.00315342
272970 0.0104617
272980 0.00183416
272980 0.0238314
273720 0.00550288
273720 0.0267708
273730 0.0221008
273730 0.0346871
273740 -0.0247937
273740 0.0267217
273750 0.0909888
273750 0.0926715
273760 -0.00212981
273760 0.00947432
273770 -0.0332907
273770 0.0544003
273780 0.00305499
273780 0.0235168
274520 0.00958484
274520 0.0367001
274530 -0.00387083
274530 0.0144824
274540 0.0298458
274540 0.0499216
274550 -0.0302298
274550 0.0866719
274560 0.0290585
274560 0.0478187
274570 -0.0244993
274570 0.0559998
274580 0.00564606
274580 0.0173589
275320 0
275330 0
275340 0.0141909
275340 0.0193758
275350 0.00290888
275350 0.090666
275360 0.0417365
275360 0.0577834
275370 -0.0412568
275370 0.0729886
275380 0.006145
275380 0.0141546
276140 0
276150 0
276160 -0.0189798
276160 0.0578501
276170 -0.00115803
276170 0.0443423
276180 -0.0201847
276180 0.032814
27840 0
27850 0
27860 -0.0281851
27860 0.0901925
27870 -0.102256
27870 0.153385
27880 0.0538571
27880 -0.0785417
282820 0
282820 -1.46686e-16
282830 0.0182182
282830 0.0544796
282840 0
282840 -7.14535e-17
282850 0.00648575
282850 0.0711779
282860 0
282860 -2.74821e-18
282870 0.0174701
282870 0.0356404
282880 0
282880 2.74821e-18
283620 0.00392999
283620 0.096829
283630 0.0135097
283630 0.0705381
283640 0.00740697
283640 0.0185745
283650 0.0527431
283650 0.0843428
283660 0.0115401
283660 -0.0647587
283670 0.0175043
283670 0.0200091
283680 0
283680 0.0153477
284420 0
284430 0
284440 0.00282752
284440 0.0116189
284450 -0.0218898
284450 0.0707691
284460 0.00429569
284460 0.0175696
284470 -0.00474644
284470 0.0654096
284480 0.00622535
284480 0.0204812
285240 0
285250 0
285260 0.0134142
285260 0.0332611
285270 -0.0408361
285270 0.0496598
285280 0.0333297
285280 0.0343033
286060 0
286070 0
286080 0.024941
286080 0.0786915
28620 0
28630 0
28640 -0.00161119
28640 0.0950593
28650 -0.118133
28650 0.15505
28660 0.0194568
28660 0.0816883
28670 0.0149956
28670 0.0899738
28680 0.0441823
28680 -0.125578
293520 0
293530 0
293540 0
293540 -0.0285715
293550 0.00551386
293550 0.0302304
293560 0
293560 -0.0743611
293570 0.0477902
293570 0.0546469
293580 0
293580 -0.0185607
29420 0.0745281
29420 0.193773
29430 -0.15554
29430 0.16665
294340 0
294350 0
294360 0.00328353
294360 0.0142951
294370 0.0239614
294370 0.0528699
294380 -0.0079509
294380 0.0230369
29440 0.0359828
29440 0.0847591
29450 0.0384752
29450 0.0923399
29460 0.0286333
29460 -0.082321
29470 0
29480 0
295160 0
295170 0
295180 0.0196784
295180 0.126102
30220 0.0516346
30220 -0.108369
30230 0.105832
30240 0.0259843
30240 -0.0736223
30250 0
30260 0
303440 0
303450 0
303460 0.00460433
303460 -0.0149056
303470 0.0425237
303470 0.0624326
303480 0.00588658
303480 -0.0304651
304260 0
304270 0
304280 -0.039228
304280 0.0983356
305080 0
305860 0
305870 0
305880 0.0222792
305880 0.117098
306640 0
306650 0
306660 -0.0504551
306660 0.0516647
306670 0
306680 0
307420 0
307430 0
307440 -0.0442562
307440 0.0552581
307450 0
307460 0
308220 -0.0422462
308230 0
308240 0
309020 0
31020 -0.00625373
31030 0
31040 0
313360 0
313370 0
313380 -0.0172541
313380 0.0236438
314180 0
314960 0
314970 0
314980 -0.0256287
314980 0.0631555
315740 0
315750 0
315760 0.0405626
315760 0.0494684
315770 0.0531306
315770 0.116171
315780 0.0862309
315780 0.120532
316520 0
316530 0
316540 0.0571453
316540 0.10848
316550 -0.0373205
316550 0.106369
316560 0.0229167
316560 0.0604722
316570 0
316580 0
317320 0.101312
317330 -0.0647952
317340 0.0029799
317350 0
317360 0
318120 -0.0306634
318130 0
318140 0
323280 0
324060 0
324070 0
324080 0
324080 -0.00104893
324840 0
324850 0
324860 0.0124373
324860 0.0312757
324870 -0.0541751
324870 0.113353
324880 -0.0167069
324880 0.0576105
325620 0
325630 0
325640 -0.00341616
325640 0.114024
325650 0.0159281
325650 0.140467
325660 0.0555605
325660 0.0626397
325670 0.0750812
325670 0.142248
325680 -0.0100531
325680 0.09974
326420 -0.0465184
326420 0.216008
326430 0.0548139
326430 0.178972
326440 0.0150298
326440 0.0708677
326450 0.0337726
326450 0.122035
326460 0.0200994
326460 0.0804229
326470 0
326480 0
327220 0.038986
327220 0.114705
327230 -0.00784339
327230 0.123663
327240 0.0264858
327240 0.0505861
327250 0
327260 0
328020 0.0148312
328030 0
328040 0
333940 0
333950 0
333960 0.00937627
333960 -0.0479817
333970 -0.00498085
333970 0.0863543
333980 0.0108581
333980 -0.0437719
334720 0
334730 0
334740 -0.0532262
334740 0.0653903
334750 0.0277019
334750 0.140736
334760 0.0390546
334760 -0.0823489
334770 -0.0372607
334770 0.142948
334780 -0.0136327
334780 0.0396307
335520 -0.0702104
335520 0.137563
335530 0.0236367
335530 0.189565
335540 -0.0387738
335540 0.0629979
335550 0.0374577
335550 0.125193
335560 0.0524132
335560 0.0697192
335570 -0.0196475
335570 0.117849
335580 -0.0859825
335580 0.101105
336320 -0.0251971
336320 0.074724
336330 0.0349459
336330 0.163194
336340 0.0425245
336340 0.0762066
336350 0.0182965
336350 0.0946143
336360 -0.0410846
336360 0.0886739
336370 0
336380 0
337120 0.0254484
337130 0.0488668
337140 -0.0275484
337150 0
337160 0
343820 0
343830 0
343840 0.0174398
343840 0.0378847
343850 -0.0502301
343850 0.093378
343860 -0.00420586
343860 0.023771
343870 -0.0406697
343870 0.0994763
343880 -0.0015703
343880 0.0107548
344620 0.0670968
344620 0.107941
344630 -0.0939573
344630 0.11128
344640 0.0303654
344640 0.047253
344650 -0.0724596
344650 0.0931606
344660 0.0455801
344660 -0.0645822
344670 -0.00424382
344670 0.108116
344680 0.0143101
344680 0.0357899
345420 -0.0221748
345420 0.0361232
345430 -0.0171262
345430 0.149772
345440 -0.0409664
345440 0.0651941
345450 0.0430211
345450 0.107602
345460 -0.012874
345460 0.0480727
345470 -0.0752675
345470 0.0934285
345480 0.00514425
345480 0.0907338
346220 -0.0168187
346220 0.055868
346230 0.014969
346230 0.161277
346240 0.0408042
346240 0.052777
346250 -0.0654722
346250 0.0755622
346260 -0.0183801
346260 0.0866973
346270 0
346280 0
347020 0
347030 0
347040 0.0239664
347040 -0.0557376
347050 0
347060 0
353720 -0.0203662
353720 0.022286
353730 0.0358853
353730 0.0544842
353740 -0.0101335
353740 0.0186984
353750 -0.00612178
353750 0.0723486
353760 -0.0116421
353760 0.0127561
353770 -0.00145896
353770 0.0619455
353780 0.0098077
353780 0.0301856
35380 0
354520 0.0123726
354520 0.0364262
354530 -0.0477912
354530 0.0966371
354540 -0.00331316
354540 0.0385601
354550 -0.0866234
354550 0.0920716
354560 0.00997089
354560 0.0223302
354570 0.0353322
354570 0.115069
354580 0.0232789
354580 0.0272809
355320 0.0197715
355320 -0.0225664
355330 -0.0503915
355330 0.120368
355340 -0.0189641
355340 0.0441837
355350 0.0395092
355350 0.125091
355360 0.0373376
355360 -0.0440118
355370 0.00253378
355370 0.0873463
355380 0.0402903
355380 0.0837794
356120 0
356130 0
356140 0.0209418
356140 0.0259146
356150 0.0545673
356150 -0.0606843
356160 0.0565234
356160 0.0866741
356170 0
356180 0
36160 0
36170 0
36180 0.102632
36180 0.153948
363620 0
363620 -9.89356e-17
363630 0.0453515
363630 0.0528329
363640 0
363640 -3.16044e-17
363650 0.0109252
363650 0.0903431
363660 0
363660 -4.12232e-18
363670 0.0334381
363670 0.101615
363680 0
364420 0
364420 0.0106419
364430 -0.0234549
364430 0.0683282
364440 0.0163904
364440 -0.0330255
364450 -0.0130441
364450 0.113583
364460 0.0160486
364460 0.0617733
364470 0.0339408
364470 0.0946152
364480 0
364480 -0.0128909
365220 0
365230 0
365240 0.0132323
365240 0.0408257
365250 0.0585355
365250 0.114663
365260 -0.0278862
365260 0.0408428
365270 0.0673452
365270 0.103691
365280 -0.00122697
365280 0.0137539
366040 0
366050 0
366060 0.0361434
366060 0.0645866
366070 0
366080 0
36940 0
36950 0
36960 0.0759459
36960 0.0873377
36970 -0.0592855
36970 0.118571
36980 0.0215682
36980 0.0488879
374320 0
374330 0
374340 0
374340 -0.00935901
374350 0.0441644
374350 0.133729
374360 0.00785063
374360 0.0391185
374370 -0.0302092
374370 0.119904
374380 0
374380 -0.0414713
375140 0
375150 0
375160 0.0322853
375160 -0.0574063
375170 0.0193055
375170 0.0829474
375180 0.0510462
375180 -0.0787267
37720 0
37730 0
37740 0.0716719
37740 0.0993167
37750 -0.0409552
37750 0.131057
37760 -0.0367513
37760 0.0814397
37770 0.0544706
37770 -0.0877581
37780 0.0329108
37780 0.0347367
384240 0
384250 0
384260 0.00182695
384260 -0.02797
384270 -0.0721118
384270 0.0894935
384280 0.0118518
384280 0.0261006
385060 0
385070 0
385080 -0.00487754
385080 0.102669
38520 0.07257
38520 0.25702
38530 -0.00302384
38530 0.178402
38540 -0.070384
38540 0.0928531
38550 0.0547068
38550 -0.0768501
38560 0.0380993
38560 0.0399871
38570 0.0293073
38570 -0.0842583
38580 0.00643609
38580 -0.0070539
39320 0.0138566
39320 0.0389833
39330 0.0732422
39330 -0.157042
39340 0.0670215
39340 0.0752745
39350 0.0290196
39350 -0.0822225
39360 0.00424197
39360 -0.0198844
39370 0
39380 0
394160 0
394170 0
394180 0.0853012
394180 0.090775
40120 -0.0973634
40130 -0.00478095
40140 -0.0527778
40150 0
40160 0
404080 0
404860 0
404870 0
404880 0.00874863
404880 0.010398
405640 0
405650 0
405660 0.0392899
405660 -0.0457943
405670 0
405680 0
406420 0
406430 0
406440 -0.0142768
406440 0.0661897
406450 0
406460 0
407220 0.0123509
407230 0
407240 0
408020 0
414740 0
414750 0
414760 -0.000183515
414760 0.0220506
414770 0.0332915
414770 0.107279
414780 0.002017
414780 0.0255964
415520 0
415530 0
415540 -0.00124071
415540 0.0874075
415550 -0.0575379
415550 0.100707
415560 -0.0382595
415560 0.0546377
415570 0
415580 0
416320 -0.00445518
416330 -0.0582347
416340 -0.0531667
416350 0
416360 0
417120 -0.0872464
417130 0
417140 0
424620 0
424630 0
424640 0.00589768
424640 0.0510378
424650 0.00806015
424650 0.141779
424660 0.0224496
424660 0.0508282
424670 0.0539026
424670 0.145696
424680 -0.00299872
424680 0.0229701
425420 -0.0191346
425420 0.118578
425430 0.0309694
425430 0.19211
425440 -0.0181067
425440 0.0338834
425450 -0.0188578
425450 0.102711
425460 0.0141353
425460 0.0686174
425470 0
425480 0
426220 0.00553169
426220 0.0762746
426230 -0.074109
426230 0.147795
426240 0.0037581
426240 0.0395414
426250 0
426260 0
427020 -0.0597812
427030 0
427040 0
434520 0.0349769
434520 0.0450365
434530 0.0207972
434530 0.161674
434540 0.00636336
434540 0.0236939
434550 0.0460218
434550 0.121917
434560 0.027375
434560 0.0865829
434570 -0.00753284
434570 0.106222
434580 -0.0240781
434580 0.0354508
435320 0.0329178
435320 0.0437944
435330 0.0391828
435330 0.201012
435340 0.030824
435340 0.0400435
435350 0.0205148
435350 0.092137
435360 0.0178664
435360 0.0511196
435370 0
435380 0
436120 0.0614594
436130 0.000189539
436140 0.035771
436150 0
436160 0
444420 0
444420 -4.94678e-17
444430 0.0571814
444430 0.176777
444440 0
444440 -6.87053e-18
444450 0.0869268
444450 0.112101
444460 0
444460 -1.37411e-18
444470 -0.055024
444470 0.0877181
444480 0
444480 5.49642e-18
44480 0
445220 0.006373
445220 0.0858179
445230 0.0696634
445230 0.182014
445240 0.0193838
445240 0.0450054
445250 -0.0217424
445250 0.0905803
445260 -0.0116093
445260 0.0223864
445270 0
445280 0
446020 0
446030 0
446040 0.0101943
446040 -0.0226513
446050 0
446060 0
45260 0
45270 0
45280 0.0703285
45280 -4.73608e-08
455120 0
455130 0
455140 0
455140 -0.0423824
455150 -0.060293
455150 0.0813161
455160 0.00411076
455160 0.010082
455170 0
455180 0
46040 0
46050 0
46060 -0.0190862
46060 0.0524869
46070 0.0902187
46070 0.135328
46080 0.0131468
46080 0.0406427
465040 0
465050 0
465060 0
465060 0.0350687
465070 0
465080 0
46820 0
46830 0
46840 -0.0431658
46840 0.071943
46850 0.117483
46850 0.135105
46860 -0.0189086
46860 0.0723308
46870 0.0276236
46870 0.0522608
46880 0.0366234
46880 0.0481273
47620 -0.129525
47620 0.205454
47630 0.146228
47630 0.20263
47640 -0.0165372
47640 0.0978569
47650 0.0157589
47650 0.0270969
47660 0.0300522
47660 -0.0407504
47670 0.027612
47670 0.0326706
47680 0.0242975
47680 0.0690863
48420 0.0308778
48420 0.0497071
48430 0.0156189
48430 0.0585837
48440 0.0821763
48440 -0.0862201
48450 0.0262874
48450 0.0449165
48460 0.0111967
48460 0.0117418
48470 0.00392732
48470 -0.0184092
48480 0.0418287
48480 0.107233
49220 -0.00180728
49220 0.00408908
49230 0.0147773
49230 -0.0953601
49240 0.0349816
49240 0.0572675
49250 0.00358226
49250 -0.0498158
49260 0.0286555
49260 0.0728103
49270 0
49280 0
50020 0
50030 0
50040 0.00612529
50040 0.0417631
50050 0
50060 0
505420 0
505430 0
505440 0.013496
505440 0.0318284
505450 0
505460 0
506220 0.0469611
506230 0
506240 0
507020 0
515320 0.0416093
515330 -0.0285988
515340 -0.000501596
515350 0
515360 0
516120 0.0143823
516130 0
516140 0
525220 0
525220 -1.09928e-17
525230 -0.0609248
525230 0.161953
525240 0
525240 5.49642e-18
525250 0
525260 0
526020 -0.0433016
526030 0
526040 0
53580 0
54360 0
54370 0
54380 0.0267289
54380 -0.160374
55140 0
55150 0
55160 0.0179073
55160 -0.0683734
55170 0.0646991
55170 1.54765e-07
55180 0.00625983
55180 -0.0571711
55920 0
55930 0
55940 0.0285332
55940 -0.0315367
55950 -0.0312135
55950 0.0858366
55960 0.0656016
55960 0.0730474
55970 0.0226141
55970 0.0634769
55980 0.0242534
55980 -0.0414197
56720 0.0430905
56720 0.117519
56730 -0.0946006
56730 0.157668
56740 0.107522
56740 0.110075
56750 0.0280768
56750 0.0514664
56760 0.0113649
56760 0.0252057
56770 0.0458505
56770 0.0692815
56780 0.0196773
56780 -0.0276282
57520 0.0177075
57520 -0.0238866
57530 0.0597335
57530 0.130083
57540 -0.00147205
57540 0.0741387
57550 0.035936
57550 0.0674132
57560 -0.0074091
57560 0.0136538
57570 0.022198
57570 0.0794547
57580 -0.016373
57580 0.0367403
58320 0.00523361
58320 0.0849211
58330 0.00805428
58330 0.0477827
58340 0.0269193
58340 -0.0493302
58350 0.0387782
58350 0.0927131
58360 -0.0201424
58360 0.0251322
58370 0.0233971
58370 0.0594494
58380 0.0085554
58380 0.0748254
59120 0
59130 0
59140 0.0173124
59140 0.0566937
59150 0.00447834
59150 0.0305341
59160 0.0269368
59160 0.0507003
59170 0
59180 0
606020 0
62680 0
63460 0
63470 0
63480 0
63480 0.0769882
64240 0
64250 0
64260 0
64260 0.0529541
64270 0.0256363
64270 -0.153818
64280 0.000650456
64280 -0.0162668
65020 0
65030 0
65040 0.00759518
65040 0.0573858
65050 0.0307883
65050 -0.117555
65060 -0.00634591
65060 0.0515131
65070 0.0143469
65070 -0.0787883
65080 0.00688583
65080 -0.0225989
65820 0.0667551
65820 0.0890063
65830 0.0665708
65830 -0.0735786
65840 -0.0354416
65840 0.0872064
65850 -0.0124071
65850 0.0344686
65860 0.0312306
65860 0.0630634
65870 0.03582
65870 -0.054574
65880 0.00590341
65880 -0.0373232
66620 -0.00881172
66620 0.0128501
66630 0.0401786
66630 -0.0611633
66640 0.0730778
66640 0.130393
66650 -0.0317987
66650 0.0642256
66660 0.0233662
66660 0.0368771
66670 0.0232329
66670 -0.0249536
66680 0.0165473
66680 -0.0501837
67420 0.0106965
67420 0.0314117
67430 0.00642685
67430 0.100655
67440 0.0106431
67440 0.0182058
67450 -0.00989123
67450 0.0521231
67460 0.0143113
67460 0.0338035
67470 -0.000132339
67470 0.0359604
67480 0.0317381
67480 -0.0685606
68220 0
68230 0
68240 0.0115406
68240 -0.050695
68250 0.0217555
68250 0.0518697
68260 0.0273047
68260 -0.0473708
68270 0.0185881
68270 0.0349865
68280 0.0500383
68280 -0.0931053
69040 0
69050 0
69060 0.0312929
69060 -0.0555736
69070 0
69080 0
71780 0
72560 0
72570 0
72580 0
72580 0.146494
73340 0
73350 0
73360 0
73360 0.0317271
73370 0
73370 0.0767376
73380 0
73380 0.0556592
74120 0
74130 0
74140 0.00342797
74140 -0.0159972
74150 0
74150 0.0952815
74160 0.021561
74160 -0.108524
74170 0.00330953
74170 -0.0374744
74180 0
74180 0.0401862
74920 0.0270919
74920 -0.123145
74930 0.0187337
74930 0.141544
74940 0.0334706
74940 -0.120319
74950 0.029924
74950 -0.0403737
74960 0.0253541
74960 -0.0563735
74970 0.0115793
74970 -0.046631
74980 0
74980 0.0315695
75720 0.00960611
75720 0.0102623
75730 0.0169116
75730 -0.0817858
75740 0.0541269
75740 -0.0650867
75750 0.0157179
75750 0.0488235
75760 -0.019473
75760 0.022551
75770 0.00827155
75770 -0.0710098
75780 0.00309632
75780 0.0256464
76520 0.0108276
76520 -0.0636504
76530 0.00252328
76530 -0.0479492
76540 0.0194788
76540 0.0722747
76550 0.0344763
76550 -0.0774922
76560 0.0112237
76560 0.0449347
76570 0.0221151
76570 -0.0736879
76580 0.00680474
76580 0.0169236
77320 0
77330 0
77340 0.00413743
77340 -0.0506696
77350 0.0192939
77350 -0.0721432
77360 0.0179962
77360 0.019006
77370 0.0281739
77370 -0.066051
77380 0.00486777
77380 0.0126683
78140 0
78150 0
78160 0.0103735
78160 -0.029462
78170 0.0167268
78170 -0.0297053
78180 -0.00970454
78180 0.0121809
8080 0
81660 0
81670 0
81680 0
81680 -0.210489
82440 0
82450 0
82460 0
82460 -0.0710805
82470 0
82470 0.151329
82480 0
82480 -0.00116266
83220 0
83230 0
83240 0
83240 -0.0381217
83250 0
83250 0.0595176
83260 0
83260 0.0662922
83270 0
83270 0.0926751
83280 0
83280 0.00368398
84020 0
84020 0.0214416
84030 0.00888907
84030 -0.0414821
84040 0
84040 0.10839
84050 -0.0129892
84050 0.0133768
84060 0.00849929
84060 -0.0652675
84070 0
84070 0.0679983
84080 0
84080 0.0196477
84820 0.00372987
84820 -0.0160682
84830 0.00810405
84830 0.0685918
84840 0.0187049
84840 -0.13598
84850 0.00258837
84850 0.0342489
84860 0.00861364
84860 -0.0514831
84870 0
84870 0.0481716
84880 0
84880 0.0295898
85620 0.00429862
85620 -0.0607528
85630 0.00059813
85630 -0.0999489
85640 0.0141287
85640 -0.0595474
85650 0.015626
85650 0.0459973
85660 0.0351864
85660 -0.0594384
85670 0.00536868
85670 0.02397
85680 0
85680 0.0449044
86420 0
86430 0
86440 0.0016334
86440 0.0393099
86450 0.00667811
86450 -0.0561777
86460 0.00413898
86460 0.0159258
86470 -0.00124924
86470 0.0125113
86480 0.00538422
86480 0.0598027
87240 0
87250 0
87260 0.00370539
87260 0.069573
87270 0.00663628
87270 -0.0195993
87280 0.00593176
87280 0.0734442
88060 0
88070 0
88080 0.00665079
88080 0.0703168
8860 0
8870 0
8880 0.177691
91540 0
91550 0
91560 0
91560 0.039434
91570 0
91570 -0.224808
91580 0
91580 -0.051895
92320 0
92330 0
92340 0
92340 0.0577289
92350 0
92350 -0.138573
92360 0
92360 0.129382
92370 0
92370 0.0124742
92380 0
92380 -0.0330665
93120 0
93120 0.114034
93130 0
93130 -0.103454
93140 0
93140 0.0748169
93150 0
93150 0.0590797
93160 0
93160 0.105022
93170 0
93170 0.0176274
93180 0
93180 -0.0297764
93920 0
93920 0.0147679
93930 0.00364703
93930 0.0244983
93940 0
93940 0.128476
93950 0.0145206
93950 -0.0678537
93960 0
93960 0.0501419
93970 0
93970 0.0555105
93980 0
93980 -0.0266707
94720 0
94720 0.0327555
94730 0.00033406
94730 0.0257667
94740 0.00405415
94740 -0.0817315
94750 0.00604022
94750 0.039342
94760 0.0122016
94760 0.0188632
94770 0
94770 0.0690679
94780 0
94780 -0.0236039
95520 0
95530 0
95540 0.000661452
95540 0.045974
95550 0.000767311
95550 0.0917705
95560 0.00682078
95560 -0.033349
95570 0.011871
95570 0.0841142
95580 0.00466795
95580 -0.0164866
96340 0
96350 0
96360 0.00786308
96360 0.0283653
96370 0.00432362
96370 0.0654175
96380 -0.00491527
96380 0.00947964
9640 0
9650 0
9660 0.110449
9670 0
9680 0
97160 0
97170 0
97180 0.00998587
97180 0.0214245
