2545
101200 0
101210 0
101220 0
101220 0.0132721
101230 0
101230 5.17769e-16
101240 0
101240 0.0721565
101250 0
101250 3.17562e-16
101260 0
101260 0.200279
101270 0
101270 -2.14729e-17
101280 0
101280 -0.121179
101290 0
101290 -4.48946e-17
101300 0
101300 0.0180396
10200 0
102000 0
102000 0.173679
102010 0
102010 -0.0665141
102020 0
102020 0.192379
102030 0
102030 -0.0826774
102040 0
102040 0.192233
102050 0
102050 -0.0821088
102060 0
102060 -0.0373316
102070 0
102070 0.116707
102080 0
102080 -0.0664406
102090 0
102090 -0.0389609
10210 0
102100 0
102100 0.0186165
10220 0.0696095
10230 0
10240 0
102800 0
102810 0
102820 0
102820 -0.0252091
102830 0
102830 0.0529494
102840 0
102840 -0.0982299
102850 0
102850 0.171144
102860 0
102860 -0.0237733
102870 0
102870 0.0346219
102880 0
102880 -0.0475501
102890 0
102890 -0.0490641
102900 0
102900 0.0205401
103620 0
103630 0
103640 0
103640 0.00888614
103650 0
103650 -0.0607887
103660 0
103660 -0.0582608
103670 0
103670 0.0402812
103680 0.00605158
103680 -0.0241178
103690 0.00764892
103690 -0.0737896
103700 0
103700 0.0228945
104440 0
104450 0
104460 0
104460 0.0261226
104470 0.00564802
104470 -0.11612
104480 0.00309399
104480 0.0131651
104490 0.0126344
104490 -0.0816379
104500 0
104500 0.0219459
105260 0
105270 0
105280 0.000345967
105280 0.0195991
105290 0.0101822
105290 -0.071182
105300 0.00207639
105300 0.0188925
106080 0
106090 0
106100 0
106100 0.0119872
106860 0
106870 0
106880 -0.018891
106880 0.0717862
106890 0
106900 0
107640 0
107650 0
107660 0.0507187
107660 -0.053388
107670 0
107680 0
108420 0
108430 0
108440 -0.0719302
108450 0
108460 0
109200 0
109210 0
109220 -0.0965878
109230 0
109240 0
110000 -0.191914
11000 0.128956
110010 0
110020 0
11010 0
11020 0
111100 0
111100 -2.21929e-16
111110 0
111110 0.112429
111120 0
111120 -6.98548e-17
111130 0
111130 0.136845
111140 0
111140 1.71604e-16
111150 0
111150 0.130709
111160 0
111160 -2.16446e-16
111170 0
111170 -0.17512
111180 0
111180 -6.8803e-17
111190 0
111190 0.0538046
111200 0
111200 -3.86399e-18
111900 0
111910 0
111920 0
111920 0.00753124
111930 0
111930 -0.0612478
111940 0
111940 0.0421834
111950 0
111950 -0.189225
111960 0
111960 0.122927
111970 0
111970 -0.043401
111980 0
111980 -0.079808
111990 0
111990 0.0500224
112000 0
112000 0.0130919
112720 0
112730 0
112740 0
112740 -0.0135435
112750 0
112750 0.0552896
112760 0
112760 -0.133527
112770 0
112770 -0.00707995
112780 0
112780 -0.0662448
112790 0
112790 0.0494515
112800 0
112800 0.0240427
113540 0
113550 0
113560 0
113560 0.0274282
113570 0
113570 0.0616211
113580 0
113580 -0.0787932
113590 0
113590 0.0440441
113600 0
113600 0.044025
114360 0
114370 0
114380 0
114380 0.0739372
114390 0
114390 0.0223538
114400 0.00411019
114400 0.0677368
115180 0
115190 0
115200 0.0016655
115200 0.0976275
115960 0
115970 0
115980 0.0491766
115980 0.0754042
115990 0.131794
115990 0.172346
116000 0.00724143
116000 0.0212424
116740 0
116750 0
116760 0.0600157
116760 0.0627191
116770 0.0394766
116770 0.127202
116780 0.0524913
116780 0.0551755
116790 0
116800 0
117520 0
117530 0
117540 0.058944
117540 0.0669822
117550 -0.0160758
117550 0.116548
117560 0.052823
117560 0.0540682
117570 0
117580 0
118300 0
118310 0
118320 0.0848332
118330 -0.0552918
118340 0.0565557
118350 0
118360 0
119100 0.20755
119110 -0.11304
119120 0.066469
119130 0
119140 0
121820 0
121830 0
121840 0
121840 0.0162121
121850 0
121850 -0.0178115
121860 0
121860 0.15069
121870 0
121870 -0.133177
121880 0
121880 0.0771558
121890 0
121890 0.0459883
121900 0
121900 -0.0243797
122640 0
122650 0
122660 0
122660 -0.0248811
122670 0
122670 0.091043
122680 0
122680 0.0480251
122690 0
122690 0.0657151
122700 0
122700 -0.0320822
123460 0
123470 0
123480 0
123480 -0.0454287
123490 0
123490 0.106518
123500 0.00277001
123500 -0.0406786
124280 0
124290 0
124300 0.0017186
124300 -0.048438
125060 0
125070 0
125080 -0.0195525
125080 0.0285421
125090 -0.0453556
125090 0.144313
125100 0.00914582
125100 0.011735
125840 0
125850 0
125860 -0.00214579
125860 0.0251191
125870 0.0265257
125870 0.108756
125880 0.108041
125880 0.113366
125890 0.0165188
125890 0.0722697
125900 0.0307662
125900 -0.0933656
126620 0
126630 0
126640 0.00521492
126640 0.0257579
126650 0.0666226
126650 0.104279
126660 0.0829442
126660 0.13406
126670 0.0415115
126670 0.0675291
126680 0.0270152
126680 -0.029914
126690 0
126700 0
127400 0
127410 0
127420 0.0110425
127420 0.035563
127430 0.103292
127430 0.114229
127440 0.0511322
127440 0.153947
127450 0.0557118
127450 0.0764671
127460 -0.0105438
127460 0.025566
127470 0
127480 0
128200 0.035806
128210 0.205164
128220 0.0308914
128230 0.0657051
128240 -0.00275654
128250 0
128260 0
129000 0
129010 0
129020 -0.00152451
129030 0
129040 0
131740 0
131750 0
131760 0
131760 0.00574985
131770 0
131770 -0.106096
131780 0
131780 0.130211
131790 0
131790 -0.0770721
131800 0
131800 -0.0199991
132560 0
132570 0
132580 0
132580 -0.049204
132590 0
132590 -0.083289
132600 0
132600 -0.0435005
133380 0
133390 0
133400 0
133400 -0.110287
134160 0
134170 0
134180 0
134180 -0.0379486
134190 0.0494789
134190 -0.0824648
134200 0.00482864
134200 -0.0620652
134940 0
134950 0
134960 0.00129286
134960 -0.0463274
134970 0.0367094
134970 -0.0391166
134980 0.0843855
134980 -0.0926141
134990 -0.0266211
134990 0.0348121
135000 -0.0207444
135000 0.0317186
135720 0
135730 0
135740 0.00414905
135740 -0.0466334
135750 -0.0128854
135750 0.0374291
135760 -0.0422262
135760 0.103669
135770 0.0665774
135770 0.0747309
135780 -0.0293996
135780 0.0412401
135790 0.0347566
135790 -0.0987155
135800 -0.0356378
135800 0.0410227
136500 0
136510 0
136520 0.0173652
136520 -0.0492157
136530 0.00785501
136530 0.0472953
136540 0.00468033
136540 0.129719
136550 0.0854286
136550 0.104665
136560 -0.013423
136560 0.0577616
136570 0.0283304
136570 -0.0683709
136580 0.0218212
136580 -0.0369444
136590 0
136600 0
137300 -0.0582538
137300 0.147335
137310 0.0586134
137310 0.118423
137320 0.0574682
137320 0.206207
137330 0.0878591
137330 0.136298
137340 -0.00586785
137340 0.0714948
137350 0.0295352
137350 -0.0559715
137360 0.0164916
137360 -0.0400778
137370 0
137380 0
138100 0
138110 0
138120 -0.0698076
138130 -0.0792177
138140 -0.0465383
138150 0
138160 0
141660 0
141670 0
141680 0
141680 0.0600442
141690 0
141690 -0.119791
141700 0
141700 0.0526599
142480 0
142490 0
142500 0
142500 0.100121
143260 0
143270 0
143280 0
143280 0.0365521
143290 0
143290 0.0687335
143300 0
143300 0.0177098
144040 0
144050 0
144060 0.00036661
144060 0.0211967
144070 0
144070 -0.0338179
144080 0.0266325
144080 -0.0566001
144090 0.00651
144090 -0.0237756
144100 0.0199524
144100 0.0301379
144820 0
144830 0
144840 0.00133058
144840 0.0140994
144850 0.0017268
144850 -0.0777061
144860 0.0329139
144860 -0.0446679
144870 0.0446757
144870 -0.108807
144880 -0.0107344
144880 0.0226015
144890 0.00860354
144890 0.0493155
144900 0.0203669
144900 0.0276308
145600 0
145610 0
145620 0.0120068
145620 0.0150416
145630 0.0107724
145630 -0.114552
145640 -0.0227343
145640 0.0540689
145650 0.0806384
145650 -0.108241
145660 0.0366793
145660 0.0521666
145670 0.0228777
145670 -0.0313093
145680 0.0169741
145680 -0.0697134
145690 0.00108046
145690 0.0357471
145700 0.0497966
145700 0.0942259
146400 0.036654
146400 0.15301
146410 0.0732135
146410 -0.232114
146420 0.0127373
146420 0.130061
146430 -0.0959786
146430 0.127723
146440 0.0593726
146440 0.0747465
146450 0.0303351
146450 -0.0401997
146460 0.0148298
146460 -0.0840123
146470 -0.0171882
146470 0.0287172
146480 0.022344
146480 0.0486171
146490 0
146500 0
147200 0
147210 0
147220 0.00173746
147220 0.050415
147230 0.0431294
147230 -0.046764
147240 0.0351168
147240 -0.109271
147250 -0.0252227
147250 0.0389098
147260 0.019689
147260 0.0412261
147270 0
147280 0
148020 0
148030 0
148040 0.0729942
148050 0
148060 0
151580 0
151590 0
151600 0
151600 0.104045
152360 0
152370 0
152380 0
152380 0.0266907
152390 0
152390 0.0618718
152400 0
152400 0.0692795
153140 0
153150 0
153160 0
153160 0.0296533
153170 0
153170 0.0566407
153180 0
153180 0.103619
153190 0
153190 0.0404843
153200 0.00675872
153200 0.013737
153920 0
153930 0
153940 0
153940 0.021703
153950 0
153950 0.0441686
153960 0
153960 0.00523887
153970 0.012019
153970 -0.0236758
153980 0.00650182
153980 0.00800021
153990 0.0430988
153990 0.0545582
15400 0
154000 0.00567339
154000 0.0196668
154700 0
154710 0
154720 0.00491217
154720 0.00668981
154730 0.00842167
154730 0.0367588
154740 0.00897713
154740 -0.0783621
154750 -0.0328916
154750 0.044562
154760 0.0295333
154760 -0.0735367
154770 0.0118793
154770 0.0206634
154780 0.0419321
154780 0.050877
154790 0.0346216
154790 0.0404452
154800 0.0111733
154800 0.0198842
155500 0.0731344
155500 -0.160185
155510 0.0430444
155510 0.0763613
155520 0.0436508
155520 -0.208968
155530 -0.0222167
155530 0.0980164
155540 0.0376837
155540 -0.102364
155550 0.0242304
155550 0.0355629
155560 0.0290484
155560 0.0291145
155570 0.0197609
155570 -0.0276138
155580 0.0186387
155580 0.0324573
155590 0.0470239
155590 0.084909
155600 0.0109383
155600 0.0452164
156300 0
156310 0
156320 0.0149329
156320 0.0559119
156330 0.029053
156330 0.0325674
156340 0.0518793
156340 0.0685784
156350 0.0335367
156350 -0.0605937
156360 0.0227971
156360 0.028912
156370 0.0420298
156370 0.0810495
156380 0.0181703
156380 0.0209253
156390 0
156400 0
157120 0
157130 0
157140 0.0241356
157140 0.0851232
157150 0.0949705
157150 0.115428
157160 0.0194826
157160 0.029115
157170 0
157180 0
16180 0
16190 0
16200 -0.153634
16200 0.153634
162240 0
162250 0
162260 0
162260 -0.0289588
162270 0
162270 0.0360584
162280 0
162280 0.0282293
162290 0
162290 0.026027
162300 0
162300 -0.0315412
163020 0
163030 0
163040 0
163040 -0.0133142
163050 0
163050 0.0668442
163060 0
163060 0.0567441
163070 0
163070 0.130223
163080 0
163080 0.0223818
163090 -0.0125016
163090 0.0176764
163100 0
163100 -0.0258137
163800 0
163810 0
163820 0
163820 -0.000428514
163830 0.0052213
163830 0.0745093
163840 0
163840 0.0622886
163850 0.0166808
163850 0.0689168
163860 -0.00637396
163860 0.00761602
163870 0.00513645
163870 0.0301773
163880 0.044426
163880 0.0455297
163890 0.00729181
163890 0.0131635
163900 0.00488523
163900 -0.0334482
164600 0
164600 0.0579763
164610 0.0463117
164610 0.0641005
164620 0
164620 0.0719211
164630 -0.0243787
164630 0.0443724
164640 0.00439341
164640 -0.0181614
164650 -0.00256334
164650 0.0130039
164660 0.0282415
164660 0.0432832
164670 0.0458384
164670 0.0740608
164680 0.0193872
164680 0.0235913
164690 -0.0124352
164690 0.0333371
164700 0.0100033
164700 -0.0390701
165400 0
165410 0
165420 0.0131338
165420 -0.0132031
165430 0.0238264
165430 0.0884156
165440 0.0574686
165440 0.07228
165450 0.0785849
165450 0.107749
165460 -0.00921427
165460 0.0193247
165470 0.0165994
165470 0.0385553
165480 0.0329737
165480 0.0409106
165490 -0.0165378
165490 0.0399688
165500 0.0293074
165500 -0.0929253
166220 0
166230 0
166240 -0.0302598
166240 0.0431697
166250 -0.0163368
166250 0.102882
166260 0.0695015
166260 0.0772614
166270 -0.0101792
166270 0.0402645
166280 0.0172098
166280 -0.0604937
166290 0
166300 0
167040 0
167050 0
167060 0.013346
167060 -0.0805692
167070 0
167080 0
16960 0
16970 0
16980 -0.0749844
16980 0.0749844
16990 0.154584
17000 -0.0883336
17000 0.0883336
172120 0
172130 0
172140 0
172140 0.00351528
172150 0
172150 -0.0715194
172160 0
172160 0.0346576
172170 0
172170 -0.018251
172180 0
172180 0.017194
172190 0
172190 -0.0506256
172200 0
172200 -0.00624041
172900 0
172910 0
172920 0
172920 0.0259373
172930 0
172930 -0.0460748
172940 0
172940 0.116731
172950 0
172950 0.0301861
172960 0
172960 0.129402
172970 0
172970 -0.0159591
172980 0.0186584
172980 -0.0469063
172990 0
172990 -0.0404977
173000 0
173000 -0.00116835
173700 0
173700 0.221591
173710 0
173710 -0.00861174
173720 0
173720 0.218434
173730 0
173730 0.057615
173740 0
173740 0.116017
173750 0
173750 -0.0239648
173760 0.003886
173760 0.011502
173770 0.014837
173770 0.0606079
173780 0.00958607
173780 -0.0190251
173790 0.0104399
173790 -0.0517838
173800 0
173800 -0.00591596
174500 0
174510 0
174520 0.00626687
174520 -0.0173296
174530 0.0251483
174530 -0.0487279
174540 0.0208866
174540 0.0301064
174550 0.0339423
174550 0.105757
174560 0.00541597
174560 0.0390365
174570 -0.0263377
174570 0.032788
174580 0.0276262
174580 -0.0476658
174590 0.0194188
174590 -0.0481171
174600 0.000476491
174600 0.0034001
175320 0
175330 0
175340 0.00657381
175340 -0.0302055
175350 0.0587683
175350 -0.0667657
175360 -0.0739225
175360 0.0788311
175370 -0.0100945
175370 0.0430952
175380 0.0237705
175380 -0.0278498
175390 0.0213373
175390 -0.0698706
175400 0.0106536
175400 0.050464
176140 0
176150 0
176160 0.00410326
176160 0.0284279
176170 0.0140999
176170 -0.0853778
176180 0.0037723
176180 0.0280385
176190 0
176200 0
17740 0
17750 0
17760 -0.0516769
17760 0.0516769
17770 0.139743
17780 -0.0475092
17780 0.0475092
17790 0
17800 0
182000 0
182010 0
182020 0
182020 -0.0354858
182030 0
182030 0.00681449
182040 0
182040 -0.140989
182050 0
182050 0.0220255
182060 0
182060 -0.0576422
182070 0
182070 0.00445579
182080 0
182080 -0.0461689
182090 0
182090 -0.00631442
182100 0
182100 0.0243989
182800 0
182800 -0.16776
182810 0
182810 0.159025
182820 0
182820 -0.144065
182830 0
182830 0.169484
182840 0
182840 -0.0146173
182850 0
182850 0.0749796
182860 0
182860 -0.0499316
182870 0.0316197
182870 -0.0907339
182880 0
182880 -0.0291842
182890 0
182890 0.0131403
182900 0
182900 0.0257232
183600 0
183610 0
183620 0
183620 0.00138319
183630 0.014348
183630 -0.0752676
183640 0
183640 -0.0736641
183650 0.0533796
183650 -0.100352
183660 0
183660 -0.0045926
183670 0.0126012
183670 -0.0302597
183680 0.00978893
183680 -0.039988
183690 0.00291329
183690 0.0084894
183700 0
183700 0.0355368
184420 0
184430 0
184440 0
184440 0.0246659
184450 -0.0129054
184450 0.0134509
184460 0.0319241
184460 -0.0593448
184470 0.0298161
184470 -0.0493127
184480 -0.0123234
184480 0.020312
184490 0.0257239
184490 0.0259957
184500 0.0223984
184500 0.0463877
18520 0
185240 0
185250 0
185260 0.0175646
185260 0.0468396
185270 0.0287017
185270 0.0428508
185280 -0.00424103
185280 0.02037
185290 0.0266852
185290 0.0284557
18530 0
185300 0.0614758
185300 0.0850422
18540 -0.0440249
18540 0.0440249
18550 0.132075
18560 -0.0355373
18560 0.0355373
18570 0
18580 0
186060 0
186070 0
186080 0.0314952
186080 0.0675626
186090 0
186100 0
191900 0
191900 -1.14663e-16
191910 0
191910 -0.25032
191920 0
191920 -5.01652e-17
191930 0
191930 -0.240631
191940 0
191940 7.8831e-17
191950 0
191950 -0.0467078
191960 0
191960 -6.62897e-17
191970 0
191970 -0.00571215
191980 0
191980 -2.14994e-17
191990 0
191990 0.0466725
192000 0
192700 0
192710 0
192720 0
192720 -0.018006
192730 0
192730 0.0518915
192740 0
192740 -0.0830491
192750 0
192750 -0.0291126
192760 0
192760 -0.109352
192770 0
192770 0.0182294
192780 0
192780 0.0508013
192790 0
192790 0.0432583
192800 0
192800 -0.00374272
19300 0
19310 0
19320 -0.0482269
19330 0.142657
19340 -0.0321513
19350 0
193520 0
193530 0
193540 0
193540 0.0212541
193550 0
193550 0.0623592
193560 0
193560 0.0679978
193570 0.00299233
193570 0.0102342
193580 0.0161539
193580 0.0337472
193590 0.0287013
193590 0.0544286
19360 0
193600 -0.00456342
193600 0.00682718
194340 0
194350 0
194360 0
194360 0.00382268
194370 0.0405436
194370 0.0733247
194380 0.0104094
194380 0.0477778
194390 0.0398851
194390 0.0499016
194400 -0.0149732
194400 0.017391
195160 0
195170 0
195180 0.0221706
195180 -0.0238249
195190 0.0237638
195190 0.0467309
195200 0.02573
195200 -0.0301152
20100 -0.109974
20110 0.212964
20120 -0.0352199
20130 0
20140 0
202620 0
202630 0
202640 0
202640 -0.0168093
202650 0
202650 0.0315398
202660 0
202660 0.0617649
202670 0
202670 0.103161
202680 0.0082912
202680 0.023811
202690 0.0145763
202690 -0.0282828
202700 0
202700 -0.029846
203440 0
203450 0
203460 0
203460 -0.0358653
203470 0.0228834
203470 -0.0444626
203480 0.00388106
203480 0.0257877
203490 0.0205042
203490 -0.0312594
203500 0.000789051
203500 -0.0428233
204260 0
204270 0
204280 0.00758025
204280 -0.0578137
204290 0.0153188
204290 -0.0477487
204300 0.00600889
204300 -0.0536183
205080 0
205090 0
205100 0.000603407
205100 -0.0620355
205860 0
205870 0
205880 0.043713
205880 -0.0646711
205890 0
205900 0
206640 0
206650 0
206660 0.0354246
206660 -0.0604196
206670 0
206680 0
207420 0
207430 0
207440 -0.0464883
207450 0
207460 0
208200 0
208210 0
208220 -0.039889
208230 0
208240 0
209000 -0.0618997
209010 0
209020 0
212540 0
212550 0
212560 0
212560 -0.00760901
212570 0
212570 -0.0679773
212580 0
212580 -0.0932812
212590 0
212590 -0.0485872
212600 0
212600 0.0152063
213360 0
213370 0
213380 0
213380 0.0273316
213390 0.000240071
213390 -0.0620548
213400 0.00865697
213400 0.0273543
214180 0
214190 0
214200 0.0033703
214200 0.0446725
214960 0
214970 0
214980 -0.010369
214980 0.0443741
214990 0.0893296
214990 0.131584
215000 0.00915475
215000 0.0192798
215740 0
215750 0
215760 -0.0157357
215760 0.0402555
215770 -0.0458674
215770 0.0749268
215780 -0.0144666
215780 0.0470363
215790 0
215800 0
216520 0
216530 0
216540 -0.0286887
216540 0.04665
216550 0.0678046
216550 -0.088989
216560 -0.0231577
216560 0.0387425
216570 0
216580 0
217300 0
217310 0
217320 -0.0473669
217330 -0.109946
217340 -0.031578
217350 0
217360 0
218100 -0.131259
218110 -0.166281
218120 -0.0420364
218130 0
218140 0
222460 0
222470 0
222480 0
222480 0.0481059
222490 0
222490 0.0895881
222500 0.00485547
222500 0.0235742
223280 0
223290 0
223300 0.00280239
223300 0.0696322
224060 0
224070 0
224080 0.0158833
224080 0.0451502
224090 -0.0747143
224090 0.0979728
224100 0.00782697
224100 0.0660507
224840 0
224850 0
224860 0.0151257
224860 0.0392694
224870 -0.0020179
224870 0.066386
224880 0.0714801
224880 0.120545
224890 -0.00125663
224890 0.0584173
224900 0.0215635
224900 -0.0261149
225620 0
225630 0
225640 0.0195548
225640 0.0318049
225650 0.00501717
225650 0.0799518
225660 0.0246694
225660 0.0795577
225670 0.00312612
225670 0.0477536
225680 0.0220542
225680 0.0268462
225690 0
225700 0
226400 0
226410 0
226420 0.0257008
226420 0.0397014
226430 -0.00609485
226430 0.0756271
226440 -0.0388564
226440 0.0878253
226450 -0.00328735
226450 0.0486585
226460 0.0278393
226460 0.0331669
226470 0
226480 0
227200 -0.00488282
227210 -0.0327587
227220 -0.090145
227230 -0.0104912
227240 0.0419774
227250 0
227260 0
228000 0
228010 0
228020 0.0801393
228030 0
228040 0
232380 0
232390 0
232400 0
232400 -0.00400781
233160 0
233170 0
233180 0
233180 -0.00462618
233190 -0.0131946
233190 0.0280428
233200 0
233200 -0.0252419
233940 0
233950 0
233960 0.000291756
233960 0.00592354
233970 0.0416423
233970 0.0501245
233980 0.0365283
233980 -0.0633333
233990 0.0341126
233990 0.0396715
234000 0.0165992
234000 0.0227337
234720 0
234730 0
234740 0.00191798
234740 0.0200082
234750 0.0689759
234750 0.0737574
234760 0.00592848
234760 0.0493414
234770 0.0506431
234770 0.120292
234780 0.010309
234780 0.0200571
234790 0.0361958
234790 -0.064462
234800 0.0158826
234800 0.050987
235500 0
235510 0
235520 0.0201195
235520 0.0385046
235530 0.0728427
235530 0.0818889
235540 0.0391318
235540 0.082638
235550 0.0734592
235550 0.0854146
235560 0.0207241
235560 0.0376146
235570 -0.00516491
235570 0.0295684
235580 0.0110968
235580 0.0232143
235590 0
235600 0
236300 0.137635
236300 0.174058
236310 0.113375
236310 0.1334
236320 0.064115
236320 0.157533
236330 0.0471634
236330 0.0927295
236340 0.0245183
236340 0.0383888
236350 0.0225184
236350 0.0360277
236360 0.011358
236360 0.0329573
236370 0
236380 0
237100 0
237110 0
237120 0.0173544
237130 0.043837
237140 0.0115696
237150 0
237160 0
243040 0
243050 0
243060 0
243060 -0.0359665
243070 -0.0159174
243070 0.0197522
243080 0.00318004
243080 -0.0534984
243090 -0.0111907
243090 0.0153018
243100 0.00595762
243100 -0.0167128
243820 0
243830 0
243840 0
243840 -0.0276511
243850 -0.0120068
243850 0.0378241
243860 0.0102632
243860 0.018204
243870 0.0242328
243870 -0.0654183
243880 -0.00277919
243880 0.0107605
243890 0.0395501
243890 0.0537678
243900 0.0148241
243900 -0.0321201
244600 0
244610 0
244620 -0.0177859
244620 0.0185551
244630 0.0140751
244630 0.0471776
244640 0.069357
244640 0.0723225
244650 -0.0106399
244650 0.0828243
244660 0.0296479
244660 0.0717957
244670 0.0113308
244670 0.0186179
244680 0.0168472
244680 -0.0994376
244690 0.0153997
244690 0.0484839
244700 0.0272975
244700 0.0859417
24500 0
245400 0.0666475
245400 0.175727
245410 0.087906
245410 0.149977
245420 0.143585
245420 0.149714
245430 0.0400454
245430 0.152937
245440 0.0419263
245440 0.0725025
245450 0.013738
245450 0.0334777
245460 0.0203863
245460 -0.072813
245470 0.00416008
245470 0.0416823
245480 -0.00823639
245480 0.0277152
245490 0
245500 0
246200 0
246210 0
246220 -0.056682
246220 0.0614418
246230 -0.0014545
246230 0.106069
246240 0.0449183
246240 -0.0720763
246250 -0.000784464
246250 0.0619383
246260 -0.0154745
246260 0.0356469
246270 0
246280 0
247020 0
247030 0
247040 -0.00720936
247050 0
247060 0
25280 0
25290 0
252920 0
252930 0
252940 0
252940 -0.0109807
252950 0
252950 -0.0705896
252960 0
252960 -0.0270108
252970 0
252970 -0.083204
252980 0
252980 -0.0140884
252990 -0.0120838
252990 0.0408871
253000 0
253000 -0.000232968
25300 -0.0496284
25300 0.0496284
253700 0
253710 0
253720 0.00895227
253720 -0.025806
253730 0.0197642
253730 -0.0743228
253740 0.0389473
253740 -0.0552273
253750 -0.0329379
253750 0.0787927
253760 0.0121658
253760 -0.070573
253770 0.0155576
253770 -0.0309293
253780 0.0310456
253780 0.0449002
253790 -0.0251775
253790 0.0341031
253800 -0.0203756
253800 0.0264649
254500 0.0746409
254500 -0.0893999
254510 -0.082017
254510 0.159474
254520 -0.0580152
254520 0.0707575
254530 0.0282918
254530 0.177613
254540 0.0214011
254540 -0.0463084
254550 -0.00399022
254550 0.0376511
254560 0.0173131
254560 0.0228163
254570 0.0309398
254570 -0.104777
254580 0.00624691
254580 0.023245
254590 0.0533576
254590 0.0861955
254600 -0.0274672
254600 0.0690935
255300 0
255310 0
255320 -0.0130844
255320 0.0190258
255330 0.0703197
255330 -0.0920408
255340 0.00634559
255340 0.0548407
255350 0.0579855
255350 -0.125723
255360 -0.00235016
255360 0.0357509
255370 0.0319229
255370 0.0712604
255380 -0.0119448
255380 0.0230553
255390 0
255400 0
256120 0
256130 0
256140 -0.0107523
256140 0.0714348
256150 0.0579762
256150 0.113755
256160 -0.00867931
256160 0.0385994
256170 0
256180 0
26060 0
26070 0
26080 -0.0222085
26080 0.0222085
26090 -0.135817
26090 0.135817
26100 -0.0214077
26100 0.0214077
262800 0
262810 0
262820 0
262820 0.000663441
262830 0.0123163
262830 -0.0184597
262840 0
262840 -0.0963252
262850 -0.0246119
262850 0.0457321
262860 0
262860 -0.0755004
262870 -0.00742132
262870 0.0108168
262880 0.0183164
262880 0.0244081
262890 0.00208207
262890 0.00750227
262900 0.00646806
262900 0.0202787
263600 0
263600 -0.123737
263610 0.087156
263610 -0.13762
263620 0
263620 -0.160459
263630 0.0942666
263630 -0.106926
263640 0
263640 -0.0567588
263650 0.0231768
263650 -0.0469414
263660 -0.0120388
263660 0.0127656
263670 0.0579583
263670 0.0615442
263680 0.00939061
263680 0.0141628
263690 -0.0302211
263690 0.0523828
263700 0.0120037
263700 0.0265994
264400 0
264410 0
264420 0.00581216
264420 0.0293584
264430 0.0202191
264430 0.0391691
264440 0.0311027
264440 -0.0380219
264450 0.0568772
264450 0.105074
264460 0.0183016
264460 -0.0485835
264470 -0.00628167
264470 0.0526135
264480 0.0282723
264480 0.0859205
264490 -0.0246979
264490 0.0675256
264500 -0.0199603
264500 0.0410133
265220 0
265230 0
265240 0.0254585
265240 0.0446192
265250 -0.0255461
265250 0.107552
265260 0.0824813
265260 0.115831
265270 -0.0159174
265270 0.0531944
265280 -0.00357665
265280 0.0210181
265290 0
265300 0
266040 0
266050 0
266060 0.0167708
266060 -0.0306611
266070 0
266080 0
26840 0
26850 0
26860 -0.0124812
26860 0.0160472
26870 -0.115718
26870 0.115718
26880 0.0913113
26880 0.112796
26890 -0.0720629
26890 0.0720629
26900 0.015442
26900 -0.101017
272700 0
272700 5.01652e-17
272710 0
272710 0.00228798
272720 0
272730 0
272730 -0.0931956
272740 0
272740 3.58323e-17
272750 0
272750 -0.013646
272760 0
272760 -1.43329e-17
272770 0.0702985
272770 0.0706061
272780 0
272790 0.0156181
272790 0.0156586
272800 0
273500 0
273510 0
273520 0
273520 0.0155823
273530 0.0274086
273530 0.0868185
273540 0
273540 0.0464657
273550 0.0626421
273550 0.112992
273560 0
273560 0.0621704
273570 0.0333485
273570 0.0334926
273580 0.00685214
273580 -0.0447201
273590 0.0156557
273590 0.0320802
273600 0
273600 0.0155072
274320 0
274330 0
274340 0.00246295
274340 -0.00639556
274350 0.0413655
274350 0.0661674
274360 -0.0581037
274360 0.0593793
274370 0.0415894
274370 0.0776084
274380 -0.0139246
274380 0.0166287
274390 0.037563
274390 -0.0454595
274400 0.030898
274400 0.0365709
275140 0
275150 0
275160 0.019313
275160 0.0225039
275170 0.0212663
275170 -0.0717138
275180 0.0177554
275180 0.0305893
275190 0
275200 0
27620 0
27630 0
27640 -0.00574781
27640 0.0172435
27650 -0.105359
27650 0.105359
27660 0.121897
27660 0.137134
27670 -0.0656479
27670 0.0656479
27680 0.00852309
27680 -0.057683
27690 0
27700 0
283420 0
283430 0
283440 0
283440 -0.0363183
283450 -0.0176524
283450 0.0273591
283460 0.0128262
283460 -0.0289525
283470 0.0195263
283470 -0.0619628
283480 0.00589086
283480 -0.0218031
283490 0.0312419
283490 0.0448432
283500 0.00168474
283500 -0.0215353
28400 0
28410 0
28420 0.00607602
28420 0.0303801
284240 0
284250 0
284260 0.00671954
284260 -0.0281321
284270 0.0452045
284270 0.0478734
284280 0.0116815
284280 -0.0721484
284290 0.0298129
284290 0.0390814
284300 0.0138242
284300 0.0184846
28430 -0.113672
28430 0.113672
28440 0.143824
28440 0.157203
28450 -0.0613101
28450 0.0613101
28460 0.00652088
28460 -0.0480915
28470 0
28480 0
285060 0
285070 0
285080 0.0268881
285080 0.035961
285090 0
285100 0
29200 0.113581
29210 -0.190481
29220 0.192141
29230 -0.0610027
29240 -0.0543235
29250 0
29260 0
293340 0
293350 0
293360 0
293360 0.00679228
293370 -0.00486228
293370 0.048927
293380 0
293380 0.0591606
293390 -0.00330906
293390 0.0419446
293400 0
293400 -0.0133735
294160 0
294170 0
294180 -0.0275817
294180 0.0373949
294190 0.0340794
294190 0.0406449
294200 0.00171159
294200 -0.0257578
30000 0
30010 0
30020 -0.113179
30030 0
30040 0
303260 0
303270 0
303280 0.0161611
303280 0.0221867
303290 0.0403652
303290 -0.0517102
303300 0.00358424
303300 0.0252471
304080 0
304090 0
304100 0.00130193
304100 -0.0381092
304860 0
304870 0
304880 0.0226252
304880 -0.0399594
304890 0
304900 0
305640 0
305650 0
305660 -0.00118145
305660 0.0161243
305670 0
305680 0
306420 0
306430 0
306440 0.0313089
306450 0
306460 0
307200 0
307210 0
307220 0.0589168
307230 0
307240 0
308000 0.127665
308010 0
308020 0
313180 0
313190 0
313200 0.000379212
313200 -0.0843742
313960 0
313970 0
313980 0
313980 0.0378376
313990 0.0731554
313990 0.0850544
314000 0.00311894
314000 -0.0128817
314740 0
314750 0
314760 0.0160722
314760 0.0228473
314770 0.0456007
314770 -0.0609268
314780 0.0198694
314780 0.0210047
314790 0
314800 0
315520 0
315530 0
315540 0.0157225
315540 0.0268614
315550 0.0512333
315550 -0.0539195
315560 0.0126913
315560 0.0316858
315570 0
315580 0
316300 0
316310 0
316320 0.0172569
316330 -0.0266244
316340 0.0115046
316350 0
316360 0
317100 0.0430806
317110 -0.00521451
317120 0.0137967
317130 0
317140 0
323840 0
323850 0
323860 0.00404025
323860 -0.0268047
323870 0.0429952
323870 0.0582418
323880 0.0119333
323880 0.0594208
323890 0.0267751
323890 0.0435204
323900 0.0190759
323900 -0.10647
324620 0
324630 0
324640 0.0147563
324640 -0.0393429
324650 0.0377077
324650 0.0860971
324660 0.0280899
324660 -0.0658164
324670 0.0234951
324670 0.0358512
324680 0.00938146
324680 -0.0122802
324690 0
324700 0
325400 0
325410 0
325420 0.0522326
325420 -0.0604824
325430 0.0276311
325430 0.0951169
325440 0.0505658
325440 -0.106729
325450 0.0149032
325450 0.0432538
325460 -0.00561149
325460 0.0440645
325470 0
325480 0
326200 -0.204758
326210 0.0319435
326220 -0.135027
326230 0.01023
326240 -0.00438985
326250 0
326260 0
327000 0
327010 0
327020 0.0188379
327030 0
327040 0
333720 0
333730 0
333740 0.000843857
333740 0.00741384
333750 -0.0207332
333750 0.0746015
333760 0
333760 0.035208
333770 0.0314941
333770 0.0527775
333780 0.00118207
333780 0.00704548
333790 0.0382332
333790 -0.0912398
333800 -0.0244141
333800 0.0467018
334500 0
334510 0
334520 0.00360706
334520 0.0236423
334530 -0.0550525
334530 0.0724196
334540 0.0508987
334540 0.0726056
334550 -0.0376145
334550 0.0594726
334560 0.0132241
334560 0.0173394
334570 -0.0139355
334570 0.0410384
334580 0.0155698
334580 -0.0186149
334590 0
334600 0
335300 0.0288173
335300 0.151074
335310 0.158963
335310 -0.165894
335320 0.0563491
335320 0.140444
335330 -0.100055
335330 0.114595
335340 0.00742147
335340 0.0243502
335350 0.0126151
335350 0.0617377
335360 -0.0155169
335360 0.0408808
335370 0
335380 0
33600 0
336100 0
336110 0
336120 -0.0237945
336130 0.0549837
336140 -0.0158629
336150 0
336160 0
343600 0
343610 0
343620 0.00967238
343620 0.0426473
343630 0.00779436
343630 0.0358614
343640 0.026582
343640 0.0468738
343650 0.0219259
343650 0.0991877
343660 0.00443543
343660 0.0663045
343670 -0.00242157
343670 0.0337242
343680 0.00200544
343680 -0.0691959
343690 -0.00952091
343690 0.0681377
343700 0.0488922
343700 0.102979
34380 0
34390 0
34400 0
34400 0.175322
344400 0.0754514
344400 0.0834687
344410 0.057318
344410 0.180535
344420 -0.00479303
344420 0.0838083
344430 0.0614346
344430 0.208971
344440 0.0178021
344440 0.023226
344450 -0.00524791
344450 0.0535797
344460 -0.01327
344460 0.0132986
344470 -0.0197416
344470 0.0644016
344480 0.0144281
344480 0.0345365
344490 0
344500 0
345200 0
345210 0
345220 0.0303586
345220 0.0441509
345230 -0.0407522
345230 0.150692
345240 0.0242584
345240 0.0318211
345250 -0.0219801
345250 0.0821531
345260 0.020944
345260 0.026381
345270 0
345280 0
346020 0
346030 0
346040 0.00681271
346050 0
346060 0
35160 0
35170 0
35180 0
35180 0.0704297
35190 -0.0459145
35190 0.0459145
35200 0
35200 0.0645233
353500 0
353500 2.00661e-16
353510 0.197998
353510 0.198914
353520 0
353530 0.0977403
353530 0.228307
353540 0
353540 -7.16646e-18
353550 0.0529988
353550 0.0620477
353560 0
353560 -3.13533e-18
353570 0.0434277
353570 -0.0593464
353580 0
353580 3.58323e-18
353590 0.0936927
353590 0.106721
353600 0
354300 0
354310 0
354320 0
354320 -0.00648981
354330 0.0240498
354330 0.0809578
354340 0
354340 -0.0324047
354350 -0.0376485
354350 0.0708355
354360 -0.00965813
354360 0.0196624
354370 0.0536145
354370 0.0704511
354380 0.00584857
354380 0.00886927
354390 0
354400 0
355120 0
355130 0
355140 0.0148866
355140 0.0283013
355150 0.0458978
355150 0.0918189
355160 0.0120166
355160 0.0193122
355170 0
355180 0
35940 0
35950 0
35960 0.00259468
35960 0.0389202
35970 -0.0362328
35970 0.0362328
35980 -0.074348
35980 0.104087
35990 -0.0246585
35990 0.0246585
36000 0.019555
36000 0.0740905
364220 0
364230 0
364240 0
364240 -0.0215691
364250 0.00553542
364250 0.0868652
364260 0.0324541
364260 0.0734204
364270 0.00344905
364270 0.0381879
364280 0.00737456
364280 -0.053268
364290 0
364300 0
365040 0
365050 0
365060 0.00317852
365060 -0.064024
365070 0
365080 0
36720 0
36730 0
36740 0.00780975
36740 0.0234292
36750 -0.0273341
36750 0.0351439
36760 -0.107244
36760 0.126967
36770 0.038947
36770 0.0814347
36780 -0.00952158
36780 0.0496057
36790 0.0121437
36790 -0.0821871
36800 0.0377622
36800 0.102781
374140 0
374150 0
374160 0.00179115
374160 0.008562
374170 0.0284288
374170 -0.104444
374180 0.00787147
374180 0.0176551
374190 0
374200 0
37500 0
37510 0
37520 0.00784409
37520 0.0235323
37530 -0.0164071
37530 0.0492214
37540 -0.130715
37540 0.147226
37550 0.0770532
37550 0.11558
37560 -0.0289066
37560 0.0612671
37570 0.0110807
37570 -0.0817202
37580 0.0222651
37580 0.0599709
37590 0
37600 0
38300 -0.107752
38300 0.179587
38310 0.0283955
38310 0.141976
38320 -0.192536
38320 0.21132
38330 0.108046
38330 0.147336
38340 -0.0267817
38340 0.0643621
38350 0.0100119
38350 -0.0913585
38360 0.0192006
38360 0.0504487
38370 0
38380 0
384060 0
384070 0
384080 0.0254455
384080 0.0839709
384090 0
384100 0
39100 0
39110 0
39120 0.0826088
39130 -0.151846
39140 0.0550728
39150 0
39160 0
404640 0
404650 0
404660 0.00947459
404660 -0.0111526
404670 0
404680 0
405420 0
405430 0
405440 0.0149399
405450 0
405460 0
406200 0
406210 0
406220 0.0229461
406230 0
406240 0
407000 0.0419224
407010 0
407020 0
414520 0
414530 0
414540 0.0119282
414540 -0.0201958
414550 -0.0445672
414550 0.0563355
414560 -0.0163023
414560 0.0213173
414570 0
414580 0
415300 0
415310 0
415320 -0.0268736
415330 0.00313468
415340 -0.0179157
415350 0
415360 0
416100 -0.0638895
416110 0.0404235
416120 -0.0204611
416130 0
416140 0
424400 0
424410 0
424420 0.0263231
424420 0.0296841
424430 -0.0228258
424430 0.122035
424440 0.0226684
424440 -0.0623468
424450 -0.0123113
424450 0.0643212
424460 0.0229763
424460 0.0422129
424470 0
424480 0
425200 0.0604149
425210 -0.0587734
425220 -0.0334478
425230 -0.0188225
425240 0.0367756
425250 0
425260 0
426000 0
426010 0
426020 0.045243
426030 0
426040 0
42700 0
434300 0
434300 3.00991e-16
434310 0.00898904
434310 0.181027
434320 0
434330 -0.0652973
434330 0.14555
434340 0
434350 0.0686961
434350 0.084522
434360 0
434370 0
434380 0
43480 0
43490 0
43500 0
43500 -0.0515399
435100 0
435110 0
435120 0.00665466
435130 0.0984259
435140 0.00443651
435150 0
435160 0
44260 0
44270 0
44280 0
44280 -0.0179861
44290 0
44290 0.169107
44300 0
44300 -0.0161054
445020 0
445030 0
445040 -0.0698674
445050 0
445060 0
45040 0
45050 0
45060 0.00119052
45060 -0.0107147
45070 0
45070 0.120801
45080 0.0383679
45080 -0.0450406
45090 0
45090 0.0849293
45100 0.00246921
45100 0.0198573
45820 0
45830 0
45840 0.00329288
45840 -0.00987863
45850 0.0060494
45850 0.0907411
45860 0.0440188
45860 -0.0480899
45870 -0.00377391
45870 0.0717063
45880 -0.0197402
45880 0.0215294
45890 0.0251973
45890 0.0928321
45900 0.010309
45900 0.029376
46600 0
46610 0
46620 0.010064
46620 -0.014709
46630 0.0242349
46630 0.0727047
46640 -0.0467734
46640 0.0555684
46650 -0.0549598
46650 0.113583
46660 0.00729627
46660 0.0564174
46670 0.0294119
46670 0.058529
46680 0.0179681
46680 -0.0524217
46690 0.0295329
46690 0.0795467
46700 0.0397163
46700 0.0614875
47400 -0.0559991
47400 0.0933317
47410 0.0415659
47410 0.124699
47420 -0.0420412
47420 0.106855
47430 -0.0999533
47430 0.158942
47440 0.0299522
47440 0.0798843
47450 0.0424164
47450 0.054308
47460 0.0189082
47460 -0.0767151
47470 0.0295122
47470 0.0775419
47480 0.0240178
47480 0.0391984
47490 0
47500 0
48200 0
48210 0
48220 -0.00124514
48220 0.0228319
48230 0.039597
48230 0.145129
48240 0.0232121
48240 -0.112136
48250 0.0314074
48250 0.0782769
48260 0.0209678
48260 0.0400727
48270 0
48280 0
49020 0
49030 0
49040 0.0786686
49050 0
49060 0
505200 0
505210 0
505220 0.0681188
505230 0
505240 0
506000 0.112942
506010 0
506020 0
515100 2.72325e-16
515110 0.160958
515120 0
515130 0
515140 0
51800 0
52580 0
52590 0
52600 0
52600 -0.16577
53360 0
53370 0
53380 0
53380 -0.0473596
53390 0
53390 -0.0516632
53400 0
53400 -0.0418699
54140 0
54150 0
54160 0
54160 -0.0163484
54170 0
54170 -0.0322855
54180 0
54180 0.135769
54190 0
54190 -0.0230763
54200 0.00772643
54200 -0.0473887
54920 0
54930 0
54940 0
54940 6.57751e-09
54950 0.00293439
54950 -0.0264095
54960 0
54960 0.150335
54970 0.0292921
54970 -0.0460305
54980 0
54980 0.0619651
54990 0.00472591
54990 0.031056
55000 0.00992047
55000 -0.0479633
55700 0
55710 0
55720 0.00146677
55720 0.0220015
55730 0.0109763
55730 -0.0329288
55740 0.0101996
55740 0.152994
55750 0.0446176
55750 -0.0580871
55760 0.0345362
55760 0.0429483
55770 -0.00895767
55770 0.0155899
55780 0.0271029
55780 0.0609131
55790 0.0136005
55790 0.037816
55800 0.01031
55800 -0.0661852
56500 0.0453525
56500 0.17234
56510 0.0589585
56510 -0.08617
56520 0.0572142
56520 0.180945
56530 -0.0689204
56530 0.0700058
56540 -0.000348904
56540 0.0761691
56550 0.000910934
56550 0.0264711
56560 0.0257174
56560 0.0808412
56570 -0.0216912
56570 0.027153
56580 0.00575794
56580 0.0115544
56590 0.0293048
56590 0.0478273
56600 0.0120667
56600 -0.107568
57300 0
57310 0
57320 0.00815115
57320 -0.0237697
57330 0.0180857
57330 0.0244811
57340 0.0560034
57340 0.124827
57350 0.0346213
57350 -0.0442444
57360 0.0047078
57360 0.0227947
57370 0.0284228
57370 0.0543202
57380 0.00746556
57380 -0.0688454
57390 0
57400 0
58120 0
58130 0
58140 0.0567545
58140 -0.0823439
58150 0.0635998
58150 0.0866113
58160 0.00647081
58160 -0.0664685
58170 0
58180 0
61680 0
61690 0
61700 0
61700 0.206274
62460 0
62470 0
62480 0
62480 0.0417673
62490 0
62490 -0.172211
62500 0
62500 0.0366307
6300 0
63240 0
63250 0
63260 0
63260 0.0137768
63270 0
63270 -0.0886308
63280 0
63280 -0.0378475
63290 0
63290 -0.063974
63300 0
63300 0.0201231
64020 0
64030 0
64040 0
64040 0.00425766
64050 0
64050 -0.0423632
64060 0
64060 -0.0400493
64070 0
64070 0.0840083
64080 0
64080 -0.0170192
64090 0.0136921
64090 -0.0814381
64100 0
64100 0.0143417
64800 0
64810 0
64820 0.000829728
64820 -0.00414864
64830 0
64830 3.86384e-08
64840 0.00534222
64840 -0.0463929
64850 0
64850 0.147293
64860 0.0196638
64860 -0.0401447
64870 0
64870 -0.00107737
64880 0.0140105
64880 0.0363359
64890 0.0159203
64890 -0.0759865
64900 0
64900 0.00608308
65600 0.0236846
65600 -0.0742118
65610 0.00934134
65610 0.140121
65620 0.0286408
65620 -0.0867291
65630 0.0135
65630 0.2025
65640 0.0346294
65640 -0.054041
65650 -0.0030084
65650 0.00683037
65660 0.0121715
65660 0.0226392
65670 -0.00666082
65670 0.0273286
65680 0.0160468
65680 0.016175
65690 0.0128815
65690 -0.0849256
65700 0
65700 -0.00166976
66400 0
66410 0
66420 0.0121834
66420 0.0175079
66430 0.00924836
66430 -0.10218
66440 0.038416
66440 0.0662523
66450 0.0220414
66450 0.0469193
66460 0.0033945
66460 0.00661757
66470 0.0101163
66470 -0.0650013
66480 0.0163708
66480 0.030523
66490 0.00823936
66490 -0.0759813
66500 0
66500 -0.0316583
67220 0
67230 0
67240 -0.0032234
67240 0.0291202
67250 0.061532
67250 -0.122213
67260 0.0360413
67260 0.0489876
67270 0.00741324
67270 -0.0761492
67280 0
67280 -0.024116
67290 0
67300 0
68040 0
68050 0
68060 0
68060 -0.0404875
68070 0
68080 0
7080 0
7090 0
7100 0.183837
71560 0
71570 0
71580 0
71580 7.43919e-17
71590 0
71590 0.221555
71600 0
71600 2.04804e-17
72340 0
72350 0
72360 0
72360 -0.00750984
72370 0
72370 0.0812315
72380 0
72380 -0.170068
72390 0
72390 0.0590096
72400 0
72400 0.0261206
73120 0
73130 0
73140 0
73140 -0.0133135
73150 0
73150 0.0373609
73160 0
73160 -0.131259
73170 0
73170 -0.0120212
73180 0
73180 -0.0651197
73190 0
73190 0.0369389
73200 0
73200 0.0236343
73900 0
73910 0
73920 0
73920 -0.0225889
73930 0
73930 0.0159728
73940 0
73940 -0.0869315
73950 0
73950 -0.0347697
73960 0
73960 0.030148
73970 0
73970 0.00426071
73980 0.0181701
73980 -0.0926188
73990 0
73990 0.0257445
74000 0
74000 0.0343424
74700 0
74700 -0.0387762
74710 0.00567621
74710 -0.0283812
74720 0
74720 -0.00988372
74730 0.0077781
74730 -0.0617671
74740 0
74740 0.101181
74750 0.003548
74750 -0.0120426
74760 0.00657654
74760 -0.0820875
74770 0.0310625
74770 0.0352483
74780 0.0107387
74780 -0.0649713
74790 0
74790 0.00828079
74800 0
74800 0.0456642
75500 0
75510 0
75520 0.00548
75520 -0.0201718
75530 0.0152077
75530 0.0408106
75540 0.0271274
75540 -0.167361
75550 0.0484588
75550 0.065246
75560 0.00330825
75560 -0.0512259
75570 0.0107144
75570 0.0136693
75580 0.0207127
75580 -0.0468714
75590 0
75590 -0.0034623
75600 0
75600 0.0664814
76320 0
76330 0
76340 0.00617198
76340 0.0464441
76350 -0.0092385
76350 0.03307
76360 0.0521993
76360 -0.0673797
76370 0.00970223
76370 0.0146467
76380 0.00858564
76380 0.0150656
76390 0
76390 -0.0234728
76400 0.017357
76400 0.10577
77140 0
77150 0
77160 0.0192414
77160 0.0805177
77170 0
77170 -0.0359291
77180 0.0134447
77180 0.0740239
77190 0
77200 0
7860 0
7870 0
7880 0.0964002
7890 0
7900 0
81440 0
81450 0
81460 0
81460 0.0108154
81470 0
81470 1.13172e-17
81480 0
81480 0.22826
81490 0
81490 -3.55442e-17
81500 0
81500 -0.031815
82220 0
82230 0
82240 0
82240 0.0135998
82250 0
82250 -0.0212327
82260 0
82260 0.12641
82270 0
82270 -0.158758
82280 0
82280 0.0647239
82290 0
82290 0.0548216
82300 0
82300 -0.0204514
83000 0
83010 0
83020 0
83020 0.0208152
83030 0
83030 -0.0525091
83040 0
83040 0.0807564
83050 0
83050 -0.169721
83060 0
83060 0.0164919
83070 0
83070 -0.034334
83080 0
83080 0.0419572
83090 0
83090 0.0486561
83100 0
83100 -0.0175459
83800 0
83800 0.0707949
83810 0
83810 -0.164512
83820 0
83820 0.0558566
83830 0
83830 -0.153842
83840 0
83840 -0.0135163
83850 0
83850 0.00685617
83860 0
83860 0.0325791
83870 0.0200856
83870 -0.0667504
83880 0
83880 0.0234468
83890 0
83890 0.0683353
83900 0
83900 -0.0166218
84600 0
84610 0
84620 0
84620 0.00397632
84630 0.00897779
84630 0.0150724
84640 0
84640 0.0580341
84650 0.0361834
84650 -0.130307
84660 0
84660 0.0380254
84670 0.00715958
84670 0.00883188
84680 -0.00451074
84680 0.00743659
84690 0
84690 0.0758906
84700 0
84700 -0.0127235
85420 0
85430 0
85440 0
85440 -0.0172165
85450 0.00969635
85450 0.115168
85460 -0.0207374
85460 0.0245399
85470 0.0254041
85470 0.0419349
85480 -0.0127438
85480 0.0132253
85490 0.00842687
85490 0.0810796
85500 -0.00738951
85500 0.0103702
86240 0
86250 0
86260 -0.00516129
86260 0.0139904
86270 0.013273
86270 0.0977814
86280 0.0160045
86280 -0.0179298
86290 0.0110597
86290 0.0608929
86300 0.00661396
86300 0.0294926
8640 0
8650 0
8660 0.0704238
8670 0
8680 0
87060 0
87070 0
87080 0.0113751
87080 0.0212995
87090 0
87100 0
91320 0
91330 0
91340 0
91340 8.16844e-17
91350 0
91350 0.0317782
91360 0
91360 -5.52386e-17
91370 0
91370 0.223966
91380 0
91380 6.61973e-18
91390 0
91390 -0.0711785
91400 0
91400 9.61737e-18
92100 0
92110 0
92120 0
92120 -0.00821726
92130 0
92130 0.0561346
92140 0
92140 -0.0460259
92150 0
92150 0.173428
92160 0
92160 -0.134125
92170 0
92170 0.0397777
92180 0
92180 0.0870777
92190 0
92190 -0.0458463
92200 0
92200 -0.0142844
92900 0
92900 -0.15141
92910 0
92910 0.160264
92920 0
92920 -0.170236
92930 0
92930 0.151277
92940 0
92940 -0.175592
92950 0
92950 0.0197807
92960 0
92960 0.0419659
92970 0
92970 0.0218704
92980 0
92980 0.0638144
92990 0
92990 -0.0382097
93000 0
93000 -0.0204544
93700 0
93710 0
93720 0
93720 0.0265748
93730 0
93730 -0.023387
93740 0
93740 0.105073
93750 0
93750 0.039291
93760 0
93760 -0.00828777
93770 0
93770 -0.00684638
93780 0
93780 0.0835654
93790 0
93790 -0.0320995
93800 0
93800 -0.0340612
9420 0
9430 0
9440 0.0626486
9450 0
94520 0
94530 0
94540 0
94540 -0.00905712
94550 0
94550 -0.045084
94560 0
94560 0.134692
94570 0.0128749
94570 -0.0371222
94580 0.00973461
94580 0.05308
94590 0.0136502
94590 -0.0176575
9460 0
94600 0.00339142
94600 -0.0502728
95340 0
95350 0
95360 0
95360 -0.0596266
95370 -0.00757426
95370 0.0160727
95380 0.00862166
95380 0.0097187
95390 -0.00515474
95390 0.0214391
95400 0.00863595
95400 -0.0714221
96160 0
96170 0
96180 0.0125083
96180 -0.0805401
96190 0.00724813
96190 0.0135719
96200 0.0135719
96200 -0.0948786
