1542
101530 0
101540 0
101550 0
101550 -0.0520379
101560 0
101560 0.0407643
101570 0
101570 -0.070235
102350 0
102360 0
102370 0
102370 -0.121325
103170 0
103970 0
104750 0
104760 0
104770 0.0421724
104770 0.0534185
105530 0
105540 0
105550 0.0216201
105550 -0.0396369
105560 0
105570 0
106330 0.0284367
106330 -0.0867685
106340 0
106350 0
107130 0
111450 0
111460 0
111470 0
111470 -0.0147469
112270 0
113070 0
113850 0
113860 0
113870 0.0330323
113870 -0.0404854
114630 0
114640 0
114650 0.0435124
114650 0.0457124
114660 0.0653525
114660 0.0772348
114670 0.0928853
114670 0.15116
115430 0.0808099
115430 0.103529
115440 0.0187117
115440 0.0421014
115450 0.0389662
115450 0.0921476
115460 0
115470 0
116230 0.0355077
116230 0.0837224
116240 0
116250 0
117030 0
121370 0
122170 0
122950 0
122960 0
122970 0.0143739
122970 0.0401858
123730 0
123740 0
123750 -0.0111175
123750 0.036397
123760 0.0375823
123760 -0.0868997
123770 0.0406249
123770 -0.088559
124530 -0.0410753
124530 0.069107
124540 -0.0193953
124540 0.0268503
124550 0.0218165
124550 0.0274882
124560 0.08158
124560 0.118374
124570 -0.010118
124570 0.0425848
125330 -0.00211118
125330 0.0254252
125340 0.0784494
125340 0.123584
125350 0.0327122
125350 0.0421949
125360 0
125370 0
126130 0.0771296
126130 0.131344
126140 0
126150 0
132050 0
132060 0
132070 0.010619
132070 0.0308064
132830 0
132840 0
132850 0.00159127
132850 -0.043543
132860 0.0335696
132860 0.0342737
132870 -0.00785345
132870 0.0254023
133630 0.0100821
133630 -0.0659213
133640 0.025854
133640 0.03132
133650 0.00654896
133650 -0.0983963
133660 0.045689
133660 -0.132801
133670 0.0123989
133670 -0.0508267
134430 0.00992487
134430 -0.0431283
134440 0.0481799
134440 -0.102723
134450 0.0242816
134450 0.0268553
134460 -0.00576162
134460 0.0305678
134470 0.0174567
134470 -0.140276
135230 0.0296107
135230 -0.0766785
135240 0.0608328
135240 0.089921
135250 0.00627928
135250 -0.0918834
135260 0
135270 0
136030 -0.000979253
136030 0.0371665
136040 0
136050 0
14070 0
141930 0
141940 0
141950 0
141950 0.0719771
141960 0.0190108
141960 0.0274556
141970 0.0218158
141970 0.0776725
142730 0.0137159
142730 0.137439
142740 0.00158924
142740 -0.0533297
142750 0.0277059
142750 0.0654713
142760 0.0271127
142760 0.0282728
142770 0.0037994
142770 0.0315505
143530 0.00130025
143530 0.00992517
143540 -0.00571857
143540 0.0376988
143550 0.0124291
143550 -0.128815
143560 0.00966239
143560 -0.0711094
143570 0.0378461
143570 0.0523619
144330 0.00409438
144330 -0.0507087
144340 0.0267554
144340 -0.150817
144350 0.0285096
144350 0.0378566
144360 0.00768947
144360 -0.100885
144370 -0.00195011
144370 0.0225173
145130 0.00210906
145130 -0.132142
145140 0.0150384
145140 -0.0184118
145150 0.00866303
145150 -0.0624808
145160 0
145170 0
14850 0
14860 0
14870 0.0754405
14870 -0.226321
151830 0
151830 -0.127533
151840 0
151840 0.0780512
151850 0.0204558
151850 0.03066
151860 0.0199511
151860 0.103488
151870 0
151870 0.0297351
152630 0.00332595
152630 0.0448791
152640 0.022249
152640 0.0512655
152650 0.0515399
152650 0.0956409
152660 0.00632607
152660 0.0578896
152670 0.0221164
152670 0.02723
153430 0.00296048
153430 0.0560735
153440 0.0144855
153440 0.0244448
153450 0.0249811
153450 -0.0868991
153460 0.0365727
153460 0.0683394
153470 0.0231805
153470 0.0744407
154230 0.00345364
154230 -0.0198748
154240 0.00406158
154240 -0.101053
154250 0.0159971
154250 0.0685254
154260 0.00442889
154260 -0.0288559
154270 0.046488
154270 0.12968
155030 0
155040 0
155050 0.0302917
155050 0.0648885
155060 0
155070 0
15630 0
15640 0
15650 0.0429861
15650 -0.150451
15660 0.123468
15670 0.00956388
15670 0.0446312
161730 0.00326876
161730 -0.0449049
161740 0
161740 0.0248888
161750 0.0483959
161750 0.0726591
161760 0.00466124
161760 0.0575233
161770 0
161770 -0.0408458
162530 0.00183428
162530 0.0450804
162540 0.0149601
162540 0.128985
162550 0.0460072
162550 0.0909582
162560 0.0148638
162560 0.0348333
162570 0.00552877
162570 -0.0336669
163330 0.0122261
163330 0.13905
163340 0.0170353
163340 0.0716573
163350 0.00703094
163350 -0.0342413
163360 0.0163233
163360 0.124833
163370 0.0213509
163370 -0.0309239
164130 0
164140 0
164150 0.0278641
164150 0.0746814
164160 0.0355023
164160 0.048797
164170 0.012023
164170 0.0360961
16430 0.0433091
16430 -0.194891
16440 0.117415
16450 0.0255097
16450 0.0283442
16460 0
16470 0
17230 0.0765603
17240 0
172430 0.0188781
172430 0.072897
172440 0.0131713
172440 0.12867
172450 0.0186554
172450 0.0284257
172460 0
172460 -0.0665192
172470 0.00285783
172470 -0.0516103
17250 0
173230 0
173240 0
173250 0.00751708
173250 -0.083403
173260 0.031889
173260 0.0380394
173270 0.00298498
173270 -0.105624
174050 0
174060 0
174070 0.00133348
174070 -0.104192
18030 0
182330 0
182340 0
182350 0.00137896
182350 -0.0836156
182360 0
182360 -0.128538
182370 0.018432
182370 0.0351131
183150 0
183160 0
183170 0.00266229
183170 -0.01555
192250 0
192260 0
192270 0.016913
192270 0.158849
193070 0
202170 0
202970 0
203750 0
203760 0
203770 -0.0411555
203770 0.0553106
204530 0
204540 0
204550 0.0289374
204550 -0.0822616
204560 0
204570 0
205330 0.0296923
205330 -0.0922128
205340 0
205350 0
206130 0
212850 0
212860 0
212870 0.00857968
212870 -0.0794588
213630 0
213640 0
213650 0.0157869
213650 0.0489571
213660 0.0138135
213660 0.0431927
213670 0.0349377
213670 0.0750262
214430 0.0458468
214430 0.078601
214440 0.0247798
214440 -0.0587479
214450 0.0183383
214450 -0.0465773
214460 0
214470 0
215230 0.0391725
215230 -0.122216
215240 0
215250 0
216030 0
222730 0
222740 0
222750 0.0445189
222750 0.0620008
222760 0.00467823
222760 -0.0834377
222770 -0.0231624
222770 0.0268328
223530 0.0350592
223530 0.0638149
223540 0.00827983
223540 0.0114243
223550 0.0137993
223550 0.0594237
223560 0.073716
223560 0.0746159
223570 0.0523949
223570 0.06156
224330 0.0422639
224330 0.0682199
224340 0.00329312
224340 0.0441578
224350 0.0351154
224350 0.0545323
224360 0
224370 0
225130 0.0293004
225130 0.0559629
225140 0
225150 0
23170 0
232630 0.0142113
232630 -0.0827104
232640 0.00759697
232640 0.084934
232650 0.00912547
232650 -0.048114
232660 0.0259673
232660 -0.0787539
232670 0.01186
232670 0.0249516
233430 0.0285062
233430 0.0292139
233440 0.00916708
233440 0.0104996
233450 0.0259662
233450 0.0933423
233460 0.0238972
233460 0.0492287
233470 -0.0250265
233470 0.0294937
234230 0.0404905
234230 0.0815277
234240 0.0484135
234240 0.0889921
234250 0.0270211
234250 0.0322005
234260 0
234270 0
235030 0.0530432
235030 0.117337
235040 0
235050 0
23950 0
23960 0
23970 0.0548909
23970 0.109782
242530 0.00155622
242530 -0.0787641
242540 0.00430457
242540 0.0486158
242550 0.0111054
242550 -0.149185
242560 0
242560 -0.0282956
242570 0.00343282
242570 0.0275874
243330 0.0167021
243330 -0.0306419
243340 -0.0156364
243340 0.0265256
243350 0.0177736
243350 0.0473799
243360 0.00324748
243360 -0.0471375
243370 0.0312373
243370 -0.0659609
244130 0.0219467
244130 0.0375325
244140 0.0149394
244140 0.0614152
244150 0.0111739
244150 -0.0656958
244160 0
244170 0
24730 0
24740 0
24750 0.0564263
24750 0.098746
24760 0.0612575
24760 -0.183772
24770 0
24770 -0.0832044
253230 0.00611582
253230 -0.140708
253240 0
253240 -0.0671601
253250 0.00177949
253250 0.00934302
253260 0
253260 -0.0713304
253270 0.018718
253270 0.0521866
254030 0
254040 0
254050 0.0172864
254050 -0.0482022
254060 0
254070 0
25530 0.122561
25530 0.188454
25540 0.0553499
25540 -0.193725
25550 0
25550 -0.0102892
25560 0.0287394
25560 0.0319327
25570 0
25570 -0.115916
263130 0
263140 0
263150 0.0331192
263150 0.0629133
263160 0.00187257
263160 -0.00261787
263170 0.052464
263170 0.0688358
26330 0.0143773
26330 -0.12487
26340 0.0739643
26350 0
26350 -0.0714354
26360 0
26370 0
27130 0.0188518
27130 -0.0267064
27140 0
27150 0
273050 0
273060 0
273070 -0.007431
273070 0.0327261
303530 0
303540 0
303550 -0.0174528
303550 0.0187676
303560 0
303570 0
304330 0.0279298
304330 0.0456644
304340 0
304350 0
305130 0
313430 0.0582407
313430 0.0638405
313440 0.00563698
313440 -0.0465562
313450 -0.0189081
313450 0.0234307
313460 0
313470 0
314230 0.0355018
314230 -0.0374535
314240 0
314250 0
315030 0
32270 0
323330 0.00618437
323330 0.040673
323340 0
323340 -0.0289411
323350 -0.0054303
323350 0.0225696
323360 0
323370 0
324130 0.0448829
324130 -0.0607225
324140 0
324150 0
33050 0
33060 0
33070 0.0563169
33070 0.112634
334030 0.00155744
334030 0.0392806
334040 0
334050 0
33830 0
33840 0
33850 0.0252345
33850 0.0504692
33860 0.0474498
33860 0.0948995
33870 0.0225372
33870 0.0963914
34630 -0.0629057
34630 0.0991565
34640 0.0789851
34640 0.138224
34650 0.00505535
34650 -0.0355981
34660 0
34660 -0.117988
34670 0.0160308
34670 0.0604184
35430 0.0406998
35430 0.105879
35440 0.0203137
35440 -0.17636
35450 0.0483181
35450 0.0593562
35460 0
35460 -0.0727965
35470 0
35470 -0.0131006
36230 0
36230 -0.0586631
36240 0.0153924
36240 -0.0218059
36250 0
36250 -0.0381517
36260 0
36270 0
37030 0
37030 -0.0590584
37040 0
37050 0
404130 0
41370 0
42150 0
42160 0
42170 0
42170 -0.244555
42930 0
42940 0
42950 0
42950 -0.119933
42960 0.0514665
42960 0.102933
42970 0.016697
42970 -0.0178285
43730 0.0143838
43730 -0.104006
43740 0.0379431
43740 0.0758864
43750 0.0260381
43750 0.0453926
43760 0.0358238
43760 0.132904
43770 0.0132307
43770 0.0187554
44530 -0.023497
44530 0.0257944
44540 0.0547709
44540 0.160246
44550 0.0291369
44550 -0.0894393
44560 0
44560 0.037247
44570 0.0318724
44570 0.0752205
45330 0.00721086
45330 0.0710107
45340 0
45340 -0.0744942
45350 0.0227233
45350 0.0551809
45360 0
45360 -0.0342875
45370 0.037616
45370 0.0987972
46130 0
46130 0.00502201
46140 0
46140 -0.0373516
46150 0.000831982
46150 0.0519775
46160 0
46170 0
4970 0
51250 0
51260 0
51270 0
51270 0.186201
52030 0
52040 0
52050 0
52050 0.121598
52060 0
52060 -0.234961
52070 0
52070 -0.074578
52830 0.0191784
52830 0.200636
52840 0
52840 -0.191979
52850 0.0307079
52850 0.0311487
52860 -0.00474147
52860 0.0320905
52870 0
52870 -0.0554859
53630 0.00377236
53630 -0.0481702
53640 0.00874011
53640 0.0456365
53650 0.0387784
53650 0.0883949
53660 0.00589196
53660 0.0593791
53670 0.0164953
53670 -0.0575184
54430 0.00281277
54430 0.00292566
54440 0.02762
54440 0.135638
54450 0.00459181
54450 -0.0718847
54460 0.0455513
54460 0.101099
54470 0.0228966
54470 -0.0259422
55230 0.00645399
55230 0.0766885
55240 0
55240 0.0161984
55250 0.00280506
55250 0.0119591
55260 0.000631841
55260 0.0394797
55270 0.0163596
55270 0.02671
56030 0
56040 0
56050 0.0268971
56050 0.0402691
56060 0
56070 0
5750 0
5760 0
5770 0.163333
61130 0
61140 0
61150 0
61150 -0.0609723
61160 0
61160 0.187221
61170 0
61170 0.0846742
61930 0
61930 -0.181422
61940 0
61940 0.205776
61950 0
61950 -0.126827
61960 0
61960 -0.152046
61970 0
61970 0.0264128
62730 0.00440229
62730 0.0663877
62740 0
62740 -0.163686
62750 0.0345698
62750 0.043016
62760 0
62760 -0.0870056
62770 0
62770 -0.0120431
63530 0.000221566
63530 -0.0406575
63540 0.0220834
63540 -0.0231718
63550 0.0270351
63550 0.0865659
63560 0.0381784
63560 -0.0636482
63570 0
63570 -0.0462393
64330 0.00634051
64330 0.00840299
64340 0.0160456
64340 0.0767698
64350 0
64350 -0.0490488
64360 0.0179512
64360 0.0282415
64370 0
64370 -0.0770075
65130 0
65140 0
65150 0.0233822
65150 -0.0491102
65160 0.0158249
65160 0.0236923
65170 0
65170 -0.0827994
6530 0
6540 0
6550 0.100811
6560 0
6570 0
71030 0
71030 0.0927837
71040 0
71040 -0.108476
71050 0
71050 0.127074
71060 0
71060 0.166722
71070 0
71070 0.0108161
71830 0
71830 -0.0518851
71840 0
71840 0.154059
71850 0
71850 -0.206799
71860 0
71860 0.00415859
71870 0
71870 0.0524926
72630 0
72630 0.00401621
72640 0
72640 -0.124852
72650 -0.0107865
72650 0.0274075
72660 0
72660 -0.058753
72670 0
72670 0.0454879
7330 0.107185
7340 0
73430 0.00220862
73430 -0.0746558
73440 0.0161778
73440 -0.0496871
73450 0.00733181
73450 0.0489073
73460 0.00158442
73460 -0.107606
73470 0.00197374
73470 0.0356929
7350 0
74230 0
74240 0
74250 0
74250 -0.0486965
74260 0.0138284
74260 -0.0437988
74270 0
74270 -0.00159049
75050 0
75060 0
75070 0
75070 -0.0172027
80930 0
80930 0.0311103
80940 0
80940 -0.0461441
80950 0
80950 0.228705
80960 0
80960 0.0659299
80970 0
80970 -0.0351409
8130 0
81730 0
81730 0.00677951
81740 0
81740 0.0894371
81750 0
81750 -0.159441
81760 0
81760 0.118703
81770 0
81770 0.00911105
82530 0
82530 -0.0339546
82540 0
82540 -0.0877524
82550 0.00537505
82550 -0.0132106
82560 0
82560 0.0403717
82570 0.00234712
82570 0.0408039
83330 0
83340 0
83350 0.000413132
83350 0.0572805
83360 0
83360 -0.0416691
83370 0.00973192
83370 0.0797586
84150 0
84160 0
84170 0.00370852
84170 0.0884817
91630 0
91630 0.0644429
91640 0
91640 0.062608
91650 0
91650 -0.0700298
91660 0
91660 0.122956
91670 0
91670 -0.0520867
92430 0
92440 0
92450 0
92450 0.0495135
92460 0
92460 0.0959576
92470 0.0127035
92470 -0.0327659
93250 0
93260 0
93270 0.00722806
93270 0.0183301
94070 0
