1541
101440 0
101450 0
101460 0
101460 -0.0343422
102260 0
103860 0
104640 0
104650 0
104660 -0.00830258
104660 0.0344873
105440 0.0356193
105440 -0.075429
105450 0
105460 0
106240 0
111360 0
112960 0
113740 0
113750 0
113760 -0.0133475
113760 0.0457073
114540 0.0638078
114540 0.0977772
114550 0.0371828
114550 0.0476992
114560 0.128197
114560 0.141104
115340 0.0878712
115340 0.0923394
115350 0
115360 0
116140 0
122060 0
122840 0
122850 0
122860 0.0428079
122860 0.0712959
123640 0.0148994
123640 0.0999055
123650 0.0411215
123650 -0.0551481
123660 0.0704372
123660 -0.0801294
124440 -0.0278635
124440 0.0623798
124450 0.102802
124450 0.105788
124460 0.0697674
124460 0.0711187
125240 0.115459
125240 0.137646
125250 0
125260 0
126040 0
131940 0
131950 0
131960 0.019191
131960 -0.0528649
132740 0.00895097
132740 -0.102272
132750 0.0472025
132750 0.0881909
132760 0.00227189
132760 0.0639997
133540 -0.0140616
133540 0.0728935
133550 0.0790702
133550 -0.124933
133560 0.0206
133560 -0.0924372
134340 0.0434173
134340 -0.103808
134350 0.0638542
134350 0.069979
134360 0.0230141
134360 -0.107134
135140 -0.0048648
135140 0.0491077
135150 0
135160 0
13960 0
141840 0.0157923
141840 0.127496
141850 -0.0229134
141850 0.0492088
141860 0.0420889
141860 0.0495944
142640 0.000492085
142640 0.0394367
142650 0.0501454
142650 0.138292
142660 0.0210122
142660 0.0292468
143440 -0.00515664
143440 0.0532217
143450 0.0348437
143450 -0.151719
143460 -0.00436923
143460 0.0399509
144240 0.0127455
144240 -0.116457
144250 0.0151492
144250 -0.0237229
144260 0.0201534
144260 -0.094618
145040 0.012075
145040 -0.102817
145050 0
145060 0
14740 0
14750 0
14760 0.0715691
14760 -0.214707
151740 0.00680901
151740 0.0405632
151750 0.0506993
151750 0.106363
151760 0.0162832
151760 0.0587331
152540 0.0279914
152540 0.0611607
152550 0.0892188
152550 0.141085
152560 0.0183468
152560 0.0493693
153340 0.032584
153340 0.0467986
153350 0.0114918
153350 -0.0884181
153360 0.0208795
153360 0.09577
154140 0.025237
154140 -0.0405746
154150 0.00550619
154150 -0.0432427
154160 0.0519843
154160 0.0687436
15540 0.0525907
15540 -0.199844
15550 0.0946628
15560 0.058254
161640 0
161640 -4.35465e-17
161650 0.0877363
161650 0.132329
161660 0
161660 -2.17733e-17
162440 0.0228564
162440 0.0938852
162450 0.0930638
162450 0.127591
162460 0.000238077
162460 0.00112562
163240 0.0255437
163240 0.133308
163250 0.0075338
163250 0.0207722
163260 0.0329735
163260 0.0785919
16340 0.0888938
16350 0
16360 0
164040 0
164050 0
164060 0.0574411
164060 0.0905322
17140 0
172340 0.0177013
172340 0.0922565
172350 0.0532091
172350 0.103829
172360 0
172360 -0.0912291
173140 0
173150 0
173160 0.023509
173160 -0.0532908
182240 0
182250 0
182260 0
182260 -0.144274
183060 0
192160 0
202860 0
203640 0
203650 0
203660 -0.0469801
203660 0.0699412
204440 0.0545974
204440 -0.0738253
204450 0
204460 0
205240 0
212740 0
212750 0
212760 0.00541437
212760 -0.0660678
213540 0.010977
213540 0.0607187
213550 -0.00253317
213550 0.040825
213560 0.00311785
213560 0.067396
214340 0.0702516
214340 -0.0838008
214350 0
214360 0
215140 0
222640 0.0407973
222640 0.0674125
222650 0.0231246
222650 -0.0568162
222660 0.016356
222660 -0.0470422
223440 0.0197473
223440 0.0208616
223450 0.0492084
223450 0.0681747
223460 0.0595728
223460 0.0670142
224240 0.0384818
224240 0.0799868
224250 0
224260 0
225040 0
23060 0
232540 0.00908423
232540 0.0605159
232550 0.0376851
232550 -0.0952785
232560 -0.0118165
232560 0.023419
233340 0.0245158
233340 0.0299738
233350 0.081015
233350 0.0921158
233360 0.0253009
233360 0.0402048
234140 0.0423006
234140 0.107698
234150 0
234160 0
23840 0
23850 0
23860 0.104533
23860 0.1568
242440 0
242440 -1.08866e-17
242450 0.0854612
242450 -0.10585
242460 0
243240 0.0145313
243240 -0.0232297
243250 0.0405402
243250 0.0542708
243260 0
243260 -0.0612718
244040 0.0125361
244040 0.0226194
244050 0
244060 0
24640 0.152857
24640 0.187597
24650 0.0477597
24650 -0.143279
24660 0.00455677
24660 -0.130325
253140 0
253140 -0.104512
253150 0.0112272
253150 -0.0165882
253160 0
253160 -0.0475245
25440 0.0166116
25440 -0.149505
25450 0.0622834
25460 0.00606018
25460 -0.0916612
26240 0.0226569
26240 -0.0320975
26250 0
26260 0
263040 0
263050 0
263060 0.00750073
263060 0.0372592
27040 0
303440 -0.0207236
303440 0.0214575
303450 0
303460 0
304240 0
313340 0.0224091
313340 -0.025332
313350 0
313360 0
314140 0
32160 0
323240 0
323250 0
323260 0
324040 0
32940 0
32950 0
32960 0.107564
32960 0.161346
33740 0.0124887
33740 0.168596
33750 0.0749317
33750 0.112398
33760 0.0946748
33760 0.117216
34540 0.117401
34540 0.128245
34550 0.0175522
34550 -0.15347
34560 0.00631094
34560 0.0101945
35340 0
35340 -0.0672785
35350 0.0140001
35350 -0.0198334
35360 0
35360 -0.0694336
36140 0
36140 -0.0777536
36150 0
36160 0
41260 0
42040 0
42050 0
42060 0
42060 -0.234105
42840 0.029787
42840 -0.171276
42850 0.0820835
42850 0.123125
42860 0.00394816
42860 0.078103
43640 -0.0123231
43640 0.0897603
43650 0.12955
43650 0.139516
43660 0.0253155
43660 0.0706268
44440 0.0683636
44440 0.106301
44450 0
44450 -0.0695326
44460 0.0601957
44460 0.0900706
45240 0.00676477
45240 0.0216281
45250 0
45250 -0.0406055
45260 0.0350011
45260 0.0597264
46040 0
46040 -0.00736581
46050 0
46060 0
4860 0
51140 0
51150 0
51160 0
51160 0.178598
51940 0.0484628
51940 0.205968
51950 0
51950 -0.188866
51960 0
51960 -0.121927
52740 0.0130773
52740 -0.0980799
52750 0.0323807
52750 0.127879
52760 0.0032752
52760 -0.0577474
53540 -0.0273313
53540 0.0485389
53550 0.0953997
53550 0.146573
53560 -0.022062
53560 0.0391395
54340 0.0366604
54340 0.0745752
54350 0.00971748
54350 0.0240029
54360 0.036391
54360 0.0458925
55140 0.0373602
55140 0.0751658
55150 0
55150 -0.00297963
55160 0.0432573
55160 0.0695049
5640 0
5650 0
5660 0.154212
61040 0
61040 -0.121793
61050 0
61050 0.151479
61060 0
61060 0.1215
61840 0.0192816
61840 0.11343
61850 0
61850 -0.212638
61860 0
61860 -0.0257602
62640 0.00109412
62640 -0.069199
62650 -0.0487786
62650 0.08629
62660 0
62660 -0.0546908
63440 0.0228845
63440 -0.0465956
63450 0.0400948
63450 0.0820725
63460 0
63460 -0.0837993
64240 0.0272374
64240 0.0410893
64250 0.0223326
64250 0.0430798
64260 0.00892813
64260 -0.0519547
6440 0.12221
6450 0
6460 0
65040 0
65050 0
65060 0.013882
65060 -0.0303299
70940 0
70940 -0.0556519
70950 0
70950 0.211459
70960 0
70960 0.0670444
71740 0
71740 0.0644779
71750 0
71750 -0.164859
71760 0
71760 0.0503795
7240 0
72540 0
72540 -0.0605748
72550 0.0197404
72550 -0.0987029
72560 0
72560 0.00713118
73340 0
73340 -0.0855214
73350 0.00159767
73350 0.0254627
73360 0
73360 -0.0578972
74140 0
74150 0
74160 0
74160 -0.0798519
80840 0
80840 -8.48591e-17
80850 0
80850 0.233017
80860 0
80860 -1.76364e-17
81640 0
81640 0.0481131
81650 0
81650 -0.0763775
81660 0
81660 0.0767438
82440 0
82440 -0.0571447
82450 0
82450 -0.0828169
82460 0
82460 0.0775684
83240 0
83250 0
83260 0.00615552
83260 0.0369331
84060 0
91540 0
91540 0.0799274
91550 0
91550 0.00381035
91560 0
91560 0.0451986
92340 0
92350 0
92360 0.0104353
92360 0.112645
93160 0
