4553
101660 0
101660 0.0417432
101670 0
101670 -0.232709
101680 0
101680 -0.0523299
102440 0
102440 0.0466444
102450 0
102450 -0.114491
102460 0
102460 0.0591174
102470 0
102470 -0.02581
102480 0
102480 -0.0266246
103220 0
103220 0.0442449
103230 0
103230 -0.0305756
103240 0
103240 -0.00429748
103250 0
103250 0.0738408
103260 0
103260 0.123024
103270 0
103270 -0.0133908
103280 0
103280 -0.030265
104020 0
104020 0.0261334
104030 0.00342027
104030 0.00370188
104040 0
104040 0.171788
104050 0.0129843
104050 -0.0213611
104060 0
104060 0.0698032
104070 0
104070 0.0141468
104080 0
104080 -0.0307448
104820 0
104820 0.0786234
104830 0.000361627
104830 0.0780998
104840 0.00358411
104840 -0.0139922
104850 0.00643669
104850 -0.0102587
104860 0.0100035
104860 0.0703508
104870 0
104870 0.0343931
104880 0
104880 -0.0369682
105640 0.000671534
105640 0.0250112
105650 0.00105576
105650 0.114789
105660 0.000514411
105660 0.00627609
105670 0.0176613
105670 0.0565773
105680 0.00425698
105680 -0.0425243
106460 0.0123811
106460 -0.0234172
106470 0.0115964
106470 0.0715798
106480 0.0114172
106480 -0.0498652
10660 0.115076
107280 0.0332884
107280 -0.0582253
108880 0.0411876
108880 0.275161
109660 -0.0292589
110440 -0.0617636
111220 -0.108358
111540 0
111540 -0.0429127
111550 0
111550 0.0845151
111560 0
111560 -0.224744
111570 0
111570 -0.110899
111580 0
111580 0.0163259
112320 0
112320 -0.136052
112330 0
112330 0.13265
112340 0
112340 -0.150376
112350 0
112350 -0.00194428
112360 0
112360 -0.00892494
112370 0
112370 -0.0586205
112380 0
112380 0.00199038
113120 0
113120 0.00541583
113130 0
113130 -0.0209737
113140 0
113140 0.0239549
113150 0
113150 0.114868
113160 0
113160 0.0102248
113170 0
113170 -0.0749719
113180 0
113180 -0.00318867
113920 0
113920 0.0876909
113930 0
113930 0.0995786
113940 0
113940 0.133686
113950 0.00104174
113950 -0.0502391
113960 0
113960 0.0460041
113970 0
113970 -0.0657114
113980 0
113980 -0.0122223
11440 0.103972
114740 0
114740 -0.041323
114750 0.000248743
114750 -0.00509284
114760 0
114760 0.062822
114770 0.0155581
114770 -0.070022
114780 0.00132192
114780 -0.0255448
115560 0.00998776
115560 -0.0758085
115570 0.0169618
115570 -0.0409819
115580 0.0065623
115580 -0.0468978
116380 0.0266545
116380 -0.0904262
117980 -0.0397945
117980 0.325993
118760 -0.0138596
118760 0.20369
118770 0.0846513
118770 0.217385
118780 0.0502082
118780 0.21871
119540 -0.00302152
119540 0.188215
119550 0.0423021
119550 0.200294
119560 0.0248884
119560 0.138314
120320 0.00959619
120330 0.0113093
120340 0.0154301
121120 0.00707258
121420 0
121420 0.106655
121430 0
121430 -0.126477
121440 0
121440 0.103205
121450 0
121450 -0.164373
121460 0
121460 -0.191978
121470 0
121470 0.0265492
121480 0
121480 0.0262184
12220 0.13466
122220 0
122220 -0.0400094
122230 0
122230 0.00738281
122240 0
122240 -0.172719
122250 0
122250 0.0260943
122260 0
122260 -0.0746596
122270 0
122270 -0.0083327
122280 0
122280 0.0218108
123020 0
123020 -0.025613
123030 0
123030 -0.0134428
123040 0
123040 0.0362596
123050 0
123050 0.0599762
123060 0
123060 -0.110863
123070 0
123070 -0.029852
123080 0
123080 0.0301093
123840 0
123840 -0.038911
123850 0
123850 -0.122448
123860 0
123860 -0.0138593
123870 0.00616653
123870 -0.058194
123880 0
123880 0.0356709
124660 0.0038747
124660 0.00969781
124670 0.0130734
124670 -0.10102
124680 0.00169677
124680 0.047589
125480 0.0091146
125480 0.0592304
127080 -0.00307403
127080 0.287936
127860 0.0356821
127860 0.191134
127870 -0.0443338
127870 0.292541
127880 0.00953453
127880 0.151868
128640 0.057594
128640 0.199625
128650 -0.0417742
128650 0.262982
128660 0.0886664
128660 0.141332
128670 0.0536367
128670 0.164915
128680 -0.00607439
128680 0.127862
129420 0.112015
129430 -0.0476865
129440 0.0923026
129450 0.0600518
129460 0.0184143
130220 0.0500929
130230 0.0855408
130240 0.0340315
131020 0.101137
131320 0
131320 -2.61352e-16
131330 0
131330 -0.0799911
131340 0
131340 -3.29405e-16
131350 0
131350 -0.275048
131360 0
131360 -3.36023e-17
131370 0
131370 0.084291
131380 0
131380 1.00272e-18
132120 0
132120 -0.126321
132130 0
132130 -0.118684
132140 0
132140 -0.141984
132150 0
132150 0.0344025
132160 0
132160 -0.0480618
132170 0
132170 0.0576987
132180 0
132180 0.00765601
132940 0
132940 0.0113094
132950 0
132950 -0.0232845
132960 0
132960 -0.114711
132970 0
132970 0.0816162
132980 0
132980 0.0202724
133760 0
133760 0.0736225
133770 0.00448701
133770 0.0447312
133780 0
133780 0.0436031
134580 0
134580 0.11232
136180 0.0353182
136180 0.215894
136960 0.00130673
136960 0.142066
136970 -0.0340025
136970 0.278604
136980 -0.0141845
136980 0.100008
137740 -0.0202011
137740 0.161667
137750 0.0131542
137750 0.257676
137760 -0.0434537
137760 0.128305
137770 -0.0247614
137770 0.154103
137780 -0.00188511
137780 0.102416
138520 -0.0827235
138520 0.403362
138530 0.0651498
138530 0.334087
138540 -0.0519074
138540 0.169012
138550 0.0235014
138550 0.164013
138560 0.0495441
138560 0.080206
138570 -0.0273844
138570 0.0839912
138580 -0.0440466
138580 0.101867
139320 0.0190736
139320 0.100467
139330 -0.00512169
139330 0.194721
139340 0.0922549
139340 0.14392
139350 -0.0026816
139350 0.105138
139360 -0.0273706
139360 0.0543843
140120 0.0621239
140130 0.0786979
140140 -0.0320047
142040 0
142040 0.0455768
142050 0
142050 0.115768
142060 0
142060 0.0221605
142070 0
142070 0.0534148
142080 0
142080 -0.0273663
142860 0
142860 0.00875148
142870 0
142870 0.141047
142880 0
142880 -0.0462133
143680 0
143680 -0.0557823
145280 -0.0121618
145280 0.136606
146060 -0.0389465
146060 0.0795876
146070 0.0468042
146070 0.224983
146080 -0.0133231
146080 0.0555936
146840 -0.0486581
146840 0.0943893
146850 0.0274268
146850 0.212809
146860 -0.0629618
146860 0.116284
146870 -0.0182297
146870 0.116907
146880 -0.0142689
146880 0.0836614
147620 -0.0620981
147620 0.283831
147630 0.00260106
147630 0.312
147640 -0.0436743
147640 0.183813
147650 -0.0375113
147650 0.132186
147660 -0.0619701
147660 0.0835267
147670 -0.00928735
147670 0.0963632
147680 -0.00787399
147680 0.0845256
148420 -0.0579201
148420 0.0604508
148430 -0.0156593
148430 0.18153
148440 -0.0793423
148440 0.178487
148450 0.0231623
148450 0.145482
148460 -0.0308829
148460 0.0613852
148470 -0.0473321
148470 0.0505525
148480 -0.00501428
148480 0.152356
149220 -0.0725975
149230 -0.0198726
149240 0.01797
149250 -0.062025
149260 -0.0186208
150040 -0.0555626
151960 0
151960 -0.0644074
151970 0
151970 -0.0422043
151980 0
151980 -0.0370214
152780 0
152780 -0.142482
154380 -0.0306131
154380 0.0636874
155160 0.0125854
155160 0.0293948
155170 0.0102918
155170 0.156848
155180 0.0146645
155180 0.0243726
155940 0.0395595
155940 0.0412478
155950 -0.0417072
155950 0.136089
155960 0.0558513
155960 0.116356
155970 0.00980886
155970 0.0850761
155980 0.00162274
155980 0.0523409
156720 0.120014
156720 0.164744
156730 -0.09185
156730 0.202007
156740 0.0549939
156740 0.202481
156750 -0.0433182
156750 0.10123
156760 -0.025072
156760 0.0930814
156770 0.00397428
156770 0.100034
156780 0.00691676
156780 0.0554628
157520 -0.0173759
157520 0.0326491
157530 -0.035714
157530 0.138465
157540 -0.0536305
157540 0.193067
157550 -0.0516826
157550 0.15574
157560 -0.0179447
157560 0.0713732
157570 0.0149346
157570 0.0798029
157580 0.00996087
157580 0.0966634
158320 0.0601482
158320 -0.106882
158330 0.0787416
158330 -0.082278
158340 -0.0514806
158340 0.0875216
158350 0.0147556
158350 0.114402
158360 -0.0319253
158360 0.0840955
158370 0.00627479
158370 0.0732167
158380 0.0386291
158380 0.177598
159140 0.0115301
159140 0.0398285
159150 0.0287773
159150 -0.0329949
159160 0.030851
159160 0.116215
161880 0
161880 0.047083
163480 0.0160287
163480 0.0250821
164260 0.00523334
164260 0.0393299
164270 -0.0455569
164270 0.081958
164280 0.00802515
164280 0.0148037
165040 0.0185673
165040 0.0320678
165050 -0.00223836
165050 0.0556678
165060 0.0425146
165060 0.100061
165070 0.0169179
165070 0.0559226
165080 0.0182643
165080 0.0217173
165820 -0.0112638
165820 0.0862464
165830 0.0560365
165830 0.0857072
165840 -0.00090806
165840 0.171134
165850 0.0470644
165850 0.0862607
165860 0.0570966
165860 0.0940762
165870 0.00268683
165870 0.0767589
165880 0.0133832
165880 0.0241962
166620 0.026697
166620 0.053869
166630 -0.00552655
166630 0.084505
166640 0.0621682
166640 0.184812
166650 -0.0316826
166650 0.138619
166660 0.0322193
166660 0.072223
166670 0.0184401
166670 0.084183
166680 0.0127784
166680 0.0488313
167420 0.0209355
167420 0.0323065
167430 -0.026131
167430 0.0407619
167440 -0.0199681
167440 0.0751747
167450 0.000787355
167450 0.143488
167460 0.0376246
167460 0.0940769
167470 0.0256209
167470 0.100601
167480 0.00831531
167480 0.0832447
168240 0.0363139
168240 0.0498432
168250 0.045146
168250 0.0625042
168260 0.00469337
168260 0.0809395
168270 0.036243
168270 0.0815609
168280 0.011015
168280 0.122588
169060 0.0251818
172580 0
172580 0.0244535
173360 0
173360 -0.0301874
173370 0.0106744
173370 0.0232873
173380 0.00184345
173380 -0.0208225
174140 0.00972762
174140 -0.0537882
174150 0.0101103
174150 0.0599488
174160 0.0551399
174160 -0.0635593
174170 0.000801967
174170 0.027546
174180 -0.00277713
174180 0.00462189
174920 0.0280825
174920 -0.114085
174930 0.0303989
174930 0.0818262
174940 -0.0346452
174940 0.0874465
174950 0.052032
174950 0.0729712
174960 0.0190578
174960 0.0706579
174970 0.0126011
174970 0.0369092
174980 -0.00423207
174980 0.00641579
175720 0.0118604
175720 0.0234112
175730 0.0476279
175730 0.0714187
175740 0.0307033
175740 0.136525
175750 0.0859715
175750 0.122437
175760 0.0129366
175760 0.0509711
175770 -0.00162803
175770 0.0610925
175780 -0.00234793
175780 0.0165565
176520 0.0224444
176520 0.121779
176530 0.0181051
176530 0.081667
176540 0.0528211
176540 0.063254
176550 0.00132115
176550 0.131179
176560 0.0365876
176560 0.101533
176570 0.0853491
176570 -3.93035e-05
176580 -0.00743251
176580 0.030711
177340 0.0160248
177340 0.0257385
177350 0.0389
177350 0.077879
177360 0.0269527
177360 0.0628328
177370 -0.00514315
177370 0.085128
177380 -0.0162726
177380 0.0455259
178160 -0.0246057
178160 0.0548629
178170 0.00656224
178170 0.045415
178180 -0.0324169
178180 0.0525832
182460 0
182460 -0.0353704
182470 0
182470 0.0398234
182480 0
182480 -0.0140138
183240 0.00285913
183240 -0.00546743
183250 0
183250 -0.0366502
183260 0.0137485
183260 -0.0179241
183270 0.00760625
183270 -0.0261908
183280 0
183280 -0.0209948
184020 0
184020 0.0910314
184030 0.012548
184030 -0.11509
184040 0.0195872
184040 0.0431657
184050 0.0437798
184050 -0.0610682
184060 0.035481
184060 -0.0464229
184070 -0.000926207
184070 0.00853696
184080 0.000873758
184080 -0.0146281
184820 0.0133913
184820 -0.0393125
184830 0.0135801
184830 0.0300458
184840 -0.0231519
184840 0.0664657
184850 0.033485
184850 0.105611
184860 -0.0166178
184860 0.0209675
184870 -0.00996541
184870 0.0304421
184880 0.00301719
184880 -0.0159385
185620 0.0155657
185620 0.0429252
185630 0.0120796
185630 0.0781265
185640 0.0376415
185640 0.0470542
185650 0.0324207
185650 0.0918363
185660 -0.0422049
185660 0.0828818
185670 -0.013881
185670 0.0471101
185680 0.00695028
185680 -0.0124827
186440 0.0156943
186440 -0.0427617
186450 -0.030972
186450 0.0626845
186460 -0.00626413
186460 0.0479175
186470 -0.0279484
186470 0.0617801
186480 -0.012167
186480 0.0191122
187260 -0.0312585
187260 0.0321686
187270 -0.0338592
187270 0.0374741
187280 -0.010928
187280 0.0286542
188080 -0.013406
188080 0.0372884
18980 -0.0620404
18980 0.248162
192340 0
192340 0.0588335
192350 0
192350 -0.0662197
192360 0
192360 0.0629044
192370 0
192370 -0.0076188
192380 0
192380 0.00368084
193120 0
193120 0.0513793
193130 0.00158476
193130 -0.02732
193140 0
193140 -0.0167918
193150 0.0123561
193150 -0.0496788
193160 0.00993327
193160 -0.0237599
193170 0
193170 -0.0293585
193180 0
193180 0.00478399
193920 0.00384657
193920 -0.00560327
193930 0.0179199
193930 -0.098332
193940 -0.0131875
193940 0.0162645
193950 0.0678554
193950 -0.109014
193960 0.00362568
193960 -0.00598627
193970 0.00849187
193970 -0.00873284
193980 0
193980 0.000449074
194720 0.00819931
194720 -0.101402
194730 0.00891771
194730 -0.0592508
194740 0.0244733
194740 -0.0281242
194750 -0.0108615
194750 0.0493978
194760 -0.0309515
194760 0.0434083
194770 -0.0124322
194770 0.0149121
194780 0.000627727
194780 0.00145117
195540 0.00659906
195540 -0.0375314
195550 0.0325228
195550 -0.052388
195560 0.0262432
195560 -0.0487866
195570 0.00116651
195570 0.0467689
195580 0.00510458
195580 0.0101776
196360 0.0112817
196360 0.0261611
196370 -0.0116704
196370 0.0295322
196380 0.0150209
196380 0.0284772
197180 0.030336
197180 0.0746494
19760 -0.0485535
19760 0.151055
19770 0.130484
19780 0.0471905
19780 0.167788
202220 0
202220 -0.153674
202230 0
202230 0.155707
202240 0
202240 -0.0743737
202250 0
202250 0.0693157
202260 0
202260 0.03224
202270 0
202270 0.00111919
202280 0
202280 0.0133204
203020 0
203020 0.0127148
203030 0.00663101
203030 -0.0139798
203040 0
203040 -0.0411654
203050 0.0224331
203050 -0.0309182
203060 0
203060 -0.0129526
203070 0
203070 0.0069035
203080 0
203080 0.0178166
203820 0.00277032
203820 -0.107535
203830 0.00342483
203830 -0.126616
203840 0.00641022
203840 -0.0592242
203850 0.0207965
203850 -0.0567579
203860 0.0111264
203860 0.0400064
203870 0.00145553
203870 0.00517552
203880 0
203880 0.0140951
204640 0.00111998
204640 0.0279608
204650 0.00528231
204650 0.00993042
204660 -0.00135579
204660 0.00695806
204670 0.0167244
204670 0.0415172
204680 0.00428321
204680 0.0155665
20540 -0.05948
20540 0.132178
205460 0.0235963
205460 0.0361787
205470 0.0390377
205470 0.0414863
205480 0.0132123
205480 0.0236341
20550 0.138787
20560 0.0408275
20560 0.108873
206280 0.022521
206280 0.0954732
207880 0.0833676
207880 0.283243
208660 -0.00152341
209440 -0.0172643
210220 -0.0250831
212120 0
212120 -2.16122e-16
212130 0
212130 0.108458
212140 0
212140 -1.89107e-16
212150 0
212150 0.114632
212160 0
212160 -1.80102e-17
212170 0
212170 0.015135
212180 0
212180 2.25127e-18
212920 0
212920 0.0336757
212930 0
212930 0.0031123
212940 0
212940 -0.0259041
212950 0.00649804
212950 0.012435
212960 0
212960 0.0177116
212970 0
212970 0.0284979
212980 0
212980 0.000941735
21320 -0.127749
21330 0.150554
21340 0.0560217
213740 0
213740 0.0530238
213750 0.00140091
213750 0.0635402
213760 0.061095
213760 2.5128e-05
213770 0.00378646
213770 0.0283224
213780 0.000564265
213780 0.000663926
214560 0.00399183
214560 0.0150374
214570 0.0221704
214570 0.0475698
214580 -0.00558295
214580 0.0129343
215380 -0.0311932
215380 0.0683754
216980 -0.0590135
216980 0.29717
217760 -0.0183038
217760 0.175176
217770 0.0878066
217770 0.23219
217780 0.0477169
217780 0.242889
218540 -0.00474864
218540 0.181007
218550 0.02391
218550 0.200842
218560 0.0115628
218560 0.123412
219320 0.00988532
219330 -0.0101782
219340 -0.00305728
220120 -0.025077
22120 0.142335
222840 0
222840 -0.00293291
222850 0
222850 0.0343869
222860 0
222860 0.0186901
222870 -0.00135349
222870 0.00931004
222880 0
222880 -0.0190664
223660 0.00457726
223660 -0.0381332
223670 0.0367386
223670 -0.0435391
223680 0.00393005
223680 -0.0146006
224480 0.0223854
224480 -0.0318376
226080 -0.0658071
226080 0.223054
226860 -0.013233
226860 0.136446
226870 -0.0557559
226870 0.285789
226880 -0.0408826
226880 0.18176
227640 -0.00556464
227640 0.185293
227650 -0.0397672
227650 0.254007
227660 0.0499353
227660 0.119552
227670 0.0583117
227670 0.181976
227680 -0.0632111
227680 0.201388
228420 -0.00405523
228430 -0.0321844
228440 0.0281633
228450 0.0459903
228460 -0.0257321
229220 -0.0241947
229230 0.0444111
229240 -0.0164369
230020 0.00361621
232760 0
232760 -0.0231094
232770 0.0141099
232770 -0.0384417
232780 0
232780 -0.00431691
233580 0
233580 0.0291895
235180 0.0732748
235180 0.138202
235960 0.0231651
235960 0.0866592
235970 -0.0580451
235970 0.254841
235980 -0.0060953
235980 0.122738
236740 0.00918791
236740 0.15248
236750 -0.0103479
236750 0.240959
236760 -0.0431093
236760 0.114793
236770 -0.04822
236770 0.192604
236780 0.00598495
236780 0.146671
237520 -0.00742671
237520 0.348501
237530 0.0216088
237530 0.319871
237540 -0.0432414
237540 0.174696
237550 0.00247606
237550 0.216052
237560 0.0622613
237560 0.111521
237570 -0.0437362
237570 0.130016
237580 -0.0518245
237580 0.212039
238320 0.0118606
238320 0.130763
238330 -0.0331219
238330 0.234222
238340 0.0855187
238340 0.164815
238350 -0.0173418
238350 0.157228
238360 -0.030247
238360 0.118053
239120 0.0177612
239130 0.0532045
239140 -0.0358093
242680 0
242680 0.0439953
244280 0.0556364
244280 0.0717553
245060 0.0103203
245060 0.0457145
245070 0.0700415
245070 0.19944
245080 0.0381332
245080 0.0636647
245840 0.00718154
245840 0.0948066
245850 0.0406137
245850 0.189315
245860 -0.0311528
245860 0.115671
245870 -0.0167179
245870 0.168461
245880 0.0306316
245880 0.0947504
246620 0.0182284
246620 0.228706
246630 0.0172038
246630 0.266491
246640 0.00244615
246640 0.197079
246650 -0.0342911
246650 0.181197
246660 -0.0359476
246660 0.12387
246670 -0.00207092
246670 0.158161
246680 0.0395575
246680 0.12375
247420 0.0223679
247420 0.0826814
247430 -0.00279097
247430 0.216847
247440 -0.0424927
247440 0.204997
247450 0.041082
247450 0.199724
247460 0.00467201
247460 0.109507
247470 -0.0575324
247470 0.119151
247480 0.0507185
247480 0.241142
248220 0.0233892
248230 -0.0127202
248240 0.0680681
248250 -0.0685356
248260 0.0221266
249040 -0.022725
253380 0.0234297
253380 -0.09306
254160 0.01669
254160 -0.0248531
254170 0.0479223
254170 0.135925
254180 -0.00149853
254180 0.0213588
254940 -0.0109527
254940 0.0418774
254950 0.00229609
254950 0.110844
254960 0.0557487
254960 0.107685
254970 0.0514838
254970 0.127222
254980 -0.00883896
254980 0.0431503
255720 -0.00460134
255720 0.12518
255730 -0.0176523
255730 0.154667
255740 0.0440181
255740 0.18562
255750 0.00329079
255750 0.13564
255760 -0.0332495
255760 0.11794
255770 0.0354845
255770 0.139688
255780 0.00674336
255780 0.060959
256520 -0.00729629
256520 0.0507265
256530 0.0297461
256530 0.159662
256540 -0.0415552
256540 0.203883
256550 -0.0216004
256550 0.185593
256560 -0.0120821
256560 0.0985027
256570 0.0443733
256570 0.155615
256580 0.0121035
256580 0.115059
257320 -0.00467108
257320 0.0861527
257330 -0.0244325
257330 0.156155
257340 -0.0345277
257340 0.10899
257350 0.0536969
257350 0.175995
257360 -0.0382937
257360 0.113206
257370 0.0202945
257370 0.132263
257380 0.0541996
257380 0.203265
258140 0.0286426
258140 0.0539786
258150 -0.0334014
258150 0.0570635
258160 0.0452094
258160 0.148514
263260 0.00243592
263260 -0.00344131
263270 0.0653478
263270 -0.0902522
263280 0.00293525
263280 -0.0381826
264040 -0.00548422
264040 0.0141262
264050 0.036801
264050 -0.0392039
264060 0.0239661
264060 0.0718623
264070 0.00618045
264070 0.0765555
264080 0.0111472
264080 -0.0245002
264820 -0.0212327
264820 0.0551694
264830 -0.00661712
264830 0.0614857
264840 -0.0184125
264840 0.117852
264850 0.0376725
264850 0.105353
264860 0.0493761
264860 0.0907809
264870 -0.00660089
264870 0.0822477
264880 0.021767
264880 -0.0300493
265620 -0.0198866
265620 0.0334741
265630 -0.00882217
265630 0.0949053
265640 0.0478922
265640 0.164758
265650 -0.0399973
265650 0.159639
265660 0.00934777
265660 0.0721345
265670 0.0218375
265670 0.146215
265680 -0.0289561
265680 0.0473019
266420 -0.0339482
266420 0.036914
266430 0.00153459
266430 0.0920279
266440 -0.051365
266440 0.0951604
266450 0.00246592
266450 0.203922
266460 0.0179312
266460 0.107908
266470 0.0297814
266470 0.152338
266480 -0.0370586
266480 0.0779893
267240 0.00183944
267240 0.050951
267250 0.0548265
267250 0.111202
267260 -0.0384378
267260 0.101868
267270 0.0490772
267270 0.115209
267280 -0.0387183
267280 0.110834
268060 -0.000164927
273140 0.00428595
273140 0.0112057
273150 0.00227623
273150 0.0068231
273160 0.0248705
273160 -0.0726616
273170 0.0334588
273170 -0.0584947
273180 0.000779328
273180 0.0125066
273920 0.0140132
273920 0.0203432
273930 0.0079801
273930 0.0208014
273940 -0.0370928
273940 0.0382162
273950 -0.00871997
273950 0.0763919
273960 0.0234996
273960 0.0516235
273970 0.0272303
273970 -0.032831
273980 -0.00113347
273980 0.00594284
274720 0.00366739
274720 0.0193191
274730 -0.0261317
274730 0.052396
274740 0.0185718
274740 0.0953366
274750 0.0427932
274750 0.152817
274760 0.00702273
274760 0.0372462
274770 -0.0467981
274770 0.102783
274780 -0.00350606
274780 0.0137056
275520 -0.014853
275520 0.021376
275530 0.00482098
275530 0.0412433
275540 0.0359684
275540 0.0727521
275550 -0.053692
275550 0.175332
275560 0.036477
275560 0.0987154
275570 -0.0308326
275570 0.117922
275580 -0.0146803
275580 0.0245013
276340 -0.019255
276340 0.0366427
276350 0.014423
276350 0.141029
276360 0.0241083
276360 0.0817025
276370 -0.030061
276370 0.121794
276380 -0.0278683
276380 0.03983
277160 -0.0455472
277160 0.100134
277170 0.00319804
277170 0.0673411
277180 -0.0530709
277180 0.0613197
28080 -0.127304
28080 0.222782
283020 0
283020 0.0107187
283030 0.00341722
283030 0.00710537
283040 0.00144731
283040 0.0278511
283050 0.036968
283050 -0.0440183
283060 0.0168994
283060 -0.0669831
283070 0.00299045
283070 0.0147981
283080 0.00134307
283080 0.0271975
283820 0.00638381
283820 0.0167624
283830 0.0134344
283830 0.0345886
283840 0.0291512
283840 -0.0470733
283850 0.0369128
283850 0.134869
283860 0.0102164
283860 -0.0130296
283870 -0.0120985
283870 0.0507221
283880 0.00216386
283880 0.0230464
284620 0.0136451
284620 0.0308236
284630 0.00265904
284630 0.0231379
284640 0.0383675
284640 0.0411935
284650 0.0240411
284650 0.117935
284660 -0.0403779
284660 0.0586852
284670 -0.0201197
284670 0.0615203
284680 0.00442822
284680 0.0296429
285440 0.0030272
285440 0.016501
285450 -0.0518042
285450 0.125608
285460 0.0287261
285460 0.0530748
285470 -0.0401036
285470 0.106197
285480 0.0177336
285480 0.0297455
286260 0.00822638
286260 0.0744463
286270 -0.0491946
286270 0.0778028
286280 0.0329329
286280 0.0522332
287080 0.0225337
287080 0.0922487
28860 -0.0682902
28860 0.139207
28870 -0.0476459
28870 0.190584
28880 -0.0867851
28880 0.100378
292920 0
292920 -1.66031e-16
292930 0.0218498
292930 0.0226185
292940 0
292940 -9.0051e-17
292950 -0.0662541
292950 0.0801486
292960 0
292960 -4.50255e-18
292970 0.0134903
292970 0.0532758
292980 0
292980 2.25127e-18
293720 0.00464282
293720 0.0358529
293730 0.0133717
293730 0.016641
293740 0.00825836
293740 -0.0281727
293750 0.0536705
293750 0.0693026
293760 0.00696871
293760 -0.0312665
293770 0.0194348
293770 0.032248
293780 0
293780 0.00798187
294540 0.00298162
294540 0.0140909
294550 -0.00929249
294550 0.0775889
294560 0.0170592
294560 -0.0490956
294570 0.043399
294570 0.0913067
294580 0.00673952
294580 0.0168177
295360 0.0414576
295360 0.0435099
295370 0.00609669
295370 0.0834354
295380 0.0331357
295380 0.0460559
296180 0.0581292
296180 0.167185
29640 -0.0447617
29640 0.137372
29650 -0.0636592
29650 0.19805
29660 0.0115566
29660 0.109572
29670 0.0430973
29670 0.114926
29680 0.0846532
29680 -0.11854
303640 0
303640 -0.00502502
303650 0.0279345
303650 0.045752
303660 0
303660 -0.0232157
303670 0.0336509
303670 0.0681164
303680 -0.025901
303680 6.5639e-06
30420 -0.00485279
30430 -0.0976607
30440 0.0320986
304460 -0.00703553
304460 0.0201784
304470 0.0682452
304470 0.0927984
304480 0.0251686
304480 -0.0345988
30450 0.0676417
30460 -0.075742
305280 -0.0289383
305280 0.174636
306880 0.0138833
306880 0.237283
307660 -0.0600913
308440 -0.0626211
309220 -0.0745342
31220 -0.0913621
31230 0.134494
31240 -0.0620683
313560 0.00434906
313560 -0.0368388
313570 -0.00987957
313570 0.0920803
313580 0.00510713
313580 -0.0268278
314380 -0.0738323
314380 0.0981376
315980 -0.0408211
315980 0.194262
316760 0.00908766
316760 0.114361
316770 0.0561658
316770 0.20053
316780 0.0536217
316780 0.239133
317540 0.027444
317540 0.183345
317550 -0.0312299
317550 0.186648
317560 0.00239379
317560 0.114912
318320 0.066384
318330 -0.0653487
318340 -0.0179235
319120 -0.0631381
32020 0.0285787
323480 0.0111353
323480 0.02892
325080 0.0121173
325080 0.090523
325860 0.0452877
325860 0.0854994
325870 -0.0497086
325870 0.233623
325880 0.0154947
325880 0.149522
326640 0.0422069
326640 0.212042
326650 -0.012268
326650 0.248451
326660 0.0836265
326660 0.114138
326670 0.0618434
326670 0.215238
326680 0.00719005
326680 0.222543
327420 0.0376129
327430 0.0148135
327440 0.0411397
327450 0.0253489
327460 0.0298123
328220 0.051749
328230 -0.00936855
328240 0.0351565
329020 0.0242068
334180 0.0116712
334180 0.0362468
334960 -0.0196319
334960 0.0474892
334970 -0.0152255
334970 0.20052
334980 -0.0238495
334980 0.0692135
335740 -0.0389342
335740 0.164494
335750 0.0470557
335750 0.254068
335760 -0.0521798
335760 0.101495
335770 -0.0126982
335770 0.243858
335780 0.00662663
335780 0.115257
336520 -0.0881523
336520 0.329872
336530 0.0735888
336530 0.345499
336540 -0.0329019
336540 0.160608
336550 0.0519568
336550 0.239738
336560 0.0687989
336560 0.133945
336570 -0.0143164
336570 0.196888
336580 -0.0504393
336580 0.22383
337320 0.020981
337320 0.167562
337330 0.0345451
337330 0.284673
337340 0.0717049
337340 0.157576
337350 0.0180867
337350 0.179496
337360 -0.0161175
337360 0.168154
338120 0.0715964
338130 0.0540539
338140 -0.00506903
344060 0.0134229
344060 -0.0430212
344070 0.0495944
344070 0.149432
344080 0.0133222
344080 -0.0156013
344840 -0.0275472
344840 0.0791028
344850 -0.00957382
344850 0.200777
344860 -0.0496306
344860 0.0793459
344870 -0.0305946
344870 0.203079
344880 -0.0214446
344880 0.0484298
345620 0.012374
345620 0.192597
345630 -0.0587314
345630 0.26718
345640 0.00400279
345640 0.140748
345650 -0.0390039
345650 0.200093
345660 -0.059907
345660 0.113091
345670 0.00504911
345670 0.20933
345680 -0.0112398
345680 0.0968413
346420 -0.0494566
346420 0.0986175
346430 0.0224371
346430 0.27732
346440 -0.0488832
346440 0.1627
346450 0.0628262
346450 0.213226
346460 -0.0244988
346460 0.115544
346470 -0.0597444
346470 0.175676
346480 -0.0168652
346480 0.208187
347220 -0.00303759
347230 0.0367158
347240 0.033954
347250 -0.0538023
347260 -0.0285694
348040 -0.0605985
353940 0.0201235
353940 0.0493974
353950 -0.0598996
353950 0.105513
353960 0.0452293
353960 0.0618572
353970 0.00297756
353970 0.131292
353980 -0.00176941
353980 0.0119079
354720 0.0810845
354720 0.0886636
354730 -0.0589364
354730 0.131202
354740 0.0162886
354740 0.0912171
354750 -0.054938
354750 0.151443
354760 -0.0363893
354760 0.0715816
354770 -0.0124415
354770 0.150434
354780 0.00932585
354780 0.0363981
355520 -0.00845333
355520 0.0478134
355530 -0.0660732
355530 0.205257
355540 -0.0235499
355540 0.128643
355550 -0.078355
355550 0.194174
355560 -0.00812302
355560 0.075855
355570 0.0124607
355570 0.201479
355580 0.00378848
355580 0.0764575
356320 0.0685241
356320 -0.0772585
356330 -0.0450022
356330 0.233563
356340 -0.0318373
356340 0.101747
356350 0.0248814
356350 0.215171
356360 -0.0589543
356360 0.104474
356370 -0.00651011
356370 0.160098
356380 0.0460718
356380 0.131976
357140 -0.0139805
357140 0.0599066
357150 -0.0614696
357150 0.0916569
357160 0.0282666
357160 0.165016
363820 0.0238247
363820 -0.0660285
363830 0.0444254
363830 0.10057
363840 0.0276025
363840 -0.037222
363850 0.0511194
363850 0.114806
363860 0.0238483
363860 0.0525333
363870 -0.006178
363870 0.0716164
363880 0.00917505
363880 0.0147134
364620 0.0173765
364620 0.0383522
364630 -0.0213344
364630 0.118795
364640 0.013437
364640 0.0662251
364650 -0.0501172
364650 0.17678
364660 0.0136961
364660 0.0335865
364670 0.0193294
364670 0.178423
364680 0.019644
364680 0.0205349
365420 0.0234108
365420 -0.0307106
365430 -0.071184
365430 0.147984
365440 -0.0302186
365440 0.0701704
365450 -0.0238722
365450 0.227648
365460 0.0498411
365460 0.0716156
365470 0.0189967
365470 0.175581
365480 0.0112712
365480 0.0334733
366240 0.0417669
366240 0.0452429
366250 0.0299634
366250 0.174933
366260 -0.014171
366260 0.102747
366270 0.0504234
366270 0.150133
366280 0.0233432
366280 0.0608248
367060 0.0446735
37180 0.0853014
37180 0.170603
373720 0
373720 -1.17066e-16
373730 0.0612987
373730 0.0897284
373740 0
373740 -4.05229e-17
373750 0.103643
373750 0.169661
373760 0
373760 -3.23621e-18
373770 0.000743507
373770 0.119167
373780 0
374520 0
374520 0.0624168
374530 0.0283673
374530 0.082115
374540 0.00915835
374540 0.0180253
374550 -0.00515995
374550 0.175794
374560 0.0290461
374560 0.0413025
374570 0.0141385
374570 0.134609
374580 0
374580 -0.00623139
375340 0.0179865
375340 0.0356288
375350 0.0547051
375350 0.218074
375360 0.0450002
375360 0.0543446
375370 -0.0059909
375370 0.182091
375380 -0.0133738
375380 0.0178258
376160 -0.0189613
376160 0.101765
376170 0.0247673
376170 0.114921
376180 -0.0402558
376180 0.0793379
37960 0.0595821
37960 0.119164
37970 -0.103359
37970 0.180878
37980 0.00501357
37980 0.0515216
384440 0
384440 -0.0271952
384450 -0.00151494
384450 0.186862
384460 0.00137459
384460 0.0126644
384470 -0.0258307
384470 0.171011
384480 0
384480 -0.0193643
385260 -0.0423275
385260 0.0443279
385270 -0.0450429
385270 0.1489
385280 -0.0152147
385280 0.0656702
386080 -0.0269148
386080 0.153197
38740 0.06381
38740 0.144266
38750 -0.0961773
38750 0.196054
38760 -0.0272362
38760 0.113964
38770 -0.0888305
38770 0.0983969
38780 -0.00905118
38780 0.0495161
394360 -0.00175542
394360 0.00400026
394370 -0.0312509
394370 0.1499
394380 0.0125567
394380 0.0265839
395180 0.0373053
395180 0.201291
39520 0.109268
39520 0.347418
39530 -0.0812513
39530 0.249357
39540 -0.0500438
39540 0.128508
39550 -0.0745268
39550 0.101381
39560 0.0228559
39560 0.060086
39570 0.0543111
39570 -0.0735462
39580 0.0238542
39580 -0.057386
40320 -0.0339529
40320 0.0706168
40330 -0.126235
40330 0.126857
40340 0.052744
40340 0.0935139
40350 0.0546974
40350 -0.0660929
40360 0.0159909
40360 -0.0532199
404280 0.0399037
404280 0.119147
405880 0.0474978
405880 0.122281
406660 -0.0255627
407440 -0.00324827
408220 0.0244502
41120 -0.107265
41130 0.0209173
41140 -0.0808798
414980 0
414980 -0.057934
415760 0.00417896
415760 0.0754024
415770 0.0523056
415770 0.187626
415780 0.0451776
415780 0.108364
416540 0.0139808
416540 0.189944
416550 -0.0384282
416550 0.184353
416560 -0.0133542
416560 0.121679
417320 0.0275457
417330 -0.0493332
417340 -0.0267272
418120 -0.0521599
424860 -0.00189161
424860 0.0335304
424870 -0.0551472
424870 0.202072
424880 0.0112599
424880 -0.030248
425640 -0.0203389
425640 0.163786
425650 -0.00276364
425650 0.258732
425660 0.0380076
425660 0.0844178
425670 0.0587375
425670 0.24638
425680 -0.0394143
425680 0.110209
426420 -0.0630209
426430 0.0255938
426440 -0.0250956
426450 0.000399496
426460 -0.0107141
427220 -0.0210776
427230 -0.0458554
427240 -0.0143193
428020 -0.0606745
434740 -0.000665974
434740 0.0739796
434750 0.0196431
434750 0.262364
434760 0.0381848
434760 -0.0411137
434770 -0.0325508
434770 0.246634
434780 0.0176221
434780 0.0304808
435520 0.0137569
435520 0.196021
435530 0.00953826
435530 0.348034
435540 -0.00840473
435540 0.0760128
435550 0.0263581
435550 0.234885
435560 0.071827
435560 0.092504
435570 -0.0236495
435570 0.214663
435580 -0.0498132
435580 0.122352
436320 0.00880703
436320 0.119946
436330 0.00595884
436330 0.354512
436340 0.0375873
436340 0.100107
436350 0.00311971
436350 0.178695
436360 -0.0102839
436360 0.147339
437120 0.00892309
437130 0.00586202
437140 0.000127802
444620 0.0661
444620 0.0731389
444630 -0.0276759
444630 0.218355
444640 0.0264313
444640 0.0441288
444650 -0.0241807
444650 0.214759
444660 -0.0295149
444660 0.0317072
444670 0.0154689
444670 0.202177
444680 0.0331567
444680 0.0333391
445420 0.0315405
445420 0.0452897
445430 0.0298783
445430 0.34031
445440 0.000437693
445440 0.0635933
445450 0.0709746
445450 0.218767
445460 0.0125749
445460 0.0567328
445470 -0.0627017
445470 0.180809
445480 0.0312581
445480 0.0801036
446220 0.076167
446230 0.0353475
446240 0.0638205
446250 -0.0428917
446260 0.010325
447040 -0.0147093
454520 0
454520 -6.75382e-17
454530 0.00471839
454530 0.23675
454540 0
454540 -1.37891e-17
454550 -0.0401158
454550 0.203426
454560 0
454560 -1.68846e-18
454570 0.0392817
454570 0.208151
454580 0
455320 0
455320 0.0350656
455330 0.0267187
455330 0.29801
455340 -0.0050293
455340 0.0350196
455350 0.0577065
455350 0.233079
455360 0.0223514
455360 -0.063374
455370 0.00254063
455370 0.181992
455380 0.00718573
455380 0.052817
456140 -0.00321328
456140 0.0271362
456150 -0.0537334
456150 0.133955
456160 0.0321286
456160 0.090204
46280 0.106719
46280 0.124506
465240 0
465240 -0.0153127
465250 0.0251895
465250 0.234188
465260 0.0123347
465260 -0.060082
465270 0.058407
465270 0.211666
465280 0
465280 -0.0215528
466060 0.0195106
47060 0.0436426
47060 0.0937034
47070 0.0728102
47070 0.145621
47080 0.0277571
47080 0.067502
475160 0.00402848
475160 -0.029422
475170 0.026646
475170 0.168419
475180 0.0525797
475180 -0.0533311
47840 0.0108059
47840 0.126293
47850 0.0893325
47850 0.178665
47860 -0.0313424
47860 0.109136
47870 -0.0025231
47870 0.0602943
47880 0.046646
47880 0.0611326
485080 0.00577499
485080 0.0818034
48620 -0.0663305
48620 0.345308
48630 0.125918
48630 0.284684
48640 -0.0496796
48640 0.140976
48650 -0.026724
48650 0.0617952
48660 -0.0258769
48660 0.0537745
48670 -0.0188737
48670 0.0484272
48680 0.0314814
48680 0.0686775
49420 0.0547525
49420 0.0583086
49430 -0.067223
49430 0.102914
49440 -0.0567155
49440 0.117668
49450 -0.0183209
49450 0.0601444
49460 0.0161281
49460 0.0220828
49470 0.014045
49470 -0.0467435
49480 0.0403837
49480 0.0925999
50220 -0.0574862
50230 -0.108609
50240 0.0511764
50250 -0.0727881
50260 0.0565839
505660 -0.0595704
506440 -0.0219117
507220 -0.00121506
51040 0.0149141
515540 0.0314299
515540 0.0835788
515550 -0.0656853
515550 0.16794
515560 -0.016622
515560 0.0577588
516320 0.0427251
516330 -0.0538469
516340 -0.0217707
517120 -0.0340442
525420 -0.0138408
525430 0.0519962
525440 -0.0124289
525450 -0.0201174
525460 0.0327126
526220 0.0365675
526230 -0.0679344
526240 0.0248427
527020 -0.0225907
535320 0
535320 -2.70153e-17
535330 0.0496497
535330 0.39009
535340 0
535350 0.025995
535350 0.180412
535360 0
535360 2.25127e-18
536120 0.0212312
536130 -0.00893755
536140 0.020174
546040 -0.0354675
55380 0.0725553
55380 -0.108833
56160 0.0527711
56160 -0.0647645
56170 0.0953311
56170 0.111219
56180 -0.0157947
56180 0.015874
56940 -0.0563843
56940 0.075179
56950 0.069176
56950 0.148525
56960 0.0442662
56960 0.0997699
56970 0.0402748
56970 0.0898462
56980 -0.0031125
56980 0.0393088
57720 -0.057619
57720 0.243282
57730 0.0229052
57730 0.267703
57740 0.0778627
57740 0.153237
57750 0.0466925
57750 0.060265
57760 -0.0141999
57760 0.043996
57770 0.0564198
57770 0.0769282
57780 0.0125853
57780 0.0323723
58520 0.00979537
58520 0.0398523
58530 0.0965482
58530 0.126534
58540 -0.0509734
58540 0.116937
58550 0.0452143
58550 0.082345
58560 -0.00928206
58560 0.0218149
58570 0.0280233
58570 0.0682718
58580 0.0281763
58580 0.0464925
59320 0.00827935
59320 0.0736319
59330 -0.0136356
59330 0.0202412
59340 -0.0259512
59340 0.0517179
59350 0.0441204
59350 0.0664593
59360 0.00303578
59360 0.0318086
59370 0.0216893
59370 0.0438297
59380 0.0623699
59380 0.0858306
60140 0.0242382
60140 0.08196
60150 0.00505757
60150 0.0103967
60160 0.0587999
60160 0.0607809
606220 0.0730658
616120 -3.37691e-18
64480 0.0226231
64480 -0.0904923
65260 0.0147628
65260 -0.0214731
65270 0.0675717
65270 -0.101358
65280 0.00581739
65280 -0.0574923
66040 0.0156674
66040 0.0283219
66050 0.0879376
66050 -0.107924
66060 0.046645
66060 0.0850102
66070 -0.013127
66070 0.0290932
66080 0.0205842
66080 -0.0467152
66820 0.101007
66820 0.142328
66830 -0.127236
66830 0.169648
66840 0.052035
66840 0.144476
66850 0.0241888
66850 0.0494329
66860 0.0446491
66860 0.0605559
66870 0.00552572
66870 0.0559368
66880 0.0180607
66880 -0.048417
67620 -0.0237045
67620 0.0249531
67630 0.0392351
67630 0.0790603
67640 0.108691
67640 0.112922
67650 0.00146054
67650 0.0939137
67660 0.0266158
67660 0.0291572
67670 0.0296108
67670 0.036862
67680 0.031483
67680 -0.0521715
68420 0.0128704
68420 0.0860427
68430 0.0138537
68430 0.120826
68440 -0.0216649
68440 0.0381401
68450 0.0465752
68450 0.0725767
68460 0.00125097
68460 0.0412293
68470 0.0409928
68470 0.0428908
68480 0.0536389
68480 -0.0596004
69240 -0.00926906
69240 0.023363
69250 0.0272607
69250 0.0749779
69260 -0.0365353
69260 0.0455066
69270 0.0384936
69270 0.0397904
69280 -0.0721075
69280 0.0825811
70060 -0.0323711
73580 0
73580 0.140592
74360 0
74360 0.06518
74370 0.0218957
74370 -0.0875832
74380 0.00052962
74380 0.0201786
75140 0.00875733
75140 0.039408
75150 0.0257455
75150 -0.0374478
75160 0.0550811
75160 -0.0732579
75170 0.0140862
75170 -0.0902114
75180 0.00497241
75180 0.00847021
75920 -0.0102061
75920 0.0748421
75930 0.0373766
75930 0.0675657
75940 0.0924635
75940 -0.11014
75950 -0.041661
75950 0.0479948
75960 0.00605265
75960 0.042987
75970 0.0332631
75970 -0.0754542
75980 -0.00378749
75980 0.00441869
76720 0.00108806
76720 0.0184805
76730 0.0449775
76730 -0.108637
76740 0.0465944
76740 0.097211
76750 -0.0114179
76750 0.0825424
76760 0.0157629
76760 0.0345841
76770 0.0243899
76770 -0.0737082
76780 0.011816
76780 -0.0136221
77520 0.0167487
77520 -0.0240358
77530 0.00823877
77530 0.0360504
77540 0.0323592
77540 0.0709682
77550 0.0661089
77550 -0.0683767
77560 0.0220291
77560 0.0568172
77570 0.0389955
77570 -0.0608032
77580 0.0220331
77580 -0.0272101
78340 0.0126633
78340 -0.0754713
78350 -0.0245245
78350 0.0348948
78360 -0.00801017
78360 0.0353074
78370 -0.0441596
78370 0.0451491
78380 0.0331096
78380 -0.042872
79160 0.032731
79160 -0.0666079
79170 -0.0164151
79170 0.0263776
79180 0.038418
79180 -0.0612646
82680 0
82680 0.071421
83460 0
83460 -0.00301093
83470 0
83470 0.141022
83480 0
83480 0.0509258
84240 0.00316278
84240 -0.0358448
84250 0
84250 0.11851
84260 0.018738
84260 -0.0571391
84270 0.00276337
84270 0.0222864
84280 0
84280 0.0365939
85020 0.024282
85020 -0.0971278
85030 0.0219638
85030 0.0988375
85040 0.028723
85040 -0.03635
85050 0.0330526
85050 -0.0388009
85060 0.0263481
85060 -0.0899105
85070 0.0044352
85070 0.00895
85080 0
85080 0.0379461
85820 -0.00365325
85820 0.0114539
85830 -0.0192835
85830 0.0198084
85840 0.0570598
85840 -0.14704
85850 0.0116422
85850 0.0619237
85860 0.0240523
85860 -0.0527246
85870 0.00679192
85870 -0.0208592
85880 0.00193388
85880 0.0398659
86620 0.0121329
86620 -0.0953582
86630 0.00292825
86630 -0.111051
86640 0.0104806
86640 0.0275547
86650 -0.0226267
86650 0.03962
86660 -0.0362888
86660 0.0572894
86670 0.0184404
86670 -0.0382474
86680 0.00424173
86680 0.0454013
87440 0.0052312
87440 -0.0079467
87450 0.0215206
87450 -0.0989711
87460 0.0159978
87460 0.0295851
87470 0.0287295
87470 -0.050951
87480 0.0112947
87480 0.0499009
88260 0.0122838
88260 0.0329355
88270 0.019916
88270 -0.0446471
88280 0.0125482
88280 0.0530638
89080 0.0118332
89080 0.0472842
91780 0
91780 -0.217485
92560 0
92560 -0.058466
92570 0
92570 0.0740686
92580 0
92580 -0.0202067
93340 0
93340 -0.0111732
93350 0
93350 -0.00568917
93360 0
93360 0.119306
93370 0
93370 0.092388
93380 0
93380 -0.0117764
94120 0
94120 0.0813387
94130 0.00830155
94130 -0.0940841
94140 0
94140 0.138753
94150 0.0119116
94150 0.021282
94160 0.00214416
94160 0.0073221
94170 0
94170 0.0700796
94180 0
94180 -0.000192945
94920 0.00336766
94920 -0.00555925
94930 0.00948795
94930 0.0747276
94940 0.0161425
94940 -0.0379108
94950 0.0377762
94950 -0.0388078
94960 0.00737892
94960 -0.0150427
94970 0
94970 0.0749254
94980 0
94980 0.00719722
95720 0.00381266
95720 -0.0325309
95730 0.000900025
95730 -0.0677193
95740 0.0150073
95740 -0.106815
95750 0.018213
95750 0.0618933
95760 0.0349571
95760 -0.036687
95770 0.00376946
95770 0.0662785
95780 0
95780 0.0179452
96540 0.00223032
96540 0.0618765
96550 0.00667938
96550 0.0205003
96560 0.0194699
96560 -0.0250254
96570 0.0169783
96570 0.0590509
96580 0.00629012
96580 0.031876
97360 0.00952727
97360 0.073729
97370 0.00918927
97370 0.0322947
97380 0.0109671
97380 0.0492666
98180 0.0207753
98180 0.0689299
9880 0.180877
