1324
100370 0.283391
101110 0
101120 0
101130 0
101140 0
101150 0
101160 0
101170 0
101910 0
101920 0
101930 0
101940 0
101950 0
101960 0
101970 0
102710 0
102720 0
102730 0
102740 0
102750 0
102760 0
102770 0.132339
103510 0
103520 0
103530 0
103540 0
103550 -0.0546379
103560 0
103570 0
104310 0
104320 0
104330 -0.106838
104340 0
104350 0
104360 0
104370 0
105110 -0.181848
105120 0
105130 0
105140 0
105150 0
105160 0
105170 0
111870 0.0641677
112650 0.0985406
112660 0.180832
112670 0.0324586
113430 0.0973173
113440 0.023407
113450 0.0678203
114210 0.114564
114220 -0.0609938
114230 0.0898365
115010 0.175933
120970 -0.17099
121750 0.016166
121760 0.0184446
121770 0.00919515
122530 0.0627439
122540 0.119794
122550 0.170946
122560 -0.034305
122570 -0.117936
123310 0.183333
123320 0.189095
123330 0.0997475
123340 0.0167111
123350 -0.0388696
124110 -0.0817797
124120 0.0166241
124130 -0.0334661
12870 -0.15498
130850 -0.126538
130860 -0.189001
130870 -0.0605394
1310 0
131630 -0.0834896
131640 -0.00218693
131650 -0.0646292
131660 0.0057542
131670 -0.0493974
1320 0
132410 -0.0126269
132420 0.12206
132430 0.0411331
132440 0.112864
132450 -0.131776
132460 -0.123723
132470 0.00733994
1330 0
133210 -0.12877
133220 -0.02351
133230 -0.17845
133240 -0.0933324
133250 -0.0189942
1340 0
134030 0.0185863
1350 0
1360 0
13650 -0.0598402
13660 0.23483
13670 -0.160515
1370 0
140730 -0.0579256
140740 -0.226165
140750 -0.169029
140760 -0.0506545
140770 0.0778788
141510 -0.161181
141520 -0.240491
141530 -0.0198127
141540 -0.124236
141550 0.0343824
141560 -0.0320134
141570 0.0274716
142310 0.209564
142320 -0.169298
142330 0.0428861
142340 -0.171337
142350 -0.0769314
142360 0.0758179
142370 0.108995
143130 0.0280167
143140 0.129033
143150 0.0676948
14430 -0.0271885
14440 0.215802
14450 -0.0978317
150610 -0.192644
150620 -0.182521
150630 -0.296006
150640 -0.0796802
150650 0.0295281
150660 0.140763
150670 0.0188551
151410 -0.161181
151420 0.240491
151430 -0.0198127
151440 0.124236
151450 0.0343824
151460 0.0320134
151470 0.0274716
15210 0.0352148
15220 0.236228
152230 0.0505397
152240 0.0114453
152250 0.161305
152260 0.0833702
152270 -0.0458888
15230 -0.102334
153050 -0.074607
16010 -0.244989
160510 0.102157
160520 -0.0520156
160530 0.203732
160540 0.185569
160550 0.154419
160560 -0.0126816
160570 -0.0718082
161330 -0.0834896
161340 0.00218693
161350 -0.0646292
161360 -0.0057542
161370 -0.0493974
162150 -0.0361978
162160 -0.123688
162170 -0.0895949
170430 0.0155318
170440 -0.129948
170450 -0.16587
170460 -0.147314
170470 0.010801
171250 0.016166
171260 -0.0184446
171270 0.00919515
172070 0.0872853
180350 0.0641357
180360 0.164768
180370 0.0941345
181170 0.0641677
190270 -0.159473
200910 0
200920 0
200930 0
200940 0
200950 0
200960 0
200970 0
201710 0
201720 0
201730 0
201740 0
201750 0
201760 0
201770 0.0872853
202510 0
202520 0
202530 0
202540 0
202550 -0.100002
202560 0
202570 0
203310 0
203320 0
203330 -0.0825805
203340 0
203350 0
203360 0
203370 0
204110 -0.0834523
204120 0
204130 0
204140 0
204150 0
204160 0
204170 0
210870 -0.103605
2110 0
211650 -0.0361978
211660 0.123688
211670 -0.0895949
2120 0
212430 -0.0775443
212440 -0.104447
212450 -0.0236014
2130 0
213210 -0.192757
213220 -0.16457
213230 -0.0149773
2140 0
214010 0.0581183
2150 0
2160 0
2170 0
21970 -0.159473
220750 0.103433
220760 -0.0790807
220770 0.11342
221530 0.0505397
221540 -0.0114453
221550 0.161305
221560 -0.0833702
221570 -0.0458888
222310 -0.021028
222320 -0.0767834
222330 -0.0164383
222340 -0.00771702
222350 0.0366061
223110 0.034871
223120 0.0779739
223130 0.0576218
22750 -0.0709852
22760 -0.150411
22770 -0.0211494
230630 0.0966481
230640 0.174681
230650 -0.0405253
230660 0.132722
230670 0.0295917
231410 0.209564
231420 0.169298
231430 0.0428861
231440 0.171337
231450 -0.0769314
231460 -0.0758179
231470 0.108995
232210 -0.021028
232220 0.0767834
232230 -0.0164383
232240 0.00771702
232250 0.0366061
233030 0.0142654
23530 -0.0506628
23540 -0.103828
23550 0.153247
23560 -0.153691
23570 -0.11651
240510 0.207076
240520 0.230967
240530 0.203221
240540 -0.0452925
240550 0.079465
240560 0.0205473
240570 -0.0948791
241310 -0.0126269
241320 -0.12206
241330 0.0411331
241340 -0.112864
241350 -0.131776
241360 0.123723
241370 0.00733994
242130 -0.0775443
242140 0.104447
242150 -0.0236014
24310 -0.048795
24320 -0.0668153
24330 0.20026
24340 -0.171237
24350 -0.0637078
250410 -0.0206197
250420 -0.0326025
250430 -0.189174
250440 -0.0363748
250450 0.00929949
250460 -0.129731
250470 -0.00206217
25110 0.191114
25120 -0.30005
251230 0.0627439
251240 -0.119794
251250 0.170946
251260 0.034305
251270 -0.117936
25130 -0.054912
252050 -0.100002
260330 0.0105831
260340 0.133895
260350 -0.0844663
260360 0.0167762
260370 0.0928552
261150 0.0985406
261160 -0.180832
261170 0.0324586
270250 -0.0709852
270260 0.150411
270270 -0.0211494
271070 0.132339
280170 -0.15498
2910 0
2920 0
2930 0
2940 0
2950 0
2960 0
2970 0
300710 0
300720 0
300730 0
300740 0
300750 0
300760 0
300770 0.149984
301510 0
301520 0
301530 0
301540 0
301550 -0.074607
301560 0
301570 0
302310 0
302320 0
302330 0.0142654
302340 0
302350 0
302360 0
302370 0
303110 0.0805311
303120 0
303130 0
303140 0
303150 0
303160 0
303170 0
310650 0.0719893
310660 0.129449
310670 0.0247989
31070 0.283391
311430 0.0280167
311440 -0.129033
311450 0.0676948
312210 0.034871
312220 -0.0779739
312230 0.0576218
313010 0.0805311
31850 0.0641357
31860 -0.164768
31870 0.0941345
320530 -0.0680481
320540 0.0984927
320550 0.0397173
320560 -0.0135832
320570 -0.18011
321310 -0.12877
321320 0.02351
321330 -0.17845
321340 0.0933324
321350 -0.0189942
322110 -0.192757
322120 0.16457
322130 -0.0149773
32630 0.0105831
32640 -0.133895
32650 -0.0844663
32660 -0.0167762
32670 0.0928552
330410 -0.112268
330420 -0.123933
330430 0.104514
330440 -0.0430561
330450 -0.0602023
330460 -0.160409
330470 0.0384963
331210 0.183333
331220 -0.189095
331230 0.0997475
331240 -0.0167111
331250 -0.0388696
332030 -0.0825805
33410 -0.07341
33420 -0.141173
33430 -0.094201
33440 0.0906075
33450 -0.0746539
33460 -0.0905285
33470 0.181575
340310 -0.07341
340320 0.141173
340330 -0.094201
340340 -0.0906075
340350 -0.0746539
340360 0.0905285
340370 0.181575
341130 0.0973173
341140 -0.023407
341150 0.0678203
34210 -0.0380952
34220 0.163013
34230 -0.162185
34240 -0.0776573
34250 0.127999
350230 -0.0506628
350240 0.103828
350250 0.153247
350260 0.153691
350270 -0.11651
35030 0.197988
351050 -0.0546379
360150 -0.0598402
360160 -0.23483
360170 -0.160515
370070 0.259909
3710 0
3720 0
3730 0
3740 0
3750 0
3760 0
3770 0.259909
400510 0
400520 0
400530 0
400540 0
400550 -0.157785
400560 0
400570 0
401310 0
401320 0
401330 0.0185863
401340 0
401350 0
401360 0
401370 0
402110 0.0581183
402120 0
402130 0
402140 0
402150 0
402160 0
402170 0
40950 0.026398
40960 0.309544
40970 -0.0489432
410430 -0.0819748
410440 -0.216885
410450 0.0128247
411210 -0.0817797
411220 -0.0166241
411230 -0.0334661
412010 -0.0834523
41730 0.0155318
41740 0.129948
41750 -0.16587
41760 0.147314
41770 0.010801
420310 -0.0380952
420320 -0.163013
420330 -0.162185
420340 0.0776573
420350 0.127999
421110 0.114564
421120 0.0609938
421130 0.0898365
42510 -0.0206197
42520 0.0326025
42530 -0.189174
42540 0.0363748
42550 0.00929949
42560 0.129731
42570 -0.00206217
430210 -0.048795
430220 0.0668153
430230 0.20026
430240 0.171237
430250 -0.0637078
431030 -0.106838
43310 -0.112268
43320 0.123933
43330 0.104514
43340 0.0430561
43350 -0.0602023
43360 0.160409
43370 0.0384963
440130 -0.0271885
440140 -0.215802
440150 -0.0978317
44130 -0.0819748
44140 0.216885
44150 0.0128247
450050 0.137502
4510 0
4520 0
4530 0
4540 0
4550 0.137502
4560 0
4570 0
500310 0
500320 0
500330 0.197988
500340 0
500350 0
500360 0
500370 0
501110 0.175933
501120 0
501130 0
501140 0
501150 0
501160 0
501170 0
50830 0.0358691
50840 0.0569404
50850 0.308278
50860 -0.0993585
50870 -0.0608444
510210 0.191114
510220 0.30005
510230 -0.054912
511010 -0.181848
51610 0.102157
51620 0.0520156
51630 0.203732
51640 -0.185569
51650 0.154419
51660 0.0126816
51670 -0.0718082
520110 0.0352148
520120 -0.236228
520130 -0.102334
52410 0.207076
52420 -0.230967
52430 0.203221
52440 0.0452925
52450 0.079465
52460 -0.0205473
52470 -0.0948791
530030 0.113738
5310 0
5320 0
53230 -0.0680481
53240 -0.0984927
53250 0.0397173
53260 0.0135832
53270 -0.18011
5330 0.113738
5340 0
5350 0
5360 0
5370 0
54050 -0.157785
600110 -0.244989
600120 0
600130 0
600140 0
600150 0
600160 0
600170 0
60710 0.0865593
60720 0.129035
60730 0.0757046
60740 0.259694
60750 -0.169567
60760 -0.122302
60770 0.0410213
610010 0.149404
6110 0.149404
6120 0
6130 0
6140 0
6150 0
61510 -0.192644
61520 0.182521
61530 -0.296006
61540 0.0796802
61550 0.0295281
61560 -0.140763
61570 0.0188551
6160 0
6170 0
62330 0.0966481
62340 -0.174681
62350 -0.0405253
62360 -0.132722
62370 0.0295917
63150 0.0719893
63160 -0.129449
63170 0.0247989
70610 0.0865593
70620 -0.129035
70630 0.0757046
70640 -0.259694
70650 -0.169567
70660 0.122302
70670 0.0410213
71430 -0.0579256
71440 0.226165
71450 -0.169029
71460 0.0506545
71470 0.0778788
72250 0.103433
72260 0.0790807
72270 0.11342
73070 0.149984
80530 0.0358691
80540 -0.0569404
80550 0.308278
80560 0.0993585
80570 -0.0608444
81350 -0.126538
81360 0.189001
81370 -0.0605394
82170 -0.103605
90450 0.026398
90460 -0.309544
90470 -0.0489432
91270 -0.17099
