# 2014-03-14.08:58:01
# qmax = 9
# E = 0
# A= 108	 T1= -1	 T2= -1	 A1= 61	 A2= 61
# central = 1	 tensor = 1	 spinisospin = 0
# norm = 1.51783
# k 	 mf 	 corr 	 total
0	3.48303	6.58919
0.1	3.53773	6.52336
0.2	3.62424	6.32734
0.3	3.59575	6.00558
0.4	3.39123	5.56706
0.5	3.07845	5.02607
0.6	2.76684	4.40395
0.7	2.48428	3.73005
0.8	2.17358	3.04035
0.9	1.77773	2.37395
1	1.31411	1.76757
1.1	0.860792	1.24951
1.2	0.495252	0.835412
1.3	0.24962	0.526854
1.4	0.110217	0.313149
1.5	0.0426323	0.176037
1.6	0.0145912	0.0949019
1.7	0.00439256	0.0510148
1.8	0.00116712	0.0295604
1.9	0.000273964	0.0204616
2	6.44304e-05	0.0175069
2.1	1.17285e-05	0.0174021
2.2	1.81626e-06	0.0183232
2.3	1.55157e-07	0.0195225
2.4	1.07133e-08	0.0206807
2.5	1.76941e-09	0.0215857
2.6	4.14994e-10	0.0221992
2.7	6.47962e-11	0.0224891
2.8	6.3513e-12	0.0224591
2.9	3.70413e-13	0.0221125
3	8.51905e-15	0.0214813
3.1	-3.7271e-15	0.0205999
3.2	-6.72372e-17	0.0195103
3.3	-1.19604e-14	0.0182626
3.4	5.43487e-17	0.016906
3.5	4.3318e-17	0.0154759
3.6	-1.52246e-14	0.0140192
3.7	1.78309e-16	0.0125727
3.8	-9.18282e-16	0.0111674
3.9	3.03971e-13	0.0098284
4	-9.33389e-14	0.00857443
4.1	-2.75745e-12	0.00741847
4.2	2.12082e-15	0.00636804
4.3	1.37644e-12	0.00542807
4.4	1.74055e-07	0.0045943
4.5	5.71201e-09	0.00386198
4.6	-4.40239e-12	0.00322829
4.7	7.1521e-15	0.00268075
4.8	2.34191e-13	0.00221805
4.9	-2.19529e-13	0.00182737
# mf integral is 1.07184
# cor integral is 2.12033
# tot integral is 3.19216
