# rel_mom (k_1-k_2)/2	central		tensor
0	0	0
0.0141421	0.00972421	0.0114018
0.0282843	0.0194447	0.0227634
0.0424264	0.0291636	0.0340449
0.0565685	0.0388674	0.0452064
0.0707107	0.0485562	0.0562084
0.0848528	0.0582265	0.0670118
0.0989949	0.0678743	0.0775779
0.113137	0.0774962	0.0878688
0.127279	0.0870883	0.0978256
0.141421	0.096647	0.107447
0.155563	0.106169	0.116682
0.169706	0.11565	0.125484
0.183848	0.125086	0.133839
0.19799	0.134475	0.141707
0.212132	0.143813	0.149058
0.226274	0.153095	0.155857
0.240416	0.162319	0.162078
0.254558	0.171482	0.167693
0.268701	0.180578	0.172677
0.282843	0.189606	0.177005
0.296985	0.198562	0.180656
0.311127	0.207442	0.183607
0.325269	0.216244	0.18584
0.339411	0.224964	0.187341
0.353553	0.233598	0.188088
0.367696	0.242144	0.188069
0.381838	0.250598	0.187274
0.39598	0.258958	0.185692
0.410122	0.26722	0.183315
0.424264	0.275381	0.180137
0.438406	0.283439	0.176153
0.452548	0.291391	0.171361
0.46669	0.299233	0.16576
0.480833	0.306963	0.159352
0.494975	0.314579	0.152141
0.509117	0.322077	0.14413
0.523259	0.329455	0.135328
0.537401	0.336711	0.125743
0.551543	0.343842	0.115386
0.565685	0.350845	0.104268
0.579828	0.357719	0.0924047
0.59397	0.364461	0.0798108
0.608112	0.371068	0.0665037
0.622254	0.37754	0.0525022
0.636396	0.383873	0.0378267
0.650538	0.390066	0.0224987
0.66468	0.396116	0.00654151
0.678823	0.402022	-0.0100207
0.692965	0.407783	-0.0271622
0.707107	0.413395	-0.0448563
0.721249	0.418859	-0.0630752
0.735391	0.424171	-0.0817901
0.749533	0.429331	-0.100971
0.763675	0.434338	-0.120588
0.777817	0.439189	-0.140609
0.79196	0.443884	-0.161002
0.806102	0.448421	-0.181735
0.820244	0.4528	-0.202775
0.834386	0.457018	-0.224087
0.848528	0.461076	-0.245638
0.86267	0.464973	-0.267394
0.876812	0.468707	-0.289568
0.890955	0.472278	-0.311624
0.905097	0.475685	-0.333548
0.919239	0.478927	-0.355779
0.933381	0.482005	-0.378043
0.947523	0.484917	-0.400305
0.961665	0.487664	-0.422532
0.975807	0.490245	-0.444691
0.989949	0.49266	-0.466749
1.00409	0.494908	-0.488672
1.01823	0.49699	-0.510429
1.03238	0.498906	-0.531989
1.04652	0.500656	-0.553322
1.06066	0.502239	-0.574396
1.0748	0.503657	-0.595184
1.08894	0.50491	-0.615658
1.10309	0.505998	-0.635789
1.11723	0.506921	-0.655552
1.13137	0.50768	-0.674921
1.14551	0.508276	-0.693872
1.15966	0.508709	-0.712382
1.1738	0.508981	-0.730429
1.18794	0.509091	-0.747992
1.20208	0.509042	-0.765051
1.21622	0.508833	-0.781587
1.23037	0.508466	-0.797584
1.24451	0.507943	-0.813027
1.25865	0.507263	-0.827895
1.27279	0.506429	-0.84218
1.28693	0.505441	-0.855868
1.30108	0.504302	-0.868947
1.31522	0.503012	-0.881409
1.32936	0.501573	-0.893244
1.3435	0.499987	-0.904445
1.35765	0.498254	-0.915006
1.37179	0.496378	-0.924921
1.38593	0.494358	-0.934187
1.40007	0.492199	-0.942801
1.41421	0.4899	-0.950762
1.42836	0.487464	-0.958069
1.4425	0.484893	-0.964724
1.45664	0.482188	-0.970728
1.47078	0.479353	-0.976084
1.48492	0.476388	-0.980797
1.49907	0.473259	-0.983701
1.51321	0.470079	-0.987158
1.52735	0.46674	-0.991129
1.54149	0.46328	-0.993328
1.55563	0.459701	-0.994917
1.56978	0.456007	-0.995907
1.58392	0.452199	-0.996307
1.59806	0.44828	-0.99613
1.6122	0.444252	-0.995386
1.62635	0.440118	-0.994087
1.64049	0.43588	-0.992248
1.65463	0.43154	-0.989882
1.66877	0.427101	-0.987002
1.68291	0.422566	-0.983623
1.69706	0.417937	-0.979761
1.7112	0.413216	-0.975431
1.72534	0.408408	-0.970648
1.73948	0.403513	-0.965429
1.75362	0.398534	-0.95979
1.76777	0.393475	-0.953748
1.78191	0.388338	-0.947197
1.79605	0.383126	-0.9404
1.81019	0.37784	-0.933371
1.82434	0.372485	-0.925885
1.83848	0.367063	-0.918082
1.85262	0.361576	-0.909978
1.86676	0.356027	-0.901591
1.8809	0.35042	-0.892937
1.89505	0.344756	-0.884034
1.90919	0.339038	-0.874898
1.92333	0.333269	-0.865547
1.93747	0.327453	-0.855981
1.95161	0.321563	-0.846241
1.96576	0.315658	-0.836363
1.9799	0.309714	-0.826312
1.99404	0.303732	-0.816125
2.00818	0.297715	-0.805819
2.02233	0.291667	-0.795416
2.03647	0.285616	-0.784917
2.05061	0.279512	-0.774341
2.06475	0.273383	-0.763703
2.07889	0.267234	-0.753017
2.09304	0.261066	-0.742295
2.10718	0.254881	-0.731551
2.12132	0.248657	-0.720795
2.13546	0.242449	-0.710039
2.1496	0.236232	-0.699297
2.16375	0.230035	-0.688581
2.17789	0.223808	-0.677896
2.19203	0.217581	-0.667255
2.20617	0.211355	-0.656668
2.22032	0.205133	-0.646143
2.23446	0.198917	-0.63569
2.2486	0.19271	-0.625315
2.26274	0.186514	-0.615027
2.27688	0.180331	-0.604833
2.29103	0.174164	-0.594739
2.30517	0.168014	-0.584753
2.31931	0.161885	-0.574879
2.33345	0.155777	-0.565123
2.34759	0.149694	-0.555491
2.36174	0.143636	-0.545986
2.37588	0.137608	-0.536613
2.39002	0.131609	-0.527375
2.40416	0.125643	-0.518276
2.41831	0.119711	-0.509319
2.43245	0.113815	-0.500506
2.44659	0.107957	-0.491839
2.46073	0.102139	-0.48332
2.47487	0.0963628	-0.474951
2.48902	0.0906298	-0.466732
2.50316	0.0849417	-0.458665
2.5173	0.0793003	-0.451412
2.53144	0.0737072	-0.443651
2.54558	0.068164	-0.435375
2.55973	0.062672	-0.427915
2.57387	0.057233	-0.420605
2.58801	0.0518482	-0.413446
2.60215	0.0465191	-0.406435
2.6163	0.0412469	-0.399572
2.63044	0.0360331	-0.392855
2.64458	0.0308789	-0.386281
2.65872	0.0257854	-0.37985
2.67286	0.0207539	-0.373559
2.68701	0.0157854	-0.367489
2.70115	0.0108811	-0.361388
2.71529	0.00604199	-0.355502
2.72943	0.00126904	-0.349747
2.74357	-0.00343681	-0.344119
2.75772	-0.00807465	-0.338616
2.77186	-0.0126436	-0.333233
2.786	-0.0171429	-0.32797
2.80014	-0.0215718	-0.322822
2.81428	-0.0259295	-0.317786
2.82843	-0.0302153	-0.312859
2.84257	-0.0344287	-0.308037
2.85671	-0.0385691	-0.303319
2.87085	-0.0426358	-0.298699
2.885	-0.0466284	-0.29419
2.89914	-0.0505464	-0.289765
2.91328	-0.0543894	-0.285429
2.92742	-0.0581571	-0.281151
2.94156	-0.0618491	-0.276981
2.95571	-0.065465	-0.27289
2.96985	-0.0690047	-0.268876
2.98399	-0.0724679	-0.264935
2.99813	-0.0758545	-0.261065
3.01227	-0.0791643	-0.257254
3.02642	-0.0823972	-0.253518
3.04056	-0.0855532	-0.249842
3.0547	-0.0886322	-0.246221
3.06884	-0.0916343	-0.24266
3.08299	-0.0945595	-0.239153
3.09713	-0.0974079	-0.235697
3.11127	-0.10018	-0.232289
3.12541	-0.102875	-0.228928
3.13955	-0.105494	-0.225618
3.1537	-0.108037	-0.222335
3.16784	-0.110503	-0.2191
3.18198	-0.112895	-0.215903
3.19612	-0.115211	-0.212742
3.21026	-0.117452	-0.209614
3.22441	-0.119619	-0.206519
3.23855	-0.121712	-0.203455
3.25269	-0.123731	-0.20042
3.26683	-0.125677	-0.197414
3.28098	-0.127551	-0.194434
3.29512	-0.129352	-0.191479
3.30926	-0.131082	-0.188549
3.3234	-0.13274	-0.185641
3.33754	-0.134329	-0.182756
3.35169	-0.135847	-0.179893
3.36583	-0.137296	-0.17705
3.37997	-0.138677	-0.174228
3.39411	-0.139991	-0.171425
3.40825	-0.141237	-0.16864
3.4224	-0.142437	-0.165875
3.43654	-0.14355	-0.163127
3.45068	-0.144598	-0.159903
3.46482	-0.145582	-0.157687
3.47897	-0.146503	-0.154993
3.49311	-0.147362	-0.152316
3.50725	-0.148159	-0.149658
3.52139	-0.148895	-0.147017
3.53553	-0.149572	-0.144394
3.54968	-0.15019	-0.141789
3.56382	-0.150749	-0.139138
3.57796	-0.151252	-0.136634
3.5921	-0.151698	-0.134085
3.60624	-0.15209	-0.131556
3.62039	-0.152426	-0.129046
3.63453	-0.15271	-0.126556
3.64867	-0.152942	-0.124087
3.66281	-0.153123	-0.12164
3.67696	-0.153254	-0.119214
3.6911	-0.153334	-0.11681
3.70524	-0.153367	-0.11443
3.71938	-0.153351	-0.112073
3.73352	-0.15329	-0.10974
3.74767	-0.153177	-0.107433
3.76181	-0.153023	-0.10515
3.77595	-0.152826	-0.102894
3.79009	-0.152586	-0.100665
3.80423	-0.152305	-0.0984456
3.81838	-0.151997	-0.0962696
3.83252	-0.151637	-0.0941202
3.84666	-0.151238	-0.0920275
3.8608	-0.150802	-0.0899412
3.87495	-0.15033	-0.0878856
3.88909	-0.149822	-0.0858613
3.90323	-0.149279	-0.083867
3.91737	-0.148703	-0.0819063
3.93151	-0.148094	-0.0799787
3.94566	-0.147454	-0.0780881
3.9598	-0.146783	-0.0762374
3.97394	-0.146083	-0.074413
3.98808	-0.145353	-0.0726235
4.00222	-0.144596	-0.0708693
4.01637	-0.143813	-0.0691508
4.03051	-0.143003	-0.0674683
4.04465	-0.142169	-0.0658222
4.05879	-0.14131	-0.0642138
4.07294	-0.140429	-0.0626413
4.08708	-0.139526	-0.0611059
4.10122	-0.138601	-0.0596077
4.11536	-0.137656	-0.058147
4.1295	-0.136692	-0.0567237
4.14365	-0.135709	-0.055338
4.15779	-0.134709	-0.0539899
4.17193	-0.133692	-0.0526793
4.18607	-0.132659	-0.0514063
4.20021	-0.13161	-0.0501706
4.21436	-0.130548	-0.0489723
4.2285	-0.129472	-0.0478111
4.24264	-0.128383	-0.0466868
