# mass number (A) = 4
# number of protons (Z) = 2
#units k = 1/fm , units n_1(k) = fm^3
# k (1/fm)	n	p	tot
0.0	15.2388416852	15.2388416852	7.61942084259
0.05	15.1533424853	15.1533424853	7.57667124263
0.1	14.899712351	14.899712351	7.44985617551
0.15	14.4863939948	14.4863939948	7.2431969974
0.2	13.926938727	13.926938727	6.96346936348
0.25	13.2392688177	13.2392688177	6.61963440884
0.3	12.4447248649	12.4447248649	6.22236243247
0.35	11.5669687396	11.5669687396	5.78348436978
0.4	10.6308205631	10.6308205631	5.31541028157
0.45	9.66110889217	9.66110889217	4.83055444609
0.5	8.68160715427	8.68160715427	4.34080357713
0.55	7.71411743913	7.71411743913	3.85705871956
0.6	6.77774657133	6.77774657133	3.38887328566
0.65	5.88840088307	5.88840088307	2.94420044154
0.7	5.05850723863	5.05850723863	2.52925361931
0.75	4.29695045214	4.29695045214	2.14847522607
0.8	3.60920274864	3.60920274864	1.80460137432
0.85	2.99761032821	2.99761032821	1.4988051641
0.9	2.46179585943	2.46179585943	1.23089792972
0.95	1.99913379462	1.99913379462	0.999566897308
1.0	1.60525728006	1.60525728006	0.80262864003
1.05	1.27456033536	1.27456033536	0.637280167679
1.1	1.00066592955	1.00066592955	0.500332964775
1.15	0.776838589443	0.776838589443	0.388419294721
1.2	0.596328316489	0.596328316489	0.298164158245
1.25	0.452640111227	0.452640111227	0.226320055614
1.3	0.339729769866	0.339729769866	0.169864884933
1.35	0.252131516786	0.252131516786	0.126065758393
1.4	0.185026371244	0.185026371244	0.0925131856219
1.45	0.134261993101	0.134261993101	0.0671309965507
1.5	0.0963353127965	0.0963353127965	0.0481676563982
1.55	0.0683488004975	0.0683488004975	0.0341744002487
1.6	0.0479500700589	0.0479500700589	0.0239750350294
1.65	0.0332629343252	0.0332629343252	0.0166314671626
1.7	0.0228162798013	0.0228162798013	0.0114081399006
1.75	0.0154754067701	0.0154754067701	0.00773770338503
1.8	0.0103789226631	0.0103789226631	0.00518946133154
1.85	0.00688296311115	0.00688296311115	0.00344148155557
1.9	0.00451348051098	0.00451348051098	0.00225674025549
1.95	0.00292658178038	0.00292658178038	0.00146329089019
2.0	0.00187638832035	0.00187638832035	0.000938194160176
2.05	0.00118959119475	0.00118959119475	0.000594795597377
2.1	0.00074573705665	0.00074573705665	0.000372868528325
2.15	0.000462260379088	0.000462260379088	0.000231130189544
2.2	0.000283335232081	0.000283335232081	0.00014166761604
2.25	0.0001717225999	0.0001717225999	8.58612999502e-05
2.3	0.000102912301873	0.000102912301873	5.14561509366e-05
2.35	6.09845878323e-05	6.09845878323e-05	3.04922939162e-05
2.4	3.57343475539e-05	3.57343475539e-05	1.78671737769e-05
2.45	2.07044922564e-05	2.07044922564e-05	1.03522461282e-05
2.5	1.1861955095e-05	1.1861955095e-05	5.93097754748e-06
2.55	6.71987090735e-06	6.71987090735e-06	3.35993545367e-06
2.6	3.76425077077e-06	3.76425077077e-06	1.88212538538e-06
2.65	2.08501473908e-06	2.08501473908e-06	1.04250736954e-06
2.7	1.14196468642e-06	1.14196468642e-06	5.7098234321e-07
2.75	6.18456534389e-07	6.18456534389e-07	3.09228267195e-07
2.8	3.31191097418e-07	3.31191097418e-07	1.65595548709e-07
2.85	1.75372337005e-07	1.75372337005e-07	8.76861685023e-08
2.9	9.18240593387e-08	9.18240593387e-08	4.59120296693e-08
2.95	4.75406209723e-08	4.75406209723e-08	2.37703104862e-08
3.0	2.43380722328e-08	2.43380722328e-08	1.21690361164e-08
3.05	1.23202767851e-08	1.23202767851e-08	6.16013839255e-09
3.1	6.16691151672e-09	6.16691151672e-09	3.08345575836e-09
3.15	3.05230503514e-09	3.05230503514e-09	1.52615251757e-09
3.2	1.49382977821e-09	1.49382977821e-09	7.46914889106e-10
3.25	7.2291503187e-10	7.2291503187e-10	3.61457515935e-10
3.3	3.45928514253e-10	3.45928514253e-10	1.72964257127e-10
3.35	1.63681060925e-10	1.63681060925e-10	8.18405304624e-11
3.4	7.65814287443e-11	7.65814287443e-11	3.82907143722e-11
3.45	3.54292093977e-11	3.54292093977e-11	1.77146046989e-11
3.5	1.62073653155e-11	1.62073653155e-11	8.10368265775e-12
3.55	7.33122156203e-12	7.33122156203e-12	3.66561078102e-12
3.6	3.27908920781e-12	3.27908920781e-12	1.63954460391e-12
3.65	1.45025069513e-12	1.45025069513e-12	7.25125347563e-13
3.7	6.34228707995e-13	6.34228707995e-13	3.17114353997e-13
3.75	2.74259496012e-13	2.74259496012e-13	1.37129748006e-13
3.8	1.17270942193e-13	1.17270942193e-13	5.86354710966e-14
3.85	4.95829222133e-14	4.95829222133e-14	2.47914611067e-14
3.9	2.07294026048e-14	2.07294026048e-14	1.03647013024e-14
3.95	8.56947897623e-15	8.56947897623e-15	4.28473948812e-15
4.0	3.50295866207e-15	3.50295866207e-15	1.75147933103e-15
4.05	1.41588692212e-15	1.41588692212e-15	7.07943461062e-16
4.1	5.65894003508e-16	5.65894003508e-16	2.82947001754e-16
4.15	2.23642622856e-16	2.23642622856e-16	1.11821311428e-16
4.2	8.73950882898e-17	8.73950882898e-17	4.36975441449e-17
4.25	3.37701070523e-17	3.37701070523e-17	1.68850535262e-17
4.3	1.29030034306e-17	1.29030034306e-17	6.45150171531e-18
4.35	4.87486004227e-18	4.87486004227e-18	2.43743002114e-18
4.4	1.82115308503e-18	1.82115308503e-18	9.10576542515e-19
4.45	6.72734529934e-19	6.72734529934e-19	3.36367264967e-19
4.5	2.45727605569e-19	2.45727605569e-19	1.22863802785e-19
4.55	8.87517941935e-20	8.87517941935e-20	4.43758970967e-20
4.6	3.16966451274e-20	3.16966451274e-20	1.58483225637e-20
4.65	1.11934101398e-20	1.11934101398e-20	5.59670506991e-21
4.7	3.90862945171e-21	3.90862945171e-21	1.95431472586e-21
4.75	1.34958283707e-21	1.34958283707e-21	6.74791418535e-22
4.8	4.60773566344e-22	4.60773566344e-22	2.30386783172e-22
4.85	1.55556631412e-22	1.55556631412e-22	7.77783157061e-23
4.9	5.19281040985e-23	5.19281040985e-23	2.59640520492e-23
4.95	1.71407320936e-23	1.71407320936e-23	8.57036604679e-24
5.0	5.59460244467e-24	5.59460244467e-24	2.79730122233e-24
#normalisation = 1.0
#eerste moment n(k)k**2 = 0.752158994964
#2e moment n(k)k**2 = 0.66649974562
#3e moment n(k)k**2 = 0.66841801766
#4e moment n(k)k**2 = 0.74036985152
#sigma**2 n(k)k**2 = 0.100756591916
#kurtosis n(k)k**2 = 0.10813176321
#skewness n(k)k**2 = 0.485714496874
