
0.0	0.0	-5.09295817894
0.0	0.01	-5.09227997709
0.0	0.02	-5.09024567257
0.0	0.03	-5.08685616829
0.0	0.04	-5.08211296849
0.0	0.05	-5.07601817777
0.0	0.06	-5.06857449981
0.0	0.07	-5.05978523571
0.0	0.08	-5.04965428189
0.0	0.09	-5.03818612771
0.0	0.1	-5.02538585268
0.0	0.11	-5.01125912329
0.0	0.12	-4.99581218951
0.0	0.13	-4.97905188095
0.0	0.14	-4.96098560257
0.0	0.15	-4.94162133015
0.0	0.16	-4.92096760534
0.0	0.17	-4.89903353041
0.0	0.18	-4.87582876257
0.0	0.19	-4.8513635081
0.0	0.2	-4.82564851602
0.0	0.21	-4.79869507148
0.0	0.22	-4.77051498883
0.0	0.23	-4.74112060438
0.0	0.24	-4.71052476883
0.0	0.25	-4.67874083943
0.0	0.26	-4.64578267176
0.0	0.27	-4.61166461135
0.0	0.28	-4.57640148487
0.0	0.29	-4.54000859116
0.0	0.3	-4.50250169193
0.0	0.31	-4.46389700219
0.0	0.32	-4.42421118044
0.0	0.33	-4.38346131863
0.0	0.34	-4.34166493186
0.0	0.35	-4.29883994779
0.0	0.36	-4.25500469597
0.0	0.37	-4.21017789678
0.0	0.38	-4.16437865031
0.0	0.39	-4.1176264249
0.0	0.4	-4.06994104566
0.0	0.41	-4.02134268262
0.0	0.42	-3.97185183886
0.0	0.43	-3.92148933839
0.0	0.44	-3.87027631387
0.0	0.45	-3.81823419429
0.0	0.46	-3.76538469235
0.0	0.47	-3.71174979186
0.0	0.48	-3.65735173493
0.0	0.49	-3.60221300909
0.0	0.5	-3.54635633432
0.0	0.51	-3.48980464995
0.0	0.52	-3.43258110152
0.0	0.53	-3.37470902757
0.0	0.54	-3.31621194634
0.0	0.55	-3.25711354242
0.0	0.56	-3.19743765344
0.0	0.57	-3.13720825658
0.0	0.58	-3.07644945522
0.0	0.59	-3.01518546544
0.0	0.6	-2.95344060263
0.0	0.61	-2.89123926804
0.0	0.62	-2.82860593535
0.0	0.63	-2.76556513731
0.0	0.64	-2.70214145235
0.0	0.65	-2.63835949132
0.0	0.66	-2.5742438842
0.0	0.67	-2.5098192669
0.0	0.68	-2.44511026819
0.0	0.69	-2.38014149662
0.0	0.7	-2.31493752758
0.0	0.71	-2.24952289048
0.0	0.72	-2.18392205595
0.0	0.73	-2.11815942329
0.0	0.74	-2.05225930789
0.0	0.75	-1.98624592891
0.0	0.76	-1.92014339704
0.0	0.77	-1.85397570238
0.0	0.78	-1.78776670257
0.0	0.79	-1.72154011096
0.0	0.8	-1.65531948507
0.0	0.81	-1.58912821512
0.0	0.82	-1.52298951282
0.0	0.83	-1.4569264003
0.0	0.84	-1.3909616993
0.0	0.85	-1.32511802047
0.0	0.86	-1.25941775296
0.0	0.87	-1.1938830542
0.0	0.88	-1.12853583986
0.0	0.89	-1.06339777412
0.0	0.9	-0.998490260087
0.0	0.91	-0.933834430485
0.0	0.92	-0.869451138598
0.0	0.93	-0.805360949435
0.0	0.94	-0.741584131152
0.0	0.95	-0.678140646733
0.0	0.96	-0.61505014592
0.0	0.97	-0.552331957407
0.0	0.98	-0.490005081304
0.0	0.99	-0.428088181855
0.0	1.0	-0.366599580443
0.0	1.01	-0.305557248852
0.0	1.02	-0.244978802815
0.0	1.03	-0.184881495836
0.0	1.04	-0.125282213286
0.0	1.05	-0.0661974667918
0.0	1.06	-0.00764338889457
0.0	1.07	0.0503642720003
0.0	1.08	0.107810156392
0.0	1.09	0.164679298166
0.0	1.1	0.220957128792
0.0	1.11	0.276629481235
0.0	1.12	0.331682593582
0.0	1.13	0.386103112378
0.0	1.14	0.439878095683
0.0	1.15	0.49299501584
0.0	1.16	0.545441761963
0.0	1.17	0.597206642137
0.0	1.18	0.648278385341
0.0	1.19	0.698646143091
0.0	1.2	0.748299490801
0.0	1.21	0.797228428872
0.0	1.22	0.845423383506
0.0	1.23	0.892875207244
0.0	1.24	0.939575179242
0.0	1.25	0.985515005274
0.0	1.26	1.03068681748
0.0	1.27	1.07508317382
0.0	1.28	1.11869705736
0.0	1.29	1.16152187515
0.0	1.3	1.20355145705
0.0	1.31	1.2447800541
0.0	1.32	1.28520233681
0.0	1.33	1.32481339315
0.0	1.34	1.36360872629
0.0	1.35	1.40158425211
0.0	1.36	1.43873629655
0.0	1.37	1.47506159261
0.0	1.38	1.51055727732
0.0	1.39	1.54522088827
0.0	1.4	1.57905036016
0.0	1.41	1.61204402096
0.0	1.42	1.644200588
0.0	1.43	1.67551916381
0.0	1.44	1.70599923178
0.0	1.45	1.73564065168
0.0	1.46	1.76444365489
0.0	1.47	1.79240883964
0.0	1.48	1.81953716592
0.0	1.49	1.84582995031
0.0	1.5	1.87128886065
0.0	1.51	1.89591591057
0.0	1.52	1.91971345385
0.0	1.53	1.94268417865
0.0	1.54	1.96483110163
0.0	1.55	1.98615756197
0.0	1.56	2.00666721517
0.0	1.57	2.02636402687
0.0	1.58	2.04525226646
0.0	1.59	2.06333650067
0.0	1.6	2.08062158697
0.0	1.61	2.097112667
0.0	1.62	2.11281515979
0.0	1.63	2.12773475505
0.0	1.64	2.14187740623
0.0	1.65	2.15524932363
0.0	1.66	2.16785696743
0.0	1.67	2.17970704063
0.0	1.68	2.19080648195
0.0	1.69	2.20116245873
0.0	1.7	2.21078235977
0.0	1.71	2.2196737881
0.0	1.72	2.22784455381
0.0	1.73	2.23530266675
0.0	1.74	2.24205632935
0.0	1.75	2.24811392929
0.0	1.76	2.25348403228
0.0	1.77	2.25817537478
0.0	1.78	2.26219685674
0.0	1.79	2.26555753436
0.0	1.8	2.26826661286
0.0	1.81	2.27033343926
0.0	1.82	2.27176749525
0.0	1.83	2.27257838995
0.0	1.84	2.2727758529
0.0	1.85	2.27236972688
0.0	1.86	2.27136996096
0.0	1.87	2.26978660349
0.0	1.88	2.26762979516
0.0	1.89	2.26490976214
0.0	1.9	2.26163680926
0.0	1.91	2.25782131326
0.0	1.92	2.25347371613
0.0	1.93	2.24860451846
0.0	1.94	2.24322427296
0.0	1.95	2.23734357794
0.0	1.96	2.230973071
0.0	1.97	2.22412342271
0.0	1.98	2.2168053304
0.0	1.99	2.20902951205
0.0	2.0	2.20080670031
0.0	2.01	2.19214763651
0.0	2.02	2.18306306491
0.0	2.03	2.17356372692
0.0	2.04	2.16366035551
0.0	2.05	2.15336366967
0.0	2.06	2.14268436905
0.0	2.07	2.1316331286
0.0	2.08	2.12022059342
0.0	2.09	2.10845737367
0.0	2.1	2.09635403962
0.0	2.11	2.0839211168
0.0	2.12	2.07116908125
0.0	2.13	2.05810835494
0.0	2.14	2.04474930125
0.0	2.15	2.03110222061
0.0	2.16	2.01717734625
0.0	2.17	2.00298484006
0.0	2.18	1.98853478857
0.0	2.19	1.97383719911
0.0	2.2	1.95890199598
0.0	2.21	1.94373901686
0.0	2.22	1.92835800926
0.0	2.23	1.91276862718
0.0	2.24	1.89698042775
0.0	2.25	1.88100286816
0.0	2.26	1.86484530262
0.0	2.27	1.84851697944
0.0	2.28	1.83202703825
0.0	2.29	1.81538450738
0.0	2.3	1.79859830128
0.0	2.31	1.78167721813
0.0	2.32	1.76462993757
0.0	2.33	1.74746501845
0.0	2.34	1.73019089687
0.0	2.35	1.71281588416
0.0	2.36	1.69534816512
0.0	2.37	1.67779579627
0.0	2.38	1.66016670425
0.0	2.39	1.64246868441
0.0	2.4	1.62470939936
0.0	2.41	1.60689637775
0.0	2.42	1.58903701313
0.0	2.43	1.57113856287
0.0	2.44	1.55320814727
0.0	2.45	1.5352527487
0.0	2.46	1.51727921086
0.0	2.47	1.49929423819
0.0	2.48	1.48130439531
0.0	2.49	1.46331610659
0.0	2.5	1.44533565582
0.0	2.51	1.42736918597
0.0	2.52	1.40942269904
0.0	2.53	1.39150205597
0.0	2.54	1.37361297672
0.0	2.55	1.35576104033
0.0	2.56	1.33795168517
0.0	2.57	1.32019020915
0.0	2.58	1.30248177016
0.0	2.59	1.28483138643
0.0	2.6	1.2672439371
0.0	2.61	1.24972416279
0.0	2.62	1.23227666623
0.0	2.63	1.21490591305
0.0	2.64	1.1976162325
0.0	2.65	1.18041181837
0.0	2.66	1.1632967299
0.0	2.67	1.14627489275
0.0	2.68	1.12935010006
0.0	2.69	1.11252601355
0.0	2.7	1.09580616465
0.0	2.71	1.07919395578
0.0	2.72	1.06269266153
0.0	2.73	1.04630543
0.0	2.74	1.03003528419
0.0	2.75	1.01388512333
0.0	2.76	0.9978577244
0.0	2.77	0.981955743543
0.0	2.78	0.966181717634
0.0	2.79	0.950538065814
0.0	2.8	0.935027091093
0.0	2.81	0.919650981968
0.0	2.82	0.904411814083
0.0	2.83	0.889311551907
0.0	2.84	0.87435205045
0.0	2.85	0.859535056998
0.0	2.86	0.844862212866
0.0	2.87	0.830335055182
0.0	2.88	0.815955018688
0.0	2.89	0.80172343755
0.0	2.9	0.787641547199
0.0	2.91	0.773710486171
0.0	2.92	0.759931297971
0.0	2.93	0.746304932944
0.0	2.94	0.732832250151
0.0	2.95	0.719514019263
0.0	2.96	0.70635092245
0.0	2.97	0.693343556286
0.0	2.98	0.680492433645
0.0	2.99	0.667797985613
0.0	3.0	0.655260563387
0.0	3.01	0.642880440183
0.0	3.02	0.630657813139
0.0	3.03	0.618592805211
0.0	3.04	0.606685467073
0.0	3.05	0.594935778997
0.0	3.06	0.583343652745
0.0	3.07	0.571908933434
0.0	3.08	0.560631401408
0.0	3.09	0.549510774086
0.0	3.1	0.538546707808
0.0	3.11	0.527738799665
0.0	3.12	0.517086589318
0.0	3.13	0.506589560798
0.0	3.14	0.496247144297
0.0	3.15	0.486058717941
0.0	3.16	0.476023609544
0.0	3.17	0.466141098345
0.0	3.18	0.456410416732
0.0	3.19	0.446830751942
0.0	3.2	0.437401247742
0.0	3.21	0.428121006088
0.0	3.22	0.418989088772
0.0	3.23	0.410004519037
0.0	3.24	0.401166283175
0.0	3.25	0.392473332104
0.0	3.26	0.383924582917
0.0	3.27	0.375518920416
0.0	3.28	0.367255198613
0.0	3.29	0.359132242212
0.0	3.3	0.351148848069
0.0	3.31	0.343303786619
0.0	3.32	0.335595803288
0.0	3.33	0.32802361987
0.0	3.34	0.320585935888
0.0	3.35	0.31328142992
0.0	3.36	0.306108760907
0.0	3.37	0.299066569428
0.0	3.38	0.292153478957
0.0	3.39	0.285368097083
0.0	3.4	0.278709016714
0.0	3.41	0.272174817248
0.0	3.42	0.26576406572
0.0	3.43	0.25947531792
0.0	3.44	0.253307119492
0.0	3.45	0.247258006993
0.0	3.46	0.241326508941
0.0	3.47	0.235511146823
0.0	3.48	0.229810436089
0.0	3.49	0.224222887108
0.0	3.5	0.218747006106
0.0	3.51	0.213381296076
0.0	3.52	0.208124257662
0.0	3.53	0.202974390016
0.0	3.54	0.197930191633
0.0	3.55	0.192990161156
0.0	3.56	0.188152798161
0.0	3.57	0.183416603912
0.0	3.58	0.178780082099
0.0	3.59	0.174241739541
0.0	3.6	0.169800086877
0.0	3.61	0.165453639224
0.0	3.62	0.161200916812
0.0	3.63	0.157040445606
0.0	3.64	0.15297075789
0.0	3.65	0.148990392842
0.0	3.66	0.145097897075
0.0	3.67	0.14129182517
0.0	3.68	0.137570740169
0.0	3.69	0.133933214067
0.0	3.7	0.130377828265
0.0	3.71	0.126903174016
0.0	3.72	0.123507852844
0.0	3.73	0.120190476941
0.0	3.74	0.116949669554
0.0	3.75	0.113784065342
0.0	3.76	0.110692310719
0.0	3.77	0.107673064185
0.0	3.78	0.104724996622
0.0	3.79	0.101846791594
0.0	3.8	0.0990371456108
0.0	3.81	0.0962947683867
0.0	3.82	0.093618383078
0.0	3.83	0.0910067265049
0.0	3.84	0.0884585493587
0.0	3.85	0.0859726163924
0.0	3.86	0.083547706597
0.0	3.87	0.0811826133631
0.0	3.88	0.0788761446283
0.0	3.89	0.0766271230107
0.0	3.9	0.0744343859287
0.0	3.91	0.0722967857083
0.0	3.92	0.0702131896767
0.0	3.93	0.0681824802448
0.0	3.94	0.0662035549764
0.0	3.95	0.0642753266468
0.0	3.96	0.0623967232894
0.0	3.97	0.0605666882318
0.0	3.98	0.0587841801211
0.0	3.99	0.0570481729392
0.0	4.0	0.0553576560076
0.0	4.01	0.0537116339838
0.0	4.02	0.0521091268473
0.0	4.03	0.0505491698774
0.0	4.04	0.0490308136219
0.0	4.05	0.0475531238587
0.0	4.06	0.0461151815479
0.0	4.07	0.0447160827774
0.0	4.08	0.0433549387011
0.0	4.09	0.0420308754696
0.0	4.1	0.0407430341543
0.0	4.11	0.0394905706661
0.0	4.12	0.0382726556661
0.0	4.13	0.0370884744723
0.0	4.14	0.0359372269595
0.0	4.15	0.0348181274544
0.0	4.16	0.0337304046259
0.0	4.17	0.0326733013696
0.0	4.18	0.0316460746894
0.0	4.19	0.0306479955731
0.0	4.2	0.0296783488652
0.0	4.21	0.0287364331354
0.0	4.22	0.0278215605434
0.0	4.23	0.0269330567008
0.0	4.24	0.0260702605293
0.0	4.25	0.0252325241166
0.0	4.26	0.0244192125691
0.0	4.27	0.0236297038624
0.0	4.28	0.0228633886892
0.0	4.29	0.0221196703053
0.0	4.3	0.021397964374
0.0	4.31	0.0206976988076
0.0	4.32	0.0200183136089
0.0	4.33	0.0193592607102
0.0	4.34	0.018720003811
0.0	4.35	0.0181000182154
0.0	4.36	0.0174987906683
0.0	4.37	0.0169158191902
0.0	4.38	0.0163506129119
0.0	4.39	0.015802691909
0.0	4.4	0.0152715870355
0.0	4.41	0.0147568397573
0.0	4.42	0.0142580019856
0.0	4.43	0.0137746359105
0.0	4.44	0.0133063138345
0.0	4.45	0.0128526180066
0.0	4.46	0.0124131404559
0.0	4.47	0.0119874828269
0.0	4.48	0.0115752562143
0.0	4.49	0.0111760809989
0.0	4.5	0.0107895866839
0.0	4.51	0.010415411733
0.0	4.52	0.0100532034078
0.0	4.53	0.00970261760746
0.0	4.54	0.00936331870913
0.0	4.55	0.00903497940901
0.0	4.56	0.00871728056514
0.0	4.57	0.00840991104118
0.0	4.58	0.00811256755158
0.0	4.59	0.00782495450806
0.0	4.6	0.00754678386756
0.0	4.61	0.00727777498157
0.0	4.62	0.00701765444711
0.0	4.63	0.00676615595911
0.0	4.64	0.00652302016447
0.0	4.65	0.00628799451779
0.0	4.66	0.00606083313864
0.0	4.67	0.00584129667068
0.0	4.68	0.00562915214236
0.0	4.69	0.00542417282954
0.0	4.7	0.0052261381197
0.0	4.71	0.00503483337815
0.0	4.72	0.00485004981588
0.0	4.73	0.00467158435939
0.0	4.74	0.00449923952229
0.0	4.75	0.00433282327883
0.0	4.76	0.00417214893922
0.0	4.77	0.00401703502694
0.0	4.78	0.00386730515789
0.0	4.79	0.00372278792142
0.0	4.8	0.00358331676335
0.0	4.81	0.00344872987081
0.0	4.82	0.00331887005901
0.0	4.83	0.00319358465996
0.0	4.84	0.00307272541308
0.0	4.85	0.00295614835762
0.0	4.86	0.00284371372716
0.0	4.87	0.00273528584582
0.0	4.88	0.00263073302643
0.0	4.89	0.00252992747062
0.0	4.9	0.00243274517069
0.0	4.91	0.00233906581337
0.0	4.92	0.00224877268543
0.0	4.93	0.00216175258112
0.0	4.94	0.00207789571141
0.0	4.95	0.00199709561503
0.0	4.96	0.00191924907129
0.0	4.97	0.00184425601475
0.0	4.98	0.00177201945149
0.0	4.99	0.00170244537727
0.0	5.0	0.00163544269729
0.0	5.01	0.00157092314776
0.0	5.02	0.00150880121902
0.0	5.03	0.00144899408045
0.0	5.04	0.00139142150695
0.0	5.05	0.001336005807
0.0	5.06	0.00128267175247
0.0	5.07	0.00123134650983
0.0	5.08	0.00118195957302
0.0	5.09	0.00113444269785
0.0	5.1	0.00108872983789
0.0	5.11	0.00104475708186
0.0	5.12	0.00100246259246
0.0	5.13	0.000961786546729
0.0	5.14	0.000922671077722
0.0	5.15	0.000885060217669
0.0	5.16	0.000848899842471
0.0	5.17	0.000814137617565
0.0	5.18	0.00078072294512
0.0	5.19	0.000748606912542
0.0	5.2	0.000717742242264
0.0	5.21	0.000688083242803
0.0	5.22	0.000659585761053
0.0	5.23	0.000632207135801
0.0	5.24	0.000605906152436
0.0	5.25	0.000580642998829
0.0	5.26	0.000556379222364
0.0	5.27	0.000533077688099
0.0	5.28	0.000510702538029
0.0	5.29	0.000489219151435
0.0	5.3	0.000468594106292
0.0	5.31	0.000448795141715
0.0	5.32	0.000429791121431
0.0	5.33	0.000411551998237
0.0	5.34	0.000394048779439
0.0	5.35	0.000377253493248
0.0	5.36	0.0003611391561
0.0	5.37	0.0003456797409
0.0	5.38	0.000330850146153
0.0	5.39	0.000316626165966
0.0	5.4	0.00030298446091
0.0	5.41	0.000289902529706
0.0	5.42	0.000277358681735
0.0	5.43	0.000265332010335
0.0	5.44	0.000253802366877
0.0	5.45	0.000242750335605
0.0	5.46	0.000232157209204
0.0	5.47	0.000222004965099
0.0	5.48	0.000212276242455
0.0	5.49	0.000202954319866
0.0	5.5	0.000194023093707
0.0	5.51	0.000185467057151
0.0	5.52	0.00017727127981
0.0	5.53	0.000169421388003
0.0	5.54	0.00016190354563
0.0	5.55	0.000154704435628
0.0	5.56	0.000147811242009
0.0	5.57	0.000141211632449
0.0	5.58	0.000134893741422
0.0	5.59	0.000128846153871
0.0	5.6	0.00012305788938
0.0	5.61	0.000117518386863
0.0	5.62	0.000112217489725
0.0	5.63	0.000107145431508
0.0	5.64	0.000102292821997
0.0	5.65	9.76506337654e-05
0.0	5.66	9.32101891683e-05
0.0	5.67	8.8963147751e-05
0.0	5.68	8.49014940716e-05
0.0	5.69	8.10175259238e-05
0.0	5.7	7.73038429474e-05
0.0	5.71	7.37533356159e-05
0.0	5.72	7.0359174591e-05
0.0	5.73	6.71148004316e-05
0.0	5.74	6.4013913649e-05
0.0	5.75	6.10504650962e-05
0.0	5.76	5.82186466824e-05
0.0	5.77	5.5512882403e-05
0.0	5.78	5.29278196752e-05
0.0	5.79	5.04583209701e-05
0.0	5.8	4.80994557326e-05
0.0	5.81	4.584649258e-05
0.0	5.82	4.36948917707e-05
0.0	5.83	4.16402979347e-05
0.0	5.84	3.96785330586e-05
0.0	5.85	3.78055897156e-05
0.0	5.86	3.6017624534e-05
0.0	5.87	3.43109518962e-05
0.0	5.88	3.26820378618e-05
0.0	5.89	3.11274943055e-05
0.0	5.9	2.9644073266e-05
0.0	5.91	2.82286614961e-05
0.0	5.92	2.68782752096e-05
0.0	5.93	2.55900550178e-05
0.0	5.94	2.43612610495e-05
0.0	5.95	2.31892682481e-05
0.0	5.96	2.20715618414e-05
0.0	5.97	2.10057329757e-05
0.0	5.98	1.99894745125e-05
0.0	5.99	1.9020576978e-05
0.0	6.0	1.80969246648e-05

0.1	0.0	-4.90472387184
0.1	0.01	-4.90406409709
0.1	0.02	-4.90208506628
0.1	0.03	-4.89878765956
0.1	0.04	-4.89417334323
0.1	0.05	-4.88824416884
0.1	0.06	-4.88100277191
0.1	0.07	-4.87245237027
0.1	0.08	-4.8625967621
0.1	0.09	-4.85144032355
0.1	0.1	-4.83898800603
0.1	0.11	-4.82524533312
0.1	0.12	-4.81021839716
0.1	0.13	-4.79391385547
0.1	0.14	-4.77633892622
0.1	0.15	-4.75750138397
0.1	0.16	-4.73740955487
0.1	0.17	-4.71607231146
0.1	0.18	-4.69349906729
0.1	0.19	-4.66969977101
0.1	0.2	-4.6446849003
0.1	0.21	-4.61846545541
0.1	0.22	-4.59105295239
0.1	0.23	-4.562459416
0.1	0.24	-4.53269737236
0.1	0.25	-4.5017798413
0.1	0.26	-4.46972032832
0.1	0.27	-4.43653281642
0.1	0.28	-4.40223175753
0.1	0.29	-4.36683206373
0.1	0.3	-4.33034909817
0.1	0.31	-4.29279866577
0.1	0.32	-4.25419700362
0.1	0.33	-4.21456077122
0.1	0.34	-4.17390704034
0.1	0.35	-4.13225328486
0.1	0.36	-4.08961737015
0.1	0.37	-4.04601754247
0.1	0.38	-4.00147241797
0.1	0.39	-3.95600097164
0.1	0.4	-3.90962252602
0.1	0.41	-3.86235673966
0.1	0.42	-3.81422359558
0.1	0.43	-3.76524338939
0.1	0.44	-3.71543671737
0.1	0.45	-3.66482446438
0.1	0.46	-3.61342779163
0.1	0.47	-3.5612681243
0.1	0.48	-3.50836713915
0.1	0.49	-3.45474675186
0.1	0.5	-3.40042910442
0.1	0.51	-3.34543655235
0.1	0.52	-3.2897916519
0.1	0.53	-3.23351714712
0.1	0.54	-3.17663595692
0.1	0.55	-3.11917116205
0.1	0.56	-3.06114599208
0.1	0.57	-3.00258381229
0.1	0.58	-2.94350811063
0.1	0.59	-2.88394248454
0.1	0.6	-2.82391062791
0.1	0.61	-2.76343631793
0.1	0.62	-2.70254340202
0.1	0.63	-2.64125578481
0.1	0.64	-2.57959741504
0.1	0.65	-2.51759227264
0.1	0.66	-2.45526435581
0.1	0.67	-2.39263766809
0.1	0.68	-2.32973620564
0.1	0.69	-2.26658394448
0.1	0.7	-2.20320482788
0.1	0.71	-2.13962275381
0.1	0.72	-2.07586156256
0.1	0.73	-2.01194502436
0.1	0.74	-1.94789682726
0.1	0.75	-1.88374056499
0.1	0.76	-1.81949972511
0.1	0.77	-1.75519767715
0.1	0.78	-1.69085766104
0.1	0.79	-1.6265027756
0.1	0.8	-1.56215596724
0.1	0.81	-1.49784001882
0.1	0.82	-1.4335775387
0.1	0.83	-1.36939094998
0.1	0.84	-1.30530247988
0.1	0.85	-1.24133414939
0.1	0.86	-1.17750776311
0.1	0.87	-1.11384489923
0.1	0.88	-1.05036689981
0.1	0.89	-0.987094861255
0.1	0.9	-0.924049624976
0.1	0.91	-0.861251768345
0.1	0.92	-0.798721595834
0.1	0.93	-0.736479130419
0.1	0.94	-0.674544105221
0.1	0.95	-0.61293595539
0.1	0.96	-0.551673810251
0.1	0.97	-0.49077648569
0.1	0.98	-0.430262476814
0.1	0.99	-0.370149950858
0.1	1.0	-0.310456740364
0.1	1.01	-0.251200336625
0.1	1.02	-0.192397883395
0.1	1.03	-0.134066170869
0.1	1.04	-0.0762216299424
0.1	1.05	-0.0188803267368
0.1	1.06	0.0379420425949
0.1	1.07	0.0942301567872
0.1	1.08	0.149969074104
0.1	1.09	0.205144236699
0.1	1.1	0.259741474704
0.1	1.11	0.31374701003
0.1	1.12	0.367147459896
0.1	1.13	0.419929840075
0.1	1.14	0.47208156786
0.1	1.15	0.523590464762
0.1	1.16	0.574444758917
0.1	1.17	0.624633087226
0.1	1.18	0.674144497223
0.1	1.19	0.722968448658
0.1	1.2	0.771094814823
0.1	1.21	0.818513883596
0.1	1.22	0.865216358226
0.1	1.23	0.911193357851
0.1	1.24	0.95643641775
0.1	1.25	1.00093748933
0.1	1.26	1.04468893989
0.1	1.27	1.08768355206
0.1	1.28	1.12991452307
0.1	1.29	1.17137546371
0.1	1.3	1.21206039709
0.1	1.31	1.25196375712
0.1	1.32	1.29108038678
0.1	1.33	1.32940553614
0.1	1.34	1.36693486017
0.1	1.35	1.40366441633
0.1	1.36	1.43959066188
0.1	1.37	1.47471045106
0.1	1.38	1.50902103199
0.1	1.39	1.54252004343
0.1	1.4	1.57520551123
0.1	1.41	1.60707584473
0.1	1.42	1.63812983285
0.1	1.43	1.66836664001
0.1	1.44	1.69778580197
0.1	1.45	1.72638722132
0.1	1.46	1.75417116295
0.1	1.47	1.78113824931
0.1	1.48	1.80728945545
0.1	1.49	1.832626104
0.1	1.5	1.85714985993
0.1	1.51	1.88086272519
0.1	1.52	1.90376703323
0.1	1.53	1.92586544337
0.1	1.54	1.947160935
0.1	1.55	1.9676568018
0.1	1.56	1.98735664564
0.1	1.57	2.00626437055
0.1	1.58	2.02438417651
0.1	1.59	2.04172055313
0.1	1.6	2.05827827331
0.1	1.61	2.07406238655
0.1	1.62	2.0890782128
0.1	1.63	2.10333133545
0.1	1.64	2.11682759479
0.1	1.65	2.12957308122
0.1	1.66	2.14157412843
0.1	1.67	2.15283730655
0.1	1.68	2.16336941519
0.1	1.69	2.17317747649
0.1	1.7	2.18226872817
0.1	1.71	2.19065061644
0.1	1.72	2.198330789
0.1	1.73	2.20531708792
0.1	1.74	2.21161754265
0.1	1.75	2.21724036283
0.1	1.76	2.22219393126
0.1	1.77	2.22648679678
0.1	1.78	2.2301276672
0.1	1.79	2.23312540225
0.1	1.8	2.23548900647
0.1	1.81	2.2372276222
0.1	1.82	2.2383505226
0.1	1.83	2.23886710463
0.1	1.84	2.23878688213
0.1	1.85	2.23811947891
0.1	1.86	2.23687462188
0.1	1.87	2.23506213424
0.1	1.88	2.23269192873
0.1	1.89	2.22977400092
0.1	1.9	2.22631842254
0.1	1.91	2.22233533492
0.1	1.92	2.21783494246
0.1	1.93	2.2128275062
0.1	1.94	2.2073233374
0.1	1.95	2.20133279129
0.1	1.96	2.19486626086
0.1	1.97	2.18793417065
0.1	1.98	2.18054697078
0.1	1.99	2.17271513095
0.1	2.0	2.16444913457
0.1	2.01	2.15575947302
0.1	2.02	2.1466566399
0.1	2.03	2.13715112552
0.1	2.04	2.12725341137
0.1	2.05	2.11697396479
0.1	2.06	2.10632323362
0.1	2.07	2.09531164112
0.1	2.08	2.08394958086
0.1	2.09	2.07224741176
0.1	2.1	2.0602154533
0.1	2.11	2.04786398077
0.1	2.12	2.03520322064
0.1	2.13	2.0222433461
0.1	2.14	2.00899447265
0.1	2.15	1.99546665386
0.1	2.16	1.98166987721
0.1	2.17	1.96761406007
0.1	2.18	1.9533090458
0.1	2.19	1.93876459996
0.1	2.2	1.92399040662
0.1	2.21	1.90899606485
0.1	2.22	1.89379108527
0.1	2.23	1.87838488675
0.1	2.24	1.86278679323
0.1	2.25	1.84700603066
0.1	2.26	1.83105172403
0.1	2.27	1.81493289457
0.1	2.28	1.79865845706
0.1	2.29	1.78223721719
0.1	2.3	1.76567786915
0.1	2.31	1.74898899326
0.1	2.32	1.73217905374
0.1	2.33	1.71525639659
0.1	2.34	1.69822924758
0.1	2.35	1.6811057104
0.1	2.36	1.66389376487
0.1	2.37	1.64660126526
0.1	2.38	1.6292359388
0.1	2.39	1.61180538416
0.1	2.4	1.59431707022
0.1	2.41	1.57677833477
0.1	2.42	1.55919638342
0.1	2.43	1.54157828862
0.1	2.44	1.52393098872
0.1	2.45	1.50626128716
0.1	2.46	1.48857585182
0.1	2.47	1.47088121434
0.1	2.48	1.45318376966
0.1	2.49	1.43548977559
0.1	2.5	1.41780535251
0.1	2.51	1.4001364831
0.1	2.52	1.38248901223
0.1	2.53	1.36486864691
0.1	2.54	1.34728095631
0.1	2.55	1.32973137187
0.1	2.56	1.31222518754
0.1	2.57	1.29476756002
0.1	2.58	1.27736350912
0.1	2.59	1.26001791822
0.1	2.6	1.24273553477
0.1	2.61	1.22552097084
0.1	2.62	1.20837870381
0.1	2.63	1.19131307707
0.1	2.64	1.17432830081
0.1	2.65	1.15742845285
0.1	2.66	1.14061747958
0.1	2.67	1.1238991969
0.1	2.68	1.10727729126
0.1	2.69	1.09075532076
0.1	2.7	1.07433671624
0.1	2.71	1.05802478251
0.1	2.72	1.04182269956
0.1	2.73	1.02573352388
0.1	2.74	1.00976018973
0.1	2.75	0.99390551059
0.1	2.76	0.97817218049
0.1	2.77	0.96256277553
0.1	2.78	0.947079755338
0.1	2.79	0.931725464607
0.1	2.8	0.916502134649
0.1	2.81	0.901411884992
0.1	2.82	0.886456724997
0.1	2.83	0.871638555509
0.1	2.84	0.856959170531
0.1	2.85	0.842420258923
0.1	2.86	0.828023406124
0.1	2.87	0.813770095894
0.1	2.88	0.799661712076
0.1	2.89	0.785699540372
0.1	2.9	0.771884770137
0.1	2.91	0.758218496191
0.1	2.92	0.744701720631
0.1	2.93	0.73133535467
0.1	2.94	0.71812022047
0.1	2.95	0.705057052991
0.1	2.96	0.692146501849
0.1	2.97	0.679389133165
0.1	2.98	0.666785431435
0.1	2.99	0.654335801387
0.1	3.0	0.642040569846
0.1	3.01	0.629899987599
0.1	3.02	0.617914231253
0.1	3.03	0.606083405091
0.1	3.04	0.594407542928
0.1	3.05	0.582886609957
0.1	3.06	0.571520504584
0.1	3.07	0.560309060268
0.1	3.08	0.549252047336
0.1	3.09	0.538349174802
0.1	3.1	0.527600092163
0.1	3.11	0.517004391192
0.1	3.12	0.506561607716
0.1	3.13	0.496271223371
0.1	3.14	0.486132667361
0.1	3.15	0.476145318178
0.1	3.16	0.466308505329
0.1	3.17	0.456621511028
0.1	3.18	0.447083571878
0.1	3.19	0.437693880534
0.1	3.2	0.428451587349
0.1	3.21	0.419355801992
0.1	3.22	0.410405595055
0.1	3.23	0.401599999634
0.1	3.24	0.39293801289
0.1	3.25	0.384418597589
0.1	3.26	0.376040683613
0.1	3.27	0.367803169462
0.1	3.28	0.359704923718
0.1	3.29	0.351744786492
0.1	3.3	0.343921570851
0.1	3.31	0.336234064214
0.1	3.32	0.328681029725
0.1	3.33	0.321261207603
0.1	3.34	0.313973316468
0.1	3.35	0.306816054639
0.1	3.36	0.299788101406
0.1	3.37	0.292888118282
0.1	3.38	0.286114750221
0.1	3.39	0.279466626818
0.1	3.4	0.27294236348
0.1	3.41	0.266540562567
0.1	3.42	0.260259814517
0.1	3.43	0.254098698935
0.1	3.44	0.248055785662
0.1	3.45	0.242129635814
0.1	3.46	0.2363188028
0.1	3.47	0.230621833312
0.1	3.48	0.225037268286
0.1	3.49	0.219563643843
0.1	3.5	0.214199492199
0.1	3.51	0.208943342557
0.1	3.52	0.203793721963
0.1	3.53	0.198749156151
0.1	3.54	0.193808170347
0.1	3.55	0.188969290063
0.1	3.56	0.184231041858
0.1	3.57	0.179591954076
0.1	3.58	0.175050557562
0.1	3.59	0.170605386355
0.1	3.6	0.166254978353
0.1	3.61	0.161997875959
0.1	3.62	0.157832626701
0.1	3.63	0.153757783834
0.1	3.64	0.149771906913
0.1	3.65	0.145873562352
0.1	3.66	0.142061323951
0.1	3.67	0.138333773412
0.1	3.68	0.134689500826
0.1	3.69	0.131127105147
0.1	3.7	0.127645194634
0.1	3.71	0.124242387286
0.1	3.72	0.120917311249
0.1	3.73	0.117668605205
0.1	3.74	0.114494918742
0.1	3.75	0.111394912709
0.1	3.76	0.108367259546
0.1	3.77	0.105410643604
0.1	3.78	0.102523761438
0.1	3.79	0.0997053220917
0.1	3.8	0.0969540473595
0.1	3.81	0.0942686720351
0.1	3.82	0.0916479441421
0.1	3.83	0.0890906251501
0.1	3.84	0.086595490175
0.1	3.85	0.0841613281638
0.1	3.86	0.0817869420656
0.1	3.87	0.079471148988
0.1	3.88	0.0772127803395
0.1	3.89	0.0750106819582
0.1	3.9	0.0728637142281
0.1	3.91	0.0707707521818
0.1	3.92	0.0687306855911
0.1	3.93	0.0667424190456
0.1	3.94	0.0648048720195
0.1	3.95	0.0629169789269
0.1	3.96	0.0610776891664
0.1	3.97	0.0592859671546
0.1	3.98	0.0575407923499
0.1	3.99	0.0558411592656
0.1	4.0	0.054186077474
0.1	4.01	0.0525745716004
0.1	4.02	0.0510056813093
0.1	4.03	0.0494784612806
0.1	4.04	0.0479919811785
0.1	4.05	0.0465453256118
0.1	4.06	0.0451375940864
0.1	4.07	0.0437679009512
0.1	4.08	0.0424353753357
0.1	4.09	0.0411391610816
0.1	4.1	0.0398784166678
0.1	4.11	0.0386523151286
0.1	4.12	0.0374600439668
0.1	4.13	0.03630080506
0.1	4.14	0.0351738145628
0.1	4.15	0.0340783028026
0.1	4.16	0.0330135141711
0.1	4.17	0.0319787070113
0.1	4.18	0.0309731534995
0.1	4.19	0.0299961395237
0.1	4.2	0.029046964558
0.1	4.21	0.0281249415327
0.1	4.22	0.0272293967019
0.1	4.23	0.0263596695069
0.1	4.24	0.0255151124372
0.1	4.25	0.0246950908883
0.1	4.26	0.0238989830174
0.1	4.27	0.0231261795957
0.1	4.28	0.0223760838595
0.1	4.29	0.0216481113586
0.1	4.3	0.0209416898031
0.1	4.31	0.0202562589082
0.1	4.32	0.0195912702382
0.1	4.33	0.0189461870482
0.1	4.34	0.0183204841252
0.1	4.35	0.0177136476278
0.1	4.36	0.0171251749258
0.1	4.37	0.0165545744377
0.1	4.38	0.0160013654691
0.1	4.39	0.0154650780494
0.1	4.4	0.0149452527686
0.1	4.41	0.0144414406146
0.1	4.42	0.0139532028091
0.1	4.43	0.0134801106442
0.1	4.44	0.0130217453199
0.1	4.45	0.0125776977799
0.1	4.46	0.0121475685502
0.1	4.47	0.0117309675757
0.1	4.48	0.0113275140594
0.1	4.49	0.010936836301
0.1	4.5	0.0105585715365
0.1	4.51	0.0101923657791
0.1	4.52	0.00983787366021
0.1	4.53	0.00949475827189
0.1	4.54	0.00916269101042
0.1	4.55	0.00884135142064
0.1	4.56	0.00853042704168
0.1	4.57	0.00822961325381
0.1	4.58	0.00793861312669
0.1	4.59	0.00765713726886
0.1	4.6	0.00738490367866
0.1	4.61	0.00712163759662
0.1	4.62	0.00686707135929
0.1	4.63	0.00662094425465
0.1	4.64	0.00638300237902
0.1	4.65	0.00615299849564
0.1	4.66	0.00593069189489
0.1	4.67	0.00571584825609
0.1	4.68	0.00550823951114
0.1	4.69	0.00530764370976
0.1	4.7	0.00511384488652
0.1	4.71	0.0049266329297
0.1	4.72	0.00474580345183
0.1	4.73	0.00457115766212
0.1	4.74	0.00440250224069
0.1	4.75	0.00423964921461
0.1	4.76	0.00408241583579
0.1	4.77	0.00393062446079
0.1	4.78	0.00378410243235
0.1	4.79	0.00364268196295
0.1	4.8	0.00350620002012
0.1	4.81	0.00337449821364
0.1	4.82	0.0032474226847
0.1	4.83	0.00312482399681
0.1	4.84	0.00300655702865
0.1	4.85	0.00289248086877
0.1	4.86	0.00278245871215
0.1	4.87	0.00267635775861
0.1	4.88	0.00257404911309
0.1	4.89	0.00247540768768
0.1	4.9	0.00238031210565
0.1	4.91	0.0022886446071
0.1	4.92	0.00220029095655
0.1	4.93	0.00211514035228
0.1	4.94	0.00203308533742
0.1	4.95	0.00195402171291
0.1	4.96	0.00187784845205
0.1	4.97	0.00180446761691
0.1	4.98	0.00173378427644
0.1	4.99	0.00166570642623
0.1	5.0	0.00160014491
0.1	5.01	0.00153701334273
0.1	5.02	0.00147622803546
0.1	5.03	0.00141770792168
0.1	5.04	0.00136137448539
0.1	5.05	0.00130715169068
0.1	5.06	0.0012549659129
0.1	5.07	0.00120474587144
0.1	5.08	0.00115642256388
0.1	5.09	0.00110992920186
0.1	5.1	0.00106520114823
0.1	5.11	0.00102217585577
0.1	5.12	0.000980792807339
0.1	5.13	0.000940993457436
0.1	5.14	0.000902721175119
0.1	5.15	0.000865921188346
0.1	5.16	0.000830540529638
0.1	5.17	0.000796527983085
0.1	5.18	0.00076383403264
0.1	5.19	0.000732410811711
0.1	5.2	0.000702212054005
0.1	5.21	0.000673193045614
0.1	5.22	0.000645310578308
0.1	5.23	0.000618522904035
0.1	5.24	0.000592789690574
0.1	5.25	0.000568071978354
0.1	5.26	0.000544332138386
0.1	5.27	0.000521533831302
0.1	5.28	0.000499641967484
0.1	5.29	0.000478622668245
0.1	5.3	0.000458443228051
0.1	5.31	0.000439072077768
0.1	5.32	0.000420478748891
0.1	5.33	0.000402633838768
0.1	5.34	0.00038550897676
0.1	5.35	0.000369076791351
0.1	5.36	0.000353310878161
0.1	5.37	0.000338185768861
0.1	5.38	0.000323676900953
0.1	5.39	0.000309760588418
0.1	5.4	0.000296413993185
0.1	5.41	0.000283615097425
0.1	5.42	0.000271342676637
0.1	5.43	0.000259576273517
0.1	5.44	0.000248296172586
0.1	5.45	0.000237483375553
0.1	5.46	0.000227119577417
0.1	5.47	0.000217187143257
0.1	5.48	0.00020766908573
0.1	5.49	0.000198549043227
0.1	5.5	0.000189811258692
0.1	5.51	0.000181440559079
0.1	5.52	0.000173422335432
0.1	5.53	0.00016574252357
0.1	5.54	0.000158387585367
0.1	5.55	0.000151344490608
0.1	5.56	0.000144600699405
0.1	5.57	0.000138144145158
0.1	5.58	0.000131963218052
0.1	5.59	0.000126046749072
0.1	5.6	0.000120383994515
0.1	5.61	0.000114964621003
0.1	5.62	0.000109778690967
0.1	5.63	0.000104816648593
0.1	5.64	0.000100069306227
0.1	5.65	9.55278312086e-05
0.1	5.66	9.11837331429e-05
0.1	5.67	8.70288515753e-05
0.1	5.68	8.30553440773e-05
0.1	5.69	7.92556747196e-05
0.1	5.7	7.56226029271e-05
0.1	5.71	7.21491727019e-05
0.1	5.72	6.88287022053e-05
0.1	5.73	6.56547736879e-05
0.1	5.74	6.26212237569e-05
0.1	5.75	5.9722133972e-05
0.1	5.76	5.69518217586e-05
0.1	5.77	5.43048316299e-05
0.1	5.78	5.17759267082e-05
0.1	5