# 2013-11-20.10:17:49
# q = 0
# A= 12	 T1= 0	 T2= 0	 A1= 12	 A2= 12
# central = 1	 tensor = 1	 spinisospin = 0
# norm = 1.28634
# k 	 mf 	 corr 	 total
0	32.6799	0.713057
0.05	32.7545	0.721648
0.15	33.2601	0.786757
0.1	32.9628	0.746968
0.2	33.5779	0.837695
0.25	33.8325	0.895654
0.3	33.9348	0.955986
0.35	33.8008	1.01349
0.4	33.3611	1.06378
0.45	32.5686	1.10302
0.5	31.4024	1.12747
0.55	29.8699	1.13596
0.6	28.0048	1.1271
0.65	25.8633	1.10108
0.75	21.0478	1.00361
0.7	23.5174	1.05927
0.8	18.5375	0.936798
0.85	16.0645	0.861924
0.9	13.697	0.781941
0.95	11.49	0.69994
1	9.48332	0.618564
1.05	7.7012	0.540152
1.1	6.15374	0.46645
1.15	4.83872	0.39866
1.2	3.74423	0.337791
1.25	2.85147	0.284087
1.3	2.13739	0.237599
1.4	1.14542	0.165117
1.35	1.57702	0.197962
1.45	0.819023	0.137229
1.5	0.576587	0.114771
1.55	0.399669	0.0966115
1.6	0.272791	0.082112
1.65	0.183351	0.0706008
1.7	0.121363	0.0614942
1.75	0.0791157	0.0542993
1.8	0.0507969	0.0486228
1.85	0.0321241	0.0440887
1.9	0.020011	0.0404289
1.95	0.0122791	0.0374331
2	0.00742245	0.0349218
2.05	0.00442005	0.0327698
2.1	0.00259313	0.0308766
2.15	0.00149884	0.0291821
2.2	0.000853565	0.0276103
2.25	0.00047894	0.0261694
2.3	0.000264791	0.0247994
2.35	0.000144251	0.0234978
2.4	7.7435e-05	0.0222537
2.45	4.09612e-05	0.0210577
2.5	2.13519e-05	0.0199111
2.55	1.09683e-05	0.0188129
2.6	5.55251e-06	0.017767
2.65	2.77013e-06	0.0167518
2.7	1.36201e-06	0.0157918
2.75	6.59988e-07	0.0148767
2.8	3.15195e-07	0.0140124
2.85	1.4836e-07	0.0131925
2.9	6.88266e-08	0.012415
2.95	3.14707e-08	0.0116859
3	1.41831e-08	0.0109963
3.05	6.30032e-09	0.0103483
3.1	2.75857e-09	0.00973492
3.15	1.19053e-09	0.009157
3.2	5.06455e-10	0.00861982
3.25	2.12368e-10	0.00810916
3.3	8.77793e-11	0.00762743
3.35	3.57646e-11	0.00717304
3.4	1.43642e-11	0.00674187
3.45	5.6869e-12	0.00633526
3.5	2.21945e-12	0.00594929
3.55	8.53872e-13	0.0055855
3.6	3.23835e-13	0.00523579
3.65	1.21071e-13	0.00490573
3.7	4.46221e-14	0.00459173
3.75	1.62127e-14	0.00429303
3.8	5.80706e-15	0.00400897
3.85	2.05051e-15	0.00374042
3.9	7.13792e-16	0.00348346
3.95	2.44958e-16	0.00323957
4	8.2875e-17	0.0030092
4.05	2.76421e-17	0.00279062
4.1	9.08943e-18	0.00258419
4.15	2.94662e-18	0.00238938
4.2	9.41749e-19	0.00220582
4.25	2.96738e-19	0.00203342
4.3	9.21809e-20	0.00187085
4.35	2.82319e-20	0.00171898
4.4	8.52462e-21	0.00157687
4.45	2.53774e-21	0.00144407
4.5	7.4483e-22	0.00132273
4.55	2.15532e-22	0.00120668
4.6	6.14903e-23	0.00110089
4.65	1.72953e-23	0.00100256
4.7	4.79677e-24	0.000912443
4.75	1.31151e-24	0.000828846
4.8	3.53529e-25	0.000752331
4.85	9.39663e-26	0.00068226
4.9	2.46112e-26	0.000617805
4.95	6.36157e-27	0.000559374
5	1.61634e-27	0.00050563
5.05	4.07065e-28	0.000456879
5.1	1.01274e-28	0.000412384
5.15	2.50341e-29	0.000372496
5.2	5.61877e-30	0.00033591
5.25	1.35485e-30	0.000303116
5.3	4.11498e-31	0.000275485
5.35	1.08787e-31	0.000245753
5.4	1.76016e-32	0.000221653
5.45	1.92123e-32	0.000199052
5.5	7.92354e-33	0.000179037
5.55	6.25789e-33	0.000161114
5.6	3.99335e-33	0.000144821
5.65	3.8062e-33	0.000129975
5.7	2.05867e-34	0.000116758
5.75	1.13695e-33	0.000104901
5.8	1.52353e-34	9.40488e-05
5.85	1.54166e-33	8.42789e-05
5.9	1.23178e-33	7.58773e-05
5.95	6.92608e-34	6.84696e-05
6	2.36338e-33	6.064e-05
6.05	1.53465e-33	5.42057e-05
6.1	1.40481e-33	4.83126e-05
6.15	1.13695e-33	4.33823e-05
6.2	1.48084e-33	3.83622e-05
6.25	3.04239e-33	3.39582e-05
6.3	4.68465e-34	3.0437e-05
6.35	1.72883e-33	2.68393e-05
6.4	8.5505e-34	2.39012e-05
6.45	2.04931e-33	2.11468e-05
6.5	1.2738e-33	1.86615e-05
6.55	1.95574e-33	1.62263e-05
6.6	1.19309e-34	1.43405e-05
6.65	1.94696e-33	1.21238e-05
6.7	1.28667e-35	1.11313e-05
6.75	6.66729e-35	9.64516e-06
6.8	9.59153e-35	8.61327e-06
6.85	5.92014e-34	7.48433e-06
6.9	2.80728e-33	6.64016e-06
6.95	1.39955e-33	5.67225e-06
7	1.26678e-33	5.04673e-06
7.05	1.26222e-33	4.09096e-06
7.1	2.21658e-34	3.75366e-06
7.15	1.9417e-34	3.42015e-06
7.2	1.62252e-33	2.93796e-06
7.25	5.5783e-33	2.66139e-06
7.3	5.50896e-34	2.26746e-06
7.35	5.34425e-34	2.03688e-06
7.4	7.04744e-35	1.97017e-06
7.45	4.97122e-36	2.20926e-07
# mf integral is 9.32878
# cor integral is 0.84549
# tot integral is 10.1743
