# 2014-04-30.16:00:29
# qmax = 13
# nAlA = 00
# nBlB = 00
# A= 108	 T1= 0	 T2= 0	 A1= 108	 A2= 108
# central = 1	 tensor = 1	 spinisospin = 0
# norm = 1.51783
# k 	 mf 	 corr 	 total 	 cen 	 ten 	 siso 	 ce/te 	 ce/si 	 te/si 
0	23.0168	32.8987	55.9155	32.457	0.441466	0	0.000186699	0	0
0.1	22.8302	32.6116	55.4418	32.1619	0.449536	0	0.000181689	0	0
0.2	22.2645	31.7316	53.9961	31.2762	0.455273	0	0.000170707	0	0
0.3	21.3207	30.2907	51.6114	29.8176	0.472953	0	0.000147893	0	0
0.4	20.0083	28.3009	48.3092	27.7995	0.501298	0	0.000120673	0	0
0.5	18.3058	25.8053	44.1111	25.2688	0.536493	0	8.97341e-05	0	0
0.6	16.2303	22.8814	39.1118	22.3054	0.575995	0	4.93029e-05	0	0
0.7	13.8259	19.6572	33.4831	19.0331	0.624016	0	1.57804e-05	0	0
0.8	11.2069	16.2974	27.5042	15.6229	0.674518	0	-1.38902e-05	0	0
0.9	8.55246	12.9953	21.5478	12.2713	0.723992	0	-3.84669e-05	0	0
1	6.08192	9.94895	16.0309	9.1796	0.769405	0	-5.45573e-05	0	0
1.1	3.99144	7.3172	11.3086	6.50907	0.808196	0	-7.05961e-05	0	0
1.2	2.39728	5.19569	7.59297	4.35825	0.837521	0	-8.20262e-05	0	0
1.3	1.30861	3.60416	4.91277	2.74785	0.856383	0	-7.48485e-05	0	0
1.4	0.645512	2.4922	3.13771	1.63025	0.862014	0	-6.15648e-05	0	0
1.5	0.286655	1.76869	2.05535	0.91337	0.855377	0	-5.32398e-05	0	0
1.6	0.114237	1.32607	1.44031	0.490433	0.835679	0	-4.12062e-05	0	0
1.7	0.0407698	1.06818	1.10895	0.262232	0.80598	0	-2.89204e-05	0	0
1.8	0.013008	0.913033	0.926041	0.151413	0.761635	0	-1.50538e-05	0	0
1.9	0.00370983	0.815468	0.819177	0.104452	0.711026	0	-1.04431e-05	0	0
2	0.000947705	0.743626	0.744574	0.0896932	0.653933	0	2.31697e-07	0	0
2.1	0.000219012	0.681852	0.682071	0.0890171	0.592827	0	7.93822e-06	0	0
2.2	4.64802e-05	0.6239	0.623947	0.0937914	0.530085	0	2.321e-05	0	0
2.3	8.40728e-06	0.567015	0.567024	0.100015	0.466987	0	1.33948e-05	0	0
2.4	1.29781e-06	0.511879	0.51188	0.105793	0.406073	0	1.3249e-05	0	0
2.5	1.75969e-07	0.458944	0.458944	0.11035	0.348576	0	1.79457e-05	0	0
2.6	2.15768e-08	0.409197	0.409197	0.113409	0.295773	0	1.50692e-05	0	0
2.7	2.4544e-09	0.363589	0.363589	0.114827	0.248744	0	1.73474e-05	0	0
2.8	2.59977e-10	0.321487	0.321487	0.114605	0.206867	0	1.42635e-05	0	0
2.9	2.5106e-11	0.283481	0.283481	0.112794	0.170675	0	1.13301e-05	0	0
3	2.14762e-12	0.249303	0.249303	0.109542	0.139753	0	8.42868e-06	0	0
3.1	1.51881e-13	0.219104	0.219104	0.105028	0.11407	0	6.20572e-06	0	0
3.2	1.03628e-14	0.192502	0.192502	0.0994873	0.09301	0	4.41415e-06	0	0
3.3	7.60514e-16	0.168804	0.168804	0.0931263	0.075675	0	2.95641e-06	0	0
3.4	3.68786e-16	0.147722	0.147722	0.0861929	0.0615273	0	1.84963e-06	0	0
3.5	2.21723e-16	0.129097	0.129097	0.0789038	0.0501917	0	1.03833e-06	0	0
3.6	2.72124e-16	0.112449	0.112449	0.0714916	0.0409572	0	4.49482e-07	0	0
3.7	6.50735e-15	0.0974608	0.0974608	0.0641329	0.0333279	0	3.30479e-08	0	0
3.8	6.49612e-15	0.0843182	0.0843182	0.0569851	0.0273334	0	-2.63102e-07	0	0
3.9	3.91571e-15	0.0726288	0.0726288	0.0501743	0.022455	0	-4.75747e-07	0	0
4	3.04117e-12	0.0622682	0.0622682	0.0437953	0.0184735	0	-6.29912e-07	0	0
4.1	5.57138e-13	0.053113	0.053113	0.0379133	0.0152004	0	-7.41148e-07	0	0
4.2	6.97124e-13	0.0450634	0.0450634	0.0325684	0.0124958	0	-8.17893e-07	0	0
4.3	3.24945e-12	0.0380218	0.0380218	0.0277705	0.0102521	0	-8.64572e-07	0	0
4.4	9.04591e-07	0.0319036	0.0319045	0.0235179	0.00838665	0	-8.83705e-07	0	0
4.5	6.59205e-08	0.0266296	0.0266297	0.0197954	0.0068351	0	-8.77478e-07	0	0
4.6	2.17974e-14	0.0221062	0.0221062	0.0165603	0.00554669	0	-8.48643e-07	0	0
4.7	8.02654e-14	0.0182596	0.0182596	0.0137801	0.0044803	0	-8.00812e-07	0	0
4.8	4.76642e-12	0.0150123	0.0150123	0.0114112	0.00360185	0	-7.38342e-07	0	0
4.9	1.27568e-13	0.012288	0.012288	0.00940618	0.00288253	0	-6.65982e-07	0	0
# mf integral is 5.64893
# cor integral is 15.8507
# tot integral is 21.4996
