# 2014-05-01.10:10:17
# qmax = 13
# nAlA = 01
# nBlB = 01
# A= 108	 T1= 0	 T2= 0	 A1= 108	 A2= 108
# central = 1	 tensor = 1	 spinisospin = 0
# norm = 1.51783
# k 	 mf 	 corr 	 total 	 cen 	 ten 	 siso 	 ce/te 	 ce/si 	 te/si 
0	69.7093	19.9506	89.6599	19.8144	0.136185	0	1.44564e-05	0	0
0.1	68.7569	19.7281	88.485	19.5929	0.135215	0	1.06188e-05	0	0
0.2	65.9662	19.0872	85.0534	18.9545	0.132672	0	-3.90598e-07	0	0
0.3	61.5834	18.1153	79.6987	17.9861	0.129246	0	-1.68872e-05	0	0
0.4	56.0655	16.9166	72.9821	16.7904	0.126157	0	-3.97876e-05	0	0
0.5	49.973	15.5774	65.5504	15.4532	0.124246	0	-5.78757e-05	0	0
0.6	43.6794	14.1371	57.8165	14.0136	0.123593	0	-8.39605e-05	0	0
0.7	37.281	12.5951	49.8761	12.4708	0.124375	0	-0.000111702	0	0
0.8	30.7048	10.9379	41.6427	10.8122	0.125828	0	-0.000130999	0	0
0.9	23.9877	9.17514	33.1628	9.04859	0.126689	0	-0.000139489	0	0
1	17.4672	7.36903	24.8362	7.24282	0.126339	0	-0.00012738	0	0
1.1	11.6811	5.62355	17.3047	5.49972	0.123983	0	-0.000153467	0	0
1.2	7.09537	4.0571	11.1525	3.93814	0.119104	0	-0.000147516	0	0
1.3	3.88652	2.76104	6.64756	2.64797	0.113209	0	-0.000141311	0	0
1.4	1.91062	1.77349	3.68411	1.6683	0.105665	0	-0.000472958	0	0
1.5	0.840522	1.08282	1.92334	0.985721	0.0972135	0	-0.000113621	0	0
1.6	0.330339	0.637764	0.968103	0.549308	0.088552	0	-9.62455e-05	0	0
1.7	0.115938	0.372169	0.488108	0.292116	0.0801298	0	-7.70678e-05	0	0
1.8	0.0363119	0.223629	0.259941	0.151735	0.0719666	0	-7.21972e-05	0	0
1.9	0.0101628	0.144166	0.154329	0.0799192	0.0643043	0	-5.73153e-05	0	0
2	0.00252755	0.101787	0.104314	0.0447419	0.0570902	0	-4.54455e-05	0	0
2.1	0.000560041	0.0778881	0.0784481	0.0275574	0.0503641	0	-3.34478e-05	0	0
2.2	0.000112137	0.0626003	0.0627125	0.0184815	0.0441444	0	-2.54827e-05	0	0
2.3	2.08078e-05	0.0515265	0.0515473	0.0131693	0.0383744	0	-1.71197e-05	0	0
2.4	3.30248e-06	0.0426251	0.0426284	0.00960484	0.0330326	0	-1.22672e-05	0	0
2.5	4.52342e-07	0.0352009	0.0352013	0.0070655	0.0281417	0	-6.34657e-06	0	0
2.6	5.40919e-08	0.0289016	0.0289017	0.00526627	0.0236418	0	-6.42633e-06	0	0
2.7	5.78982e-09	0.0237115	0.0237115	0.00405042	0.0196659	0	-4.81766e-06	0	0
2.8	5.69854e-10	0.0194853	0.0194853	0.0033416	0.0161474	0	-3.73163e-06	0	0
2.9	5.21267e-11	0.0161219	0.0161219	0.003034	0.0130909	0	-2.98725e-06	0	0
3	4.36883e-12	0.0135152	0.0135152	0.00303239	0.0104852	0	-2.45095e-06	0	0
3.1	3.27545e-13	0.0115469	0.0115469	0.00324297	0.00830596	0	-2.03889e-06	0	0
3.2	2.21226e-14	0.0100976	0.0100976	0.00357979	0.00651948	0	-1.70438e-06	0	0
3.3	1.86262e-15	0.00904978	0.00904978	0.00396827	0.00508294	0	-1.42526e-06	0	0
3.4	1.03635e-15	0.00830356	0.00830356	0.00435635	0.00394841	0	-1.19328e-06	0	0
3.5	7.37664e-14	0.00774282	0.00774282	0.00467712	0.00306667	0	-9.78498e-07	0	0
3.6	1.82776e-14	0.00730225	0.00730225	0.00491314	0.00238997	0	-8.62105e-07	0	0
3.7	1.12035e-15	0.00691416	0.00691416	0.0050387	0.00187622	0	-7.57149e-07	0	0
3.8	4.4877e-16	0.00653745	0.00653745	0.00505097	0.00148717	0	-6.85056e-07	0	0
3.9	1.85454e-13	0.00615205	0.00615205	0.0049604	0.00119229	0	-6.37268e-07	0	0
4	7.71633e-13	0.00572512	0.00572512	0.00475867	0.000967048	0	-6.04808e-07	0	0
4.1	1.22209e-08	0.00529947	0.00529948	0.00450748	0.000792564	0	-5.79332e-07	0	0
4.2	1.2286e-11	0.00483867	0.00483867	0.00418425	0.000654979	0	-5.54182e-07	0	0
4.3	2.52553e-11	0.0043623	0.0043623	0.00381875	0.000544071	0	-5.24939e-07	0	0
4.4	8.08238e-12	0.00388821	0.00388821	0.00343576	0.000452938	0	-4.89483e-07	0	0
4.5	3.0703e-11	0.00342372	0.00342372	0.00304752	0.000376656	0	-4.47722e-07	0	0
4.6	5.4517e-12	0.00297333	0.00297333	0.00266165	0.00031208	0	-4.00913e-07	0	0
4.7	3.16799e-12	0.00256093	0.00256093	0.00230426	0.000257021	0	-3.51635e-07	0	0
4.8	3.7679e-14	0.00218348	0.00218348	0.00197372	0.000210055	0	-3.01404e-07	0	0
4.9	1.46943e-05	0.0018449	0.00185959	0.00167461	0.000170537	0	-2.53448e-07	0	0
# mf integral is 15.8777
# cor integral is 7.35891
# tot integral is 23.2366
