# 2014-04-30.15:46:36
# qmax = 13
# nAlA = 00
# nBlB = 00
# A= 48	 T1= 0	 T2= 0	 A1= 48	 A2= 48
# central = 1	 tensor = 1	 spinisospin = 0
# norm = 1.45162
# k 	 mf 	 corr 	 total 	 cen 	 ten 	 siso 	 ce/te 	 ce/si 	 te/si 
0	22.9847	17.408	40.3927	17.2626	0.145437	0	1.26807e-17	0	0
0.1	22.7405	17.2147	39.9552	17.066	0.14871	0	1.24784e-17	0	0
0.2	22.0159	16.644	38.6598	16.4856	0.158415	0	1.18871e-17	0	0
0.3	20.8127	15.7165	36.5292	15.5424	0.174091	0	1.09519e-17	0	0
0.4	19.1585	14.4709	33.6294	14.2761	0.194817	0	9.74276e-18	0	0
0.5	17.0998	12.9651	30.065	12.7449	0.220244	0	8.3472e-18	0	0
0.6	14.7188	11.2775	25.9963	11.0289	0.248593	0	6.86204e-18	0	0
0.7	12.1347	9.4995	21.6341	9.22074	0.278757	0	5.38376e-18	0	0
0.8	9.5176	7.73305	17.2506	7.42378	0.309268	0	3.99845e-18	0	0
0.9	7.05128	6.0749	13.1262	5.73621	0.338689	0	2.77705e-18	0	0
1	4.90365	4.60591	9.50956	4.24035	0.365558	0	1.76891e-18	0	0
1.1	3.18297	3.3787	6.56167	2.99016	0.388542	0	9.99691e-19	0	0
1.2	1.91932	2.41306	4.33238	2.00657	0.406485	0	4.7254e-19	0	0
1.3	1.07109	1.69778	2.76887	1.27928	0.418499	0	1.70052e-19	0	0
1.4	0.551575	1.19876	1.75034	0.774773	0.423987	0	5.79053e-20	0	0
1.5	0.261508	0.8705	1.13201	0.447825	0.422675	0	9.35892e-20	0	0
1.6	0.113971	0.664702	0.778673	0.250068	0.414633	0	2.28024e-19	0	0
1.7	0.0456039	0.53971	0.585314	0.139378	0.400332	0	4.17201e-19	0	0
1.8	0.0167411	0.463322	0.480063	0.0828291	0.380493	0	6.17903e-19	0	0
1.9	0.0056354	0.413373	0.419009	0.0573773	0.355996	0	7.97562e-19	0	0
2	0.0017396	0.376408	0.378148	0.048377	0.328031	0	9.34065e-19	0	0
2.1	0.000492353	0.345041	0.345534	0.0472691	0.297772	0	1.01563e-18	0	0
2.2	0.000128334	0.315881	0.316009	0.0494826	0.266398	0	1.03965e-18	0	0
2.3	3.09736e-05	0.287699	0.28773	0.0526987	0.235	0	1.01001e-18	0	0
2.4	6.73012e-06	0.260404	0.260411	0.0558327	0.204572	0	9.38285e-19	0	0
2.5	1.31468e-06	0.234234	0.234235	0.0583711	0.175863	0	8.35498e-19	0	0
2.6	2.34083e-07	0.209535	0.209535	0.0600889	0.149446	0	7.15709e-19	0	0
2.7	3.84656e-08	0.186592	0.186592	0.0609076	0.125684	0	5.90658e-19	0	0
2.8	5.88559e-09	0.165566	0.165566	0.0608216	0.104744	0	4.70396e-19	0	0
2.9	8.38309e-10	0.146504	0.146504	0.0598727	0.0866309	0	3.61601e-19	0	0
3	1.10151e-10	0.129367	0.129367	0.058139	0.0712277	0	2.6867e-19	0	0
3.1	1.32053e-11	0.114027	0.114027	0.0557256	0.0583011	0	1.93547e-19	0	0
3.2	1.37412e-12	0.100322	0.100322	0.0527504	0.0475716	0	1.35199e-19	0	0
3.3	1.41876e-13	0.0881319	0.0881319	0.0493431	0.0387888	0	9.18588e-20	0	0
3.4	1.35035e-14	0.0772664	0.0772664	0.0456331	0.0316333	0	6.11221e-20	0	0
3.5	1.40759e-15	0.0675703	0.0675703	0.0417446	0.0258257	0	3.99431e-20	0	0
3.6	3.19755e-16	0.0589176	0.0589176	0.0377911	0.0211265	0	2.56664e-20	0	0
3.7	4.87297e-16	0.0511911	0.0511911	0.0338726	0.0173185	0	1.59417e-20	0	0
3.8	1.96421e-16	0.0442969	0.0442969	0.0300726	0.0142243	0	9.03987e-21	0	0
3.9	2.16576e-16	0.0381571	0.0381571	0.0264575	0.0116996	0	3.76336e-21	0	0
4	1.1604e-16	0.0327051	0.0327051	0.0230769	0.00962818	0	-6.04679e-22	0	0
4.1	2.20379e-16	0.0278858	0.0278858	0.0199643	0.00792148	0	-4.40253e-21	0	0
4.2	1.27559e-14	0.0236435	0.0236435	0.0171388	0.00650469	0	-7.72937e-21	0	0
4.3	8.39845e-16	0.01994	0.01994	0.0146069	0.00533309	0	-1.05391e-20	0	0
4.4	1.09262e-14	0.0167243	0.0167243	0.0123652	0.00435915	0	-1.27498e-20	0	0
4.5	2.19796e-11	0.0139518	0.0139518	0.0104021	0.00354972	0	-1.42793e-20	0	0
4.6	1.53285e-13	0.0115788	0.0115788	0.00870038	0.00287837	0	-1.51019e-20	0	0
4.7	2.35989e-06	0.00956254	0.0095649	0.00723895	0.00232358	0	-1.52474e-20	0	0
4.8	4.3858e-13	0.00786171	0.00786171	0.00599441	0.0018673	0	-1.4797e-20	0	0
4.9	4.73883e-11	0.00643727	0.00643727	0.00494305	0.00149421	0	-1.38689e-20	0	0
# mf integral is 4.88757
# cor integral is 7.8172
# tot integral is 12.7048
