# Mass = 0.0480256 Mev*(hbarc)^2/2 
# R = 7.46549 fm 
# a = 0.662 fm 
# V0 = 45.1811 MeV 
# RSO = 6.86114 fm 
# aSO = 0.662 fm 
# VSO = 27.8547 MeV fm^2
# l = 6 
# two_j = 13 
# two_t = -1 
# Energy = -9.34175 MeV
# r 	 V_eff [2m/hbar/hbar]
0.1 	87408.1
0.10238 	83389.3
0.10476 	79641.4
0.10714 	76140.4
0.10952 	72865.2
0.1119 	69796.7
0.11428 	66917.9
0.11666 	64213.5
0.11904 	61669.7
0.12142 	59274.1
0.1238 	57015.2
0.12618 	54883
0.12856 	52868
0.13094 	50962
0.13332 	49157.1
0.1357 	47446.4
0.13808 	45823.3
0.14046 	44282.1
0.14284 	42817.2
0.14522 	41423.8
0.1476 	40097.2
0.14998 	38833.3
0.15236 	37628.1
0.15474 	36478.2
0.15712 	35380.1
0.1595 	34330.8
0.16188 	33327.4
0.16426 	32367.3
0.16664 	31448.1
0.16902 	30567.4
0.1714 	29723.1
0.17378 	28913.3
0.17616 	28136.1
0.17854 	27389.8
0.18092 	26672.7
0.1833 	25983.4
0.18568 	25320.4
0.18806 	24682.5
0.19044 	24068.3
0.19282 	23476.7
0.1952 	22906.6
0.19758 	22357
0.19996 	21826.9
0.20234 	21315.4
0.20472 	20821.6
0.2071 	20344.7
0.20948 	19884.1
0.21186 	19438.8
0.21424 	19008.3
0.21662 	18591.9
0.219 	18189.1
0.22138 	17799.1
0.22376 	17421.5
0.22614 	17055.8
0.22852 	16701.4
0.2309 	16358
0.23328 	16025
0.23566 	15702
0.23804 	15388.7
0.24042 	15084.7
0.2428 	14789.5
0.24518 	14502.9
0.24756 	14224.5
0.24994 	13954
0.25232 	13691.2
0.2547 	13435.7
0.25708 	13187.2
0.25946 	12945.6
0.26184 	12710.5
0.26422 	12481.7
0.2666 	12259.1
0.26898 	12042.3
0.27136 	11831.2
0.27374 	11625.6
0.27612 	11425.3
0.2785 	11230
0.28088 	11039.8
0.28326 	10854.3
0.28564 	10673.4
0.28802 	10497
0.2904 	10324.9
0.29278 	10157
0.29516 	9993.12
0.29754 	9833.18
0.29992 	9677.02
0.3023 	9524.54
0.30468 	9375.61
0.30706 	9230.14
0.30944 	9088.01
0.31182 	8949.12
0.3142 	8813.38
0.31658 	8680.68
0.31896 	8550.95
0.32134 	8424.08
0.32372 	8300.01
0.3261 	8178.64
0.32848 	8059.9
0.33086 	7943.71
0.33324 	7830.01
0.33562 	7718.71
0.338 	7609.76
0.34038 	7503.08
0.34276 	7398.62
0.34514 	7296.32
0.34752 	7196.1
0.3499 	7097.93
0.35228 	7001.74
0.35466 	6907.47
0.35704 	6815.09
0.35942 	6724.54
0.3618 	6635.77
0.36418 	6548.73
0.36656 	6463.38
0.36894 	6379.68
0.37132 	6297.58
0.3737 	6217.05
0.37608 	6138.04
0.37846 	6060.51
0.38084 	5984.44
0.38322 	5909.78
0.3856 	5836.49
0.38798 	5764.55
0.39036 	5693.93
0.39274 	5624.58
0.39512 	5556.48
0.3975 	5489.6
0.39988 	5423.91
0.40226 	5359.39
0.40464 	5296
0.40702 	5233.72
0.4094 	5172.52
0.41178 	5112.38
0.41416 	5053.27
0.41654 	4995.18
0.41892 	4938.07
0.4213 	4881.92
0.42368 	4826.72
0.42606 	4772.45
0.42844 	4719.07
0.43082 	4666.58
0.4332 	4614.95
0.43558 	4564.16
0.43796 	4514.2
0.44034 	4465.05
0.44272 	4416.68
0.4451 	4369.09
0.44748 	4322.26
0.44986 	4276.17
0.45224 	4230.81
0.45462 	4186.16
0.457 	4142.2
0.45938 	4098.92
0.46176 	4056.31
0.46414 	4014.36
0.46652 	3973.04
0.4689 	3932.35
0.47128 	3892.28
0.47366 	3852.81
0.47604 	3813.93
0.47842 	3775.63
0.4808 	3737.9
0.48318 	3700.72
0.48556 	3664.09
0.48794 	3627.99
0.49032 	3592.42
0.4927 	3557.36
0.49508 	3522.81
0.49746 	3488.75
0.49984 	3455.18
0.50222 	3422.08
0.5046 	3389.45
0.50698 	3357.28
0.50936 	3325.55
0.51174 	3294.27
0.51412 	3263.43
0.5165 	3233
0.51888 	3203
0.52126 	3173.41
0.52364 	3144.22
0.52602 	3115.42
0.5284 	3087.01
0.53078 	3058.99
0.53316 	3031.33
0.53554 	3004.05
0.53792 	2977.13
0.5403 	2950.56
0.54268 	2924.34
0.54506 	2898.46
0.54744 	2872.92
0.54982 	2847.72
0.5522 	2822.83
0.55458 	2798.27
0.55696 	2774.02
0.55934 	2750.08
0.56172 	2726.44
0.5641 	2703.1
0.56648 	2680.06
0.56886 	2657.3
0.57124 	2634.83
0.57362 	2612.64
0.576 	2590.72
0.57838 	2569.07
0.58076 	2547.69
0.58314 	2526.56
0.58552 	2505.7
0.5879 	2485.09
0.59028 	2464.73
0.59266 	2444.61
0.59504 	2424.73
0.59742 	2405.09
0.5998 	2385.68
0.60218 	2366.51
0.60456 	2347.55
0.60694 	2328.83
0.60932 	2310.32
0.6117 	2292.02
0.61408 	2273.94
0.61646 	2256.07
0.61884 	2238.4
0.62122 	2220.94
0.6236 	2203.67
0.62598 	2186.6
0.62836 	2169.73
0.63074 	2153.05
0.63312 	2136.55
0.6355 	2120.24
0.63788 	2104.11
0.64026 	2088.16
0.64264 	2072.39
0.64502 	2056.79
0.6474 	2041.36
0.64978 	2026.11
0.65216 	2011.02
0.65454 	1996.09
0.65692 	1981.33
0.6593 	1966.72
0.66168 	1952.27
0.66406 	1937.98
0.66644 	1923.84
0.66882 	1909.85
0.6712 	1896.01
0.67358 	1882.32
0.67596 	1868.77
0.67834 	1855.36
0.68072 	1842.1
0.6831 	1828.97
0.68548 	1815.98
0.68786 	1803.12
0.69024 	1790.4
0.69262 	1777.8
0.695 	1765.34
0.69738 	1753
0.69976 	1740.79
0.70214 	1728.7
0.70452 	1716.74
0.7069 	1704.89
0.70928 	1693.17
0.71166 	1681.56
0.71404 	1670.07
0.71642 	1658.69
0.7188 	1647.43
0.72118 	1636.27
0.72356 	1625.23
0.72594 	1614.29
0.72832 	1603.47
0.7307 	1592.74
0.73308 	1582.13
0.73546 	1571.61
0.73784 	1561.2
0.74022 	1550.88
0.7426 	1540.67
0.74498 	1530.55
0.74736 	1520.53
0.74974 	1510.61
0.75212 	1500.78
0.7545 	1491.04
0.75688 	1481.39
0.75926 	1471.84
0.76164 	1462.37
0.76402 	1452.99
0.7664 	1443.7
0.76878 	1434.5
0.77116 	1425.38
0.77354 	1416.34
0.77592 	1407.39
0.7783 	1398.52
0.78068 	1389.73
0.78306 	1381.02
0.78544 	1372.39
0.78782 	1363.84
0.7902 	1355.37
0.79258 	1346.97
0.79496 	1338.64
0.79734 	1330.39
0.79972 	1322.22
0.8021 	1314.12
0.80448 	1306.09
0.80686 	1298.13
0.80924 	1290.24
0.81162 	1282.42
0.814 	1274.66
0.81638 	1266.98
0.81876 	1259.36
0.82114 	1251.81
0.82352 	1244.32
0.8259 	1236.9
0.82828 	1229.55
0.83066 	1222.25
0.83304 	1215.02
0.83542 	1207.85
0.8378 	1200.74
0.84018 	1193.69
0.84256 	1186.7
0.84494 	1179.77
0.84732 	1172.9
0.8497 	1166.09
0.85208 	1159.33
0.85446 	1152.63
0.85684 	1145.98
0.85922 	1139.39
0.8616 	1132.86
0.86398 	1126.38
0.86636 	1119.95
0.86874 	1113.57
0.87112 	1107.25
0.8735 	1100.98
0.87588 	1094.76
0.87826 	1088.59
0.88064 	1082.47
0.88302 	1076.4
0.8854 	1070.38
0.88778 	1064.4
0.89016 	1058.48
0.89254 	1052.6
0.89492 	1046.77
0.8973 	1040.98
0.89968 	1035.24
0.90206 	1029.55
0.90444 	1023.9
0.90682 	1018.3
0.9092 	1012.74
0.91158 	1007.22
0.91396 	1001.74
0.91634 	996.313
0.91872 	990.924
0.9211 	985.576
0.92348 	980.27
0.92586 	975.005
0.92824 	969.78
0.93062 	964.595
0.933 	959.45
0.93538 	954.344
0.93776 	949.276
0.94014 	944.248
0.94252 	939.257
0.9449 	934.304
0.94728 	929.388
0.94966 	924.51
0.95204 	919.667
0.95442 	914.861
0.9568 	910.091
0.95918 	905.356
0.96156 	900.656
0.96394 	895.991
0.96632 	891.361
0.9687 	886.765
0.97108 	882.202
0.97346 	877.673
0.97584 	873.176
0.97822 	868.713
0.9806 	864.282
0.98298 	859.883
0.98536 	855.517
0.98774 	851.181
0.99012 	846.877
0.9925 	842.604
0.99488 	838.361
0.99726 	834.149
0.99964 	829.967
1.00202 	825.814
1.0044 	821.691
1.00678 	817.597
1.00916 	813.533
1.01154 	809.496
1.01392 	805.489
1.0163 	801.509
1.01868 	797.557
1.02106 	793.633
1.02344 	789.736
1.02582 	785.866
1.0282 	782.023
1.03058 	778.207
1.03296 	774.417
1.03534 	770.653
1.03772 	766.915
1.0401 	763.203
1.04248 	759.516
1.04486 	755.854
1.04724 	752.217
1.04962 	748.605
1.052 	745.017
1.05438 	741.454
1.05676 	737.915
1.05914 	734.399
1.06152 	730.907
1.0639 	727.439
1.06628 	723.993
1.06866 	720.571
1.07104 	717.171
1.07342 	713.795
1.0758 	710.44
1.07818 	707.108
1.08056 	703.797
1.08294 	700.509
1.08532 	697.242
1.0877 	693.996
1.09008 	690.772
1.09246 	687.569
1.09484 	684.386
1.09722 	681.225
1.0996 	678.083
1.10198 	674.963
1.10436 	671.862
1.10674 	668.781
1.10912 	665.72
1.1115 	662.679
1.11388 	659.657
1.11626 	656.655
1.11864 	653.671
1.12102 	650.707
1.1234 	647.762
1.12578 	644.835
1.12816 	641.926
1.13054 	639.036
1.13292 	636.164
1.1353 	633.311
1.13768 	630.475
1.14006 	627.657
1.14244 	624.856
1.14482 	622.073
1.1472 	619.307
1.14958 	616.558
1.15196 	613.827
1.15434 	611.112
1.15672 	608.414
1.1591 	605.733
1.16148 	603.068
1.16386 	600.419
1.16624 	597.787
1.16862 	595.17
1.171 	592.57
1.17338 	589.985
1.17576 	587.416
1.17814 	584.863
1.18052 	582.325
1.1829 	579.803
1.18528 	577.295
1.18766 	574.803
1.19004 	572.325
1.19242 	569.863
1.1948 	567.415
1.19718 	564.981
1.19956 	562.562
1.20194 	560.158
1.20432 	557.768
1.2067 	555.391
1.20908 	553.029
1.21146 	550.681
1.21384 	548.347
1.21622 	546.026
1.2186 	543.719
1.22098 	541.425
1.22336 	539.145
1.22574 	536.878
1.22812 	534.624
1.2305 	532.383
1.23288 	530.155
1.23526 	527.94
1.23764 	525.738
1.24002 	523.548
1.2424 	521.371
1.24478 	519.207
1.24716 	517.055
1.24954 	514.915
1.25192 	512.787
1.2543 	510.672
1.25668 	508.568
1.25906 	506.477
1.26144 	504.397
1.26382 	502.329
1.2662 	500.272
1.26858 	498.228
1.27096 	496.194
1.27334 	494.172
1.27572 	492.162
1.2781 	490.162
1.28048 	488.174
1.28286 	486.197
1.28524 	484.23
1.28762 	482.275
1.29 	480.33
1.29238 	478.397
1.29476 	476.473
1.29714 	474.561
1.29952 	472.659
1.3019 	470.767
1.30428 	468.886
1.30666 	467.015
1.30904 	465.154
1.31142 	463.303
1.3138 	461.462
1.31618 	459.632
1.31856 	457.811
1.32094 	456
1.32332 	454.199
1.3257 	452.407
1.32808 	450.625
1.33046 	448.853
1.33284 	447.09
1.33522 	445.337
1.3376 	443.592
1.33998 	441.858
1.34236 	440.132
1.34474 	438.416
1.34712 	436.708
1.3495 	435.01
1.35188 	433.321
1.35426 	431.64
1.35664 	429.968
1.35902 	428.306
1.3614 	426.651
1.36378 	425.006
1.36616 	423.369
1.36854 	421.741
1.37092 	420.121
1.3733 	418.509
1.37568 	416.906
1.37806 	415.311
1.38044 	413.725
1.38282 	412.146
1.3852 	410.576
1.38758 	409.014
1.38996 	407.46
1.39234 	405.914
1.39472 	404.375
1.3971 	402.845
1.39948 	401.322
1.40186 	399.807
1.40424 	398.3
1.40662 	396.8
1.409 	395.308
1.41138 	393.824
1.41376 	392.347
1.41614 	390.878
1.41852 	389.416
1.4209 	387.961
1.42328 	386.513
1.42566 	385.073
1.42804 	383.64
1.43042 	382.214
1.4328 	380.795
1.43518 	379.384
1.43756 	377.979
1.43994 	376.581
1.44232 	375.19
1.4447 	373.806
1.44708 	372.429
1.44946 	371.059
1.45184 	369.695
1.45422 	368.338
1.4566 	366.988
1.45898 	365.644
1.46136 	364.307
1.46374 	362.976
1.46612 	361.652
1.4685 	360.334
1.47088 	359.023
1.47326 	357.718
1.47564 	356.419
1.47802 	355.127
1.4804 	353.841
1.48278 	352.561
1.48516 	351.287
1.48754 	350.019
1.48992 	348.757
1.4923 	347.502
1.49468 	346.252
1.49706 	345.008
1.49944 	343.771
1.50182 	342.539
1.5042 	341.313
1.50658 	340.092
1.50896 	338.878
1.51134 	337.669
1.51372 	336.466
1.5161 	335.269
1.51848 	334.077
1.52086 	332.891
1.52324 	331.71
1.52562 	330.535
1.528 	329.366
1.53038 	328.201
1.53276 	327.043
1.53514 	325.889
1.53752 	324.741
1.5399 	323.599
1.54228 	322.461
1.54466 	321.329
1.54704 	320.202
1.54942 	319.08
1.5518 	317.964
1.55418 	316.852
1.55656 	315.746
1.55894 	314.645
1.56132 	313.548
1.5637 	312.457
1.56608 	311.371
1.56846 	310.29
1.57084 	309.213
1.57322 	308.142
1.5756 	307.075
1.57798 	306.013
1.58036 	304.956
1.58274 	303.904
1.58512 	302.856
1.5875 	301.813
1.58988 	300.775
1.59226 	299.741
1.59464 	298.712
1.59702 	297.688
1.5994 	296.668
1.60178 	295.653
1.60416 	294.642
1.60654 	293.636
1.60892 	292.634
1.6113 	291.637
1.61368 	290.644
1.61606 	289.656
1.61844 	288.672
1.62082 	287.692
1.6232 	286.716
1.62558 	285.745
1.62796 	284.778
1.63034 	283.815
1.63272 	282.857
1.6351 	281.902
1.63748 	280.952
1.63986 	280.006
1.64224 	279.064
1.64462 	278.126
1.647 	277.192
1.64938 	276.263
1.65176 	275.337
1.65414 	274.415
1.65652 	273.497
1.6589 	272.583
1.66128 	271.673
1.66366 	270.767
1.66604 	269.865
1.66842 	268.967
1.6708 	268.072
1.67318 	267.182
1.67556 	266.295
1.67794 	265.412
1.68032 	264.533
1.6827 	263.657
1.68508 	262.785
1.68746 	261.917
1.68984 	261.052
1.69222 	260.191
1.6946 	259.334
1.69698 	258.481
1.69936 	257.63
1.70174 	256.784
1.70412 	255.941
1.7065 	255.102
1.70888 	254.266
1.71126 	253.433
1.71364 	252.604
1.71602 	251.779
1.7184 	250.956
1.72078 	250.138
1.72316 	249.322
1.72554 	248.51
1.72792 	247.702
1.7303 	246.897
1.73268 	246.095
1.73506 	245.296
1.73744 	244.501
1.73982 	243.709
1.7422 	242.92
1.74458 	242.134
1.74696 	241.352
1.74934 	240.572
1.75172 	239.796
1.7541 	239.023
1.75648 	238.254
1.75886 	237.487
1.76124 	236.723
1.76362 	235.963
1.766 	235.206
1.76838 	234.451
1.77076 	233.7
1.77314 	232.952
1.77552 	232.206
1.7779 	231.464
1.78028 	230.725
1.78266 	229.989
1.78504 	229.255
1.78742 	228.525
1.7898 	227.797
1.79218 	227.073
1.79456 	226.351
1.79694 	225.632
1.79932 	224.916
1.8017 	224.203
1.80408 	223.492
1.80646 	222.785
1.80884 	222.08
1.81122 	221.378
1.8136 	220.678
1.81598 	219.982
1.81836 	219.288
1.82074 	218.597
1.82312 	217.909
1.8255 	217.223
1.82788 	216.54
1.83026 	215.86
1.83264 	215.182
1.83502 	214.507
1.8374 	213.835
1.83978 	213.165
1.84216 	212.498
1.84454 	211.833
1.84692 	211.171
1.8493 	210.511
1.85168 	209.854
1.85406 	209.2
1.85644 	208.548
1.85882 	207.898
1.8612 	207.251
1.86358 	206.607
1.86596 	205.965
1.86834 	205.325
1.87072 	204.688
1.8731 	204.054
1.87548 	203.421
1.87786 	202.791
1.88024 	202.164
1.88262 	201.539
1.885 	200.916
1.88738 	200.296
1.88976 	199.678
1.89214 	199.062
1.89452 	198.449
1.8969 	197.838
1.89928 	197.229
1.90166 	196.622
1.90404 	196.018
1.90642 	195.416
1.9088 	194.816
1.91118 	194.219
1.91356 	193.624
1.91594 	193.031
1.91832 	192.44
1.9207 	191.851
1.92308 	191.265
1.92546 	190.68
1.92784 	190.098
1.93022 	189.518
1.9326 	188.94
1.93498 	188.365
1.93736 	187.791
1.93974 	187.22
1.94212 	186.65
1.9445 	186.083
1.94688 	185.518
1.94926 	184.955
1.95164 	184.394
1.95402 	183.835
1.9564 	183.278
1.95878 	182.723
1.96116 	182.17
1.96354 	181.619
1.96592 	181.07
1.9683 	180.523
1.97068 	179.978
1.97306 	179.435
1.97544 	178.894
1.97782 	178.355
1.9802 	177.818
1.98258 	177.282
1.98496 	176.749
1.98734 	176.218
1.98972 	175.688
1.9921 	175.161
1.99448 	174.635
1.99686 	174.111
1.99924 	173.589
2.00162 	173.069
2.004 	172.551
2.00638 	172.035
2.00876 	171.52
2.01114 	171.008
2.01352 	170.497
2.0159 	169.988
2.01828 	169.48
2.02066 	168.975
2.02304 	168.471
2.02542 	167.969
2.0278 	167.469
2.03018 	166.97
2.03256 	166.474
2.03494 	165.979
2.03732 	165.486
2.0397 	164.994
2.04208 	164.504
2.04446 	164.016
2.04684 	163.53
2.04922 	163.045
2.0516 	162.562
2.05398 	162.081
2.05636 	161.602
2.05874 	161.124
2.06112 	160.647
2.0635 	160.173
2.06588 	159.7
2.06826 	159.228
2.07064 	158.759
2.07302 	158.29
2.0754 	157.824
2.07778 	157.359
2.08016 	156.896
2.08254 	156.434
2.08492 	155.974
2.0873 	155.515
2.08968 	155.058
2.09206 	154.603
2.09444 	154.149
2.09682 	153.696
2.0992 	153.245
2.10158 	152.796
2.10396 	152.348
2.10634 	151.902
2.10872 	151.457
2.1111 	151.014
2.11348 	150.572
2.11586 	150.132
2.11824 	149.693
2.12062 	149.256
2.123 	148.82
2.12538 	148.386
2.12776 	147.953
2.13014 	147.521
2.13252 	147.091
2.1349 	146.663
2.13728 	146.236
2.13966 	145.81
2.14204 	145.385
2.14442 	144.963
2.1468 	144.541
2.14918 	144.121
2.15156 	143.702
2.15394 	143.285
2.15632 	142.869
2.1587 	142.454
2.16108 	142.041
2.16346 	141.629
2.16584 	141.219
2.16822 	140.81
2.1706 	140.402
2.17298 	139.996
2.17536 	139.59
2.17774 	139.187
2.18012 	138.784
2.1825 	138.383
2.18488 	137.983
2.18726 	137.585
2.18964 	137.187
2.19202 	136.792
2.1944 	136.397
2.19678 	136.003
2.19916 	135.611
2.20154 	135.221
2.20392 	134.831
2.2063 	134.443
2.20868 	134.056
2.21106 	133.67
2.21344 	133.285
2.21582 	132.902
2.2182 	132.52
2.22058 	132.139
2.22296 	131.759
2.22534 	131.381
2.22772 	131.004
2.2301 	130.628
2.23248 	130.253
2.23486 	129.879
2.23724 	129.507
2.23962 	129.136
2.242 	128.766
2.24438 	128.397
2.24676 	128.029
2.24914 	127.663
2.25152 	127.297
2.2539 	126.933
2.25628 	126.57
2.25866 	126.208
2.26104 	125.847
2.26342 	125.488
2.2658 	125.129
2.26818 	124.772
2.27056 	124.416
2.27294 	124.06
2.27532 	123.706
2.2777 	123.353
2.28008 	123.002
2.28246 	122.651
2.28484 	122.301
2.28722 	121.953
2.2896 	121.605
2.29198 	121.259
2.29436 	120.914
2.29674 	120.57
2.29912 	120.226
2.3015 	119.884
2.30388 	119.543
2.30626 	119.203
2.30864 	118.864
2.31102 	118.527
2.3134 	118.19
2.31578 	117.854
2.31816 	117.519
2.32054 	117.185
2.32292 	116.853
2.3253 	116.521
2.32768 	116.19
2.33006 	115.861
2.33244 	115.532
2.33482 	115.205
2.3372 	114.878
2.33958 	114.552
2.34196 	114.228
2.34434 	113.904
2.34672 	113.581
2.3491 	113.26
2.35148 	112.939
2.35386 	112.619
2.35624 	112.3
2.35862 	111.982
2.361 	111.666
2.36338 	111.35
2.36576 	111.035
2.36814 	110.721
2.37052 	110.408
2.3729 	110.096
2.37528 	109.784
2.37766 	109.474
2.38004 	109.165
2.38242 	108.857
2.3848 	108.549
2.38718 	108.242
2.38956 	107.937
2.39194 	107.632
2.39432 	107.328
2.3967 	107.025
2.39908 	106.723
2.40146 	106.422
2.40384 	106.122
2.40622 	105.823
2.4086 	105.524
2.41098 	105.227
2.41336 	104.93
2.41574 	104.634
2.41812 	104.339
2.4205 	104.045
2.42288 	103.752
2.42526 	103.46
2.42764 	103.168
2.43002 	102.878
2.4324 	102.588
2.43478 	102.299
2.43716 	102.011
2.43954 	101.724
2.44192 	101.437
2.4443 	101.152
2.44668 	100.867
2.44906 	100.583
2.45144 	100.3
2.45382 	100.018
2.4562 	99.7364
2.45858 	99.4558
2.46096 	99.176
2.46334 	98.897
2.46572 	98.6189
2.4681 	98.3415
2.47048 	98.0649
2.47286 	97.7891
2.47524 	97.5142
2.47762 	97.24
2.48 	96.9666
2.48238 	96.694
2.48476 	96.4221
2.48714 	96.1511
2.48952 	95.8808
2.4919 	95.6113
2.49428 	95.3426
2.49666 	95.0746
2.49904 	94.8074
2.50142 	94.541
2.5038 	94.2753
2.50618 	94.0104
2.50856 	93.7462
2.51094 	93.4828
2.51332 	93.2201
2.5157 	92.9582
2.51808 	92.697
2.52046 	92.4365
2.52284 	92.1768
2.52522 	91.9179
2.5276 	91.6596
2.52998 	91.4021
2.53236 	91.1453
2.53474 	90.8892
2.53712 	90.6339
2.5395 	90.3793
2.54188 	90.1253
2.54426 	89.8721
2.54664 	89.6196
2.54902 	89.3678
2.5514 	89.1168
2.55378 	88.8664
2.55616 	88.6167
2.55854 	88.3677
2.56092 	88.1194
2.5633 	87.8718
2.56568 	87.6249
2.56806 	87.3786
2.57044 	87.1331
2.57282 	86.8882
2.5752 	86.644
2.57758 	86.4005
2.57996 	86.1577
2.58234 	85.9155
2.58472 	85.674
2.5871 	85.4331
2.58948 	85.193
2.59186 	84.9535
2.59424 	84.7146
2.59662 	84.4764
2.599 	84.2389
2.60138 	84.002
2.60376 	83.7657
2.60614 	83.5301
2.60852 	83.2952
2.6109 	83.0608
2.61328 	82.8272
2.61566 	82.5941
2.61804 	82.3617
2.62042 	82.13
2.6228 	81.8988
2.62518 	81.6683
2.62756 	81.4384
2.62994 	81.2091
2.63232 	80.9805
2.6347 	80.7525
2.63708 	80.5251
2.63946 	80.2983
2.64184 	80.0721
2.64422 	79.8465
2.6466 	79.6216
2.64898 	79.3972
2.65136 	79.1735
2.65374 	78.9503
2.65612 	78.7277
2.6585 	78.5058
2.66088 	78.2844
2.66326 	78.0637
2.66564 	77.8435
2.66802 	77.6239
2.6704 	77.4049
2.67278 	77.1865
2.67516 	76.9686
2.67754 	76.7514
2.67992 	76.5347
2.6823 	76.3186
2.68468 	76.1031
2.68706 	75.8881
2.68944 	75.6737
2.69182 	75.4599
2.6942 	75.2466
2.69658 	75.0339
2.69896 	74.8218
2.70134 	74.6102
2.70372 	74.3992
2.7061 	74.1888
2.70848 	73.9789
2.71086 	73.7695
2.71324 	73.5607
2.71562 	73.3525
2.718 	73.1448
2.72038 	72.9376
2.72276 	72.731
2.72514 	72.5249
2.72752 	72.3194
2.7299 	72.1144
2.73228 	71.9099
2.73466 	71.706
2.73704 	71.5026
2.73942 	71.2997
2.7418 	71.0974
2.74418 	70.8955
2.74656 	70.6942
2.74894 	70.4935
2.75132 	70.2932
2.7537 	70.0935
2.75608 	69.8943
2.75846 	69.6956
2.76084 	69.4974
2.76322 	69.2997
2.7656 	69.1025
2.76798 	68.9059
2.77036 	68.7097
2.77274 	68.514
2.77512 	68.3189
2.7775 	68.1242
2.77988 	67.9301
2.78226 	67.7364
2.78464 	67.5433
2.78702 	67.3506
2.7894 	67.1585
2.79178 	66.9668
2.79416 	66.7756
2.79654 	66.5849
2.79892 	66.3947
2.8013 	66.2049
2.80368 	66.0157
2.80606 	65.8269
2.80844 	65.6386
2.81082 	65.4508
2.8132 	65.2635
2.81558 	65.0766
2.81796 	64.8902
2.82034 	64.7043
2.82272 	64.5188
2.8251 	64.3339
2.82748 	64.1494
2.82986 	63.9653
2.83224 	63.7817
2.83462 	63.5986
2.837 	63.4159
2.83938 	63.2337
2.84176 	63.052
2.84414 	62.8707
2.84652 	62.6898
2.8489 	62.5094
2.85128 	62.3295
2.85366 	62.15
2.85604 	61.971
2.85842 	61.7924
2.8608 	61.6142
2.86318 	61.4365
2.86556 	61.2593
2.86794 	61.0824
2.87032 	60.906
2.8727 	60.7301
2.87508 	60.5546
2.87746 	60.3795
2.87984 	60.2049
2.88222 	60.0307
2.8846 	59.8569
2.88698 	59.6835
2.88936 	59.5106
2.89174 	59.3381
2.89412 	59.166
2.8965 	58.9944
2.89888 	58.8232
2.90126 	58.6523
2.90364 	58.482
2.90602 	58.312
2.9084 	58.1424
2.91078 	57.9733
2.91316 	57.8046
2.91554 	57.6363
2.91792 	57.4684
2.9203 	57.3009
2.92268 	57.1338
2.92506 	56.9671
2.92744 	56.8008
2.92982 	56.635
2.9322 	56.4695
2.93458 	56.3044
2.93696 	56.1398
2.93934 	55.9755
2.94172 	55.8117
2.9441 	55.6482
2.94648 	55.4851
2.94886 	55.3224
2.95124 	55.1602
2.95362 	54.9983
2.956 	54.8368
2.95838 	54.6756
2.96076 	54.5149
2.96314 	54.3546
2.96552 	54.1946
2.9679 	54.0351
2.97028 	53.8759
2.97266 	53.7171
2.97504 	53.5586
2.97742 	53.4006
2.9798 	53.2429
2.98218 	53.0856
2.98456 	52.9287
2.98694 	52.7722
2.98932 	52.616
2.9917 	52.4602
2.99408 	52.3048
2.99646 	52.1497
2.99884 	51.995
3.00122 	51.8407
3.0036 	51.6867
3.00598 	51.5331
3.00836 	51.3799
3.01074 	51.227
3.01312 	51.0745
3.0155 	50.9224
3.01788 	50.7706
3.02026 	50.6192
3.02264 	50.4681
3.02502 	50.3174
3.0274 	50.167
3.02978 	50.017
3.03216 	49.8674
3.03454 	49.7181
3.03692 	49.5691
3.0393 	49.4205
3.04168 	49.2723
3.04406 	49.1244
3.04644 	48.9768
3.04882 	48.8296
3.0512 	48.6827
3.05358 	48.5362
3.05596 	48.39
3.05834 	48.2441
3.06072 	48.0986
3.0631 	47.9535
3.06548 	47.8086
3.06786 	47.6641
3.07024 	47.52
3.07262 	47.3761
3.075 	47.2326
3.07738 	47.0895
3.07976 	46.9466
3.08214 	46.8041
3.08452 	46.662
3.0869 	46.5201
3.08928 	46.3786
3.09166 	46.2374
3.09404 	46.0965
3.09642 	45.956
3.0988 	45.8158
3.10118 	45.6759
3.10356 	45.5363
3.10594 	45.397
3.10832 	45.2581
3.1107 	45.1195
3.11308 	44.9812
3.11546 	44.8432
3.11784 	44.7055
3.12022 	44.5682
3.1226 	44.4311
3.12498 	44.2944
3.12736 	44.158
3.12974 	44.0218
3.13212 	43.886
3.1345 	43.7505
3.13688 	43.6154
3.13926 	43.4805
3.14164 	43.3459
3.14402 	43.2116
3.1464 	43.0777
3.14878 	42.944
3.15116 	42.8107
3.15354 	42.6776
3.15592 	42.5448
3.1583 	42.4124
3.16068 	42.2802
3.16306 	42.1484
3.16544 	42.0168
3.16782 	41.8855
3.1702 	41.7545
3.17258 	41.6239
3.17496 	41.4935
3.17734 	41.3634
3.17972 	41.2336
3.1821 	41.104
3.18448 	40.9748
3.18686 	40.8459
3.18924 	40.7172
3.19162 	40.5889
3.194 	40.4608
3.19638 	40.333
3.19876 	40.2055
3.20114 	40.0783
3.20352 	39.9513
3.2059 	39.8247
3.20828 	39.6983
3.21066 	39.5722
3.21304 	39.4464
3.21542 	39.3208
3.2178 	39.1956
3.22018 	39.0706
3.22256 	38.9459
3.22494 	38.8214
3.22732 	38.6973
3.2297 	38.5734
3.23208 	38.4498
3.23446 	38.3264
3.23684 	38.2034
3.23922 	38.0806
3.2416 	37.958
3.24398 	37.8358
3.24636 	37.7138
3.24874 	37.592
3.25112 	37.4706
3.2535 	37.3494
3.25588 	37.2285
3.25826 	37.1078
3.26064 	36.9874
3.26302 	36.8672
3.2654 	36.7474
3.26778 	36.6277
3.27016 	36.5084
3.27254 	36.3893
3.27492 	36.2705
3.2773 	36.1519
3.27968 	36.0335
3.28206 	35.9155
3.28444 	35.7977
3.28682 	35.6801
3.2892 	35.5628
3.29158 	35.4458
3.29396 	35.329
3.29634 	35.2124
3.29872 	35.0961
3.3011 	34.9801
3.30348 	34.8643
3.30586 	34.7488
3.30824 	34.6335
3.31062 	34.5184
3.313 	34.4036
3.31538 	34.2891
3.31776 	34.1747
3.32014 	34.0607
3.32252 	33.9469
3.3249 	33.8333
3.32728 	33.72
3.32966 	33.6069
3.33204 	33.494
3.33442 	33.3814
3.3368 	33.269
3.33918 	33.1569
3.34156 	33.045
3.34394 	32.9334
3.34632 	32.822
3.3487 	32.7108
3.35108 	32.5998
3.35346 	32.4891
3.35584 	32.3787
3.35822 	32.2684
3.3606 	32.1584
3.36298 	32.0486
3.36536 	31.9391
3.36774 	31.8298
3.37012 	31.7207
3.3725 	31.6119
3.37488 	31.5032
3.37726 	31.3949
3.37964 	31.2867
3.38202 	31.1788
3.3844 	31.071
3.38678 	30.9636
3.38916 	30.8563
3.39154 	30.7493
3.39392 	30.6425
3.3963 	30.5359
3.39868 	30.4295
3.40106 	30.3234
3.40344 	30.2175
3.40582 	30.1118
3.4082 	30.0063
3.41058 	29.901
3.41296 	29.796
3.41534 	29.6912
3.41772 	29.5866
3.4201 	29.4822
3.42248 	29.378
3.42486 	29.2741
3.42724 	29.1703
3.42962 	29.0668
3.432 	28.9635
3.43438 	28.8604
3.43676 	28.7576
3.43914 	28.6549
3.44152 	28.5524
3.4439 	28.4502
3.44628 	28.3482
3.44866 	28.2463
3.45104 	28.1447
3.45342 	28.0433
3.4558 	27.9421
3.45818 	27.8412
3.46056 	27.7404
3.46294 	27.6398
3.46532 	27.5394
3.4677 	27.4393
3.47008 	27.3393
3.47246 	27.2396
3.47484 	27.14
3.47722 	27.0407
3.4796 	26.9416
3.48198 	26.8426
3.48436 	26.7439
3.48674 	26.6453
3.48912 	26.547
3.4915 	26.4489
3.49388 	26.3509
3.49626 	26.2532
3.49864 	26.1557
3.50102 	26.0583
3.5034 	25.9612
3.50578 	25.8642
3.50816 	25.7675
3.51054 	25.6709
3.51292 	25.5746
3.5153 	25.4784
3.51768 	25.3825
3.52006 	25.2867
3.52244 	25.1911
3.52482 	25.0957
3.5272 	25.0005
3.52958 	24.9055
3.53196 	24.8107
3.53434 	24.7161
3.53672 	24.6216
3.5391 	24.5274
3.54148 	24.4333
3.54386 	24.3395
3.54624 	24.2458
3.54862 	24.1523
3.551 	24.059
3.55338 	23.9659
3.55576 	23.873
3.55814 	23.7802
3.56052 	23.6877
3.5629 	23.5953
3.56528 	23.5031
3.56766 	23.4111
3.57004 	23.3193
3.57242 	23.2276
3.5748 	23.1361
3.57718 	23.0449
3.57956 	22.9538
3.58194 	22.8629
3.58432 	22.7721
3.5867 	22.6816
3.58908 	22.5912
3.59146 	22.501
3.59384 	22.411
3.59622 	22.3211
3.5986 	22.2314
3.60098 	22.1419
3.60336 	22.0526
3.60574 	21.9635
3.60812 	21.8745
3.6105 	21.7857
3.61288 	21.6971
3.61526 	21.6087
3.61764 	21.5204
3.62002 	21.4323
3.6224 	21.3444
3.62478 	21.2567
3.62716 	21.1691
3.62954 	21.0817
3.63192 	20.9944
3.6343 	20.9074
3.63668 	20.8205
3.63906 	20.7338
3.64144 	20.6472
3.64382 	20.5608
3.6462 	20.4746
3.64858 	20.3885
3.65096 	20.3027
3.65334 	20.2169
3.65572 	20.1314
3.6581 	20.046
3.66048 	19.9608
3.66286 	19.8757
3.66524 	19.7908
3.66762 	19.7061
3.67 	19.6216
3.67238 	19.5372
3.67476 	19.4529
3.67714 	19.3688
3.67952 	19.2849
3.6819 	19.2012
3.68428 	19.1176
3.68666 	19.0342
3.68904 	18.9509
3.69142 	18.8678
3.6938 	18.7848
3.69618 	18.7021
3.69856 	18.6194
3.70094 	18.537
3.70332 	18.4546
3.7057 	18.3725
3.70808 	18.2905
3.71046 	18.2086
3.71284 	18.127
3.71522 	18.0454
3.7176 	17.9641
3.71998 	17.8828
3.72236 	17.8018
3.72474 	17.7209
3.72712 	17.6401
3.7295 	17.5595
3.73188 	17.4791
3.73426 	17.3988
3.73664 	17.3186
3.73902 	17.2386
3.7414 	17.1588
3.74378 	17.0791
3.74616 	16.9996
3.74854 	16.9202
3.75092 	16.8409
3.7533 	16.7618
3.75568 	16.6829
3.75806 	16.6041
3.76044 	16.5255
3.76282 	16.447
3.7652 	16.3686
3.76758 	16.2904
3.76996 	16.2124
3.77234 	16.1345
3.77472 	16.0567
3.7771 	15.9791
3.77948 	15.9017
3.78186 	15.8243
3.78424 	15.7472
3.78662 	15.6701
3.789 	15.5932
3.79138 	15.5165
3.79376 	15.4399
3.79614 	15.3634
3.79852 	15.2871
3.8009 	15.2109
3.80328 	15.1349
3.80566 	15.059
3.80804 	14.9833
3.81042 	14.9077
3.8128 	14.8322
3.81518 	14.7569
3.81756 	14.6817
3.81994 	14.6066
3.82232 	14.5317
3.8247 	14.457
3.82708 	14.3823
3.82946 	14.3078
3.83184 	14.2335
3.83422 	14.1593
3.8366 	14.0852
3.83898 	14.0112
3.84136 	13.9374
3.84374 	13.8638
3.84612 	13.7902
3.8485 	13.7168
3.85088 	13.6436
3.85326 	13.5704
3.85564 	13.4974
3.85802 	13.4246
3.8604 	13.3518
3.86278 	13.2793
3.86516 	13.2068
3.86754 	13.1345
3.86992 	13.0623
3.8723 	12.9902
3.87468 	12.9183
3.87706 	12.8465
3.87944 	12.7748
3.88182 	12.7033
3.8842 	12.6318
3.88658 	12.5606
3.88896 	12.4894
3.89134 	12.4184
3.89372 	12.3475
3.8961 	12.2767
3.89848 	12.2061
3.90086 	12.1356
3.90324 	12.0652
3.90562 	11.995
3.908 	11.9249
3.91038 	11.8549
3.91276 	11.785
3.91514 	11.7152
3.91752 	11.6456
3.9199 	11.5761
3.92228 	11.5068
3.92466 	11.4375
3.92704 	11.3684
3.92942 	11.2994
3.9318 	11.2306
3.93418 	11.1618
3.93656 	11.0932
3.93894 	11.0247
3.94132 	10.9563
3.9437 	10.8881
3.94608 	10.82
3.94846 	10.752
3.95084 	10.6841
3.95322 	10.6163
3.9556 	10.5487
3.95798 	10.4811
3.96036 	10.4137
3.96274 	10.3465
3.96512 	10.2793
3.9675 	10.2123
3.96988 	10.1454
3.97226 	10.0786
3.97464 	10.0119
3.97702 	9.94531
3.9794 	9.87887
3.98178 	9.81254
3.98416 	9.74634
3.98654 	9.68025
3.98892 	9.61427
3.9913 	9.54842
3.99368 	9.48268
3.99606 	9.41706
3.99844 	9.35155
4.00082 	9.28616
4.0032 	9.22088
4.00558 	9.15572
4.00796 	9.09068
4.01034 	9.02575
4.01272 	8.96093
4.0151 	8.89623
4.01748 	8.83164
4.01986 	8.76717
4.02224 	8.70281
4.02462 	8.63856
4.027 	8.57443
4.02938 	8.51041
4.03176 	8.4465
4.03414 	8.3827
4.03652 	8.31902
4.0389 	8.25544
4.04128 	8.19198
4.04366 	8.12863
4.04604 	8.06539
4.04842 	8.00226
4.0508 	7.93924
4.05318 	7.87633
4.05556 	7.81353
4.05794 	7.75084
4.06032 	7.68826
4.0627 	7.62578
4.06508 	7.56342
4.06746 	7.50117
4.06984 	7.43902
4.07222 	7.37698
4.0746 	7.31505
4.07698 	7.25323
4.07936 	7.19151
4.08174 	7.1299
4.08412 	7.0684
4.0865 	7.007
4.08888 	6.94571
4.09126 	6.88453
4.09364 	6.82345
4.09602 	6.76248
4.0984 	6.70161
4.10078 	6.64085
4.10316 	6.58019
4.10554 	6.51964
4.10792 	6.45919
4.1103 	6.39884
4.11268 	6.3386
4.11506 	6.27846
4.11744 	6.21843
4.11982 	6.1585
4.1222 	6.09867
4.12458 	6.03894
4.12696 	5.97932
4.12934 	5.9198
4.13172 	5.86038
4.1341 	5.80106
4.13648 	5.74185
4.13886 	5.68273
4.14124 	5.62372
4.14362 	5.56481
4.146 	5.50599
4.14838 	5.44728
4.15076 	5.38867
4.15314 	5.33016
4.15552 	5.27174
4.1579 	5.21343
4.16028 	5.15522
4.16266 	5.0971
4.16504 	5.03908
4.16742 	4.98117
4.1698 	4.92335
4.17218 	4.86562
4.17456 	4.808
4.17694 	4.75047
4.17932 	4.69305
4.1817 	4.63571
4.18408 	4.57848
4.18646 	4.52134
4.18884 	4.4643
4.19122 	4.40735
4.1936 	4.3505
4.19598 	4.29375
4.19836 	4.23709
4.20074 	4.18053
4.20312 	4.12406
4.2055 	4.06769
4.20788 	4.01142
4.21026 	3.95523
4.21264 	3.89914
4.21502 	3.84315
4.2174 	3.78725
4.21978 	3.73144
4.22216 	3.67573
4.22454 	3.62011
4.22692 	3.56459
4.2293 	3.50915
4.23168 	3.45381
4.23406 	3.39856
4.23644 	3.34341
4.23882 	3.28834
4.2412 	3.23337
4.24358 	3.17849
4.24596 	3.1237
4.24834 	3.069
4.25072 	3.0144
4.2531 	2.95988
4.25548 	2.90546
4.25786 	2.85112
4.26024 	2.79688
4.26262 	2.74273
4.265 	2.68866
4.26738 	2.63469
4.26976 	2.5808
4.27214 	2.52701
4.27452 	2.4733
4.2769 	2.41968
4.27928 	2.36615
4.28166 	2.31271
4.28404 	2.25936
4.28642 	2.2061
4.2888 	2.15292
4.29118 	2.09983
4.29356 	2.04683
4.29594 	1.99392
4.29832 	1.94109
4.3007 	1.88835
4.30308 	1.8357
4.30546 	1.78314
4.30784 	1.73066
4.31022 	1.67826
4.3126 	1.62596
4.31498 	1.57374
4.31736 	1.5216
4.31974 	1.46955
4.32212 	1.41759
4.3245 	1.36571
4.32688 	1.31391
4.32926 	1.2622
4.33164 	1.21058
4.33402 	1.15904
4.3364 	1.10758
4.33878 	1.05621
4.34116 	1.00492
4.34354 	0.953717
4.34592 	0.902596
4.3483 	0.851558
4.35068 	0.800604
4.35306 	0.749732
4.35544 	0.698943
4.35782 	0.648237
4.3602 	0.597613
4.36258 	0.547072
4.36496 	0.496613
4.36734 	0.446235
4.36972 	0.39594
4.3721 	0.345726
4.37448 	0.295593
4.37686 	0.245542
4.37924 	0.195572
4.38162 	0.145683
4.384 	0.0958741
4.38638 	0.0461461
4.38876 	-0.00350144
4.39114 	-0.0530687
4.39352 	-0.102556
4.3959 	-0.151963
4.39828 	-0.201291
4.40066 	-0.250539
4.40304 	-0.299707
4.40542 	-0.348797
4.4078 	-0.397807
4.41018 	-0.446738
4.41256 	-0.495591
4.41494 	-0.544365
4.41732 	-0.593061
4.4197 	-0.641678
4.42208 	-0.690217
4.42446 	-0.738678
4.42684 	-0.787062
4.42922 	-0.835368
4.4316 	-0.883596
4.43398 	-0.931747
4.43636 	-0.979821
4.43874 	-1.02782
4.44112 	-1.07574
4.4435 	-1.12358
4.44588 	-1.17135
4.44826 	-1.21904
4.45064 	-1.26665
4.45302 	-1.31419
4.4554 	-1.36165
4.45778 	-1.40904
4.46016 	-1.45635
4.46254 	-1.50359
4.46492 	-1.55075
4.4673 	-1.59783
4.46968 	-1.64484
4.47206 	-1.69178
4.47444 	-1.73864
4.47682 	-1.78543
4.4792 	-1.83214
4.48158 	-1.87877
4.48396 	-1.92534
4.48634 	-1.97183
4.48872 	-2.01824
4.4911 	-2.06459
4.49348 	-2.11085
4.49586 	-2.15705
4.49824 	-2.20317
4.50062 	-2.24922
4.503 	-2.2952
4.50538 	-2.3411
4.50776 	-2.38693
4.51014 	-2.43269
4.51252 	-2.47838
4.5149 	-2.52399
4.51728 	-2.56953
4.51966 	-2.615
4.52204 	-2.6604
4.52442 	-2.70572
4.5268 	-2.75098
4.52918 	-2.79616
4.53156 	-2.84127
4.53394 	-2.88632
4.53632 	-2.93129
4.5387 	-2.97619
4.54108 	-3.02101
4.54346 	-3.06577
4.54584 	-3.11046
4.54822 	-3.15508
4.5506 	-3.19963
4.55298 	-3.2441
4.55536 	-3.28851
4.55774 	-3.33285
4.56012 	-3.37712
4.5625 	-3.42132
4.56488 	-3.46545
4.56726 	-3.50951
4.56964 	-3.5535
4.57202 	-3.59742
4.5744 	-3.64127
4.57678 	-3.68506
4.57916 	-3.72878
4.58154 	-3.77242
4.58392 	-3.816
4.5863 	-3.85952
4.58868 	-3.90296
4.59106 	-3.94634
4.59344 	-3.98964
4.59582 	-4.03288
4.5982 	-4.07606
4.60058 	-4.11916
4.60296 	-4.1622
4.60534 	-4.20517
4.60772 	-4.24808
4.6101 	-4.29091
4.61248 	-4.33368
4.61486 	-4.37639
4.61724 	-4.41903
4.61962 	-4.4616
4.622 	-4.5041
4.62438 	-4.54654
4.62676 	-4.58891
4.62914 	-4.63122
4.63152 	-4.67346
4.6339 	-4.71564
4.63628 	-4.75775
4.63866 	-4.79979
4.64104 	-4.84177
4.64342 	-4.88369
4.6458 	-4.92553
4.64818 	-4.96732
4.65056 	-5.00904
4.65294 	-5.05069
4.65532 	-5.09228
4.6577 	-5.13381
4.66008 	-5.17527
4.66246 	-5.21667
4.66484 	-5.258
4.66722 	-5.29927
4.6696 	-5.34047
4.67198 	-5.38161
4.67436 	-5.42269
4.67674 	-5.46371
4.67912 	-5.50466
4.6815 	-5.54554
4.68388 	-5.58637
4.68626 	-5.62713
4.68864 	-5.66783
4.69102 	-5.70846
4.6934 	-5.74903
4.69578 	-5.78954
4.69816 	-5.82999
4.70054 	-5.87037
4.70292 	-5.9107
4.7053 	-5.95096
4.70768 	-5.99115
4.71006 	-6.03129
4.71244 	-6.07136
4.71482 	-6.11137
4.7172 	-6.15132
4.71958 	-6.19121
4.72196 	-6.23104
4.72434 	-6.27081
4.72672 	-6.31051
4.7291 	-6.35015
4.73148 	-6.38974
4.73386 	-6.42926
4.73624 	-6.46872
4.73862 	-6.50812
4.741 	-6.54746
4.74338 	-6.58673
4.74576 	-6.62595
4.74814 	-6.66511
4.75052 	-6.70421
4.7529 	-6.74324
4.75528 	-6.78222
4.75766 	-6.82114
4.76004 	-6.86
4.76242 	-6.89879
4.7648 	-6.93753
4.76718 	-6.97621
4.76956 	-7.01483
4.77194 	-7.05339
4.77432 	-7.09189
4.7767 	-7.13033
4.77908 	-7.16871
4.78146 	-7.20703
4.78384 	-7.24529
4.78622 	-7.2835
4.7886 	-7.32165
4.79098 	-7.35973
4.79336 	-7.39776
4.79574 	-7.43573
4.79812 	-7.47364
4.8005 	-7.5115
4.80288 	-7.54929
4.80526 	-7.58703
4.80764 	-7.62471
4.81002 	-7.66233
4.8124 	-7.6999
4.81478 	-7.7374
4.81716 	-7.77485
4.81954 	-7.81224
4.82192 	-7.84958
4.8243 	-7.88685
4.82668 	-7.92407
4.82906 	-7.96123
4.83144 	-7.99834
4.83382 	-8.03538
4.8362 	-8.07237
4.83858 	-8.10931
4.84096 	-8.14619
4.84334 	-8.18301
4.84572 	-8.21977
4.8481 	-8.25648
4.85048 	-8.29313
4.85286 	-8.32972
4.85524 	-8.36626
4.85762 	-8.40274
4.86 	-8.43917
4.86238 	-8.47554
4.86476 	-8.51185
4.86714 	-8.54811
4.86952 	-8.58431
4.8719 	-8.62045
4.87428 	-8.65655
4.87666 	-8.69258
4.87904 	-8.72856
4.88142 	-8.76448
4.8838 	-8.80035
4.88618 	-8.83617
4.88856 	-8.87192
4.89094 	-8.90763
4.89332 	-8.94328
4.8957 	-8.97887
4.89808 	-9.01441
4.90046 	-9.04989
4.90284 	-9.08532
4.90522 	-9.12069
4.9076 	-9.15601
4.90998 	-9.19128
4.91236 	-9.22649
4.91474 	-9.26165
4.91712 	-9.29675
4.9195 	-9.3318
4.92188 	-9.36679
4.92426 	-9.40173
4.92664 	-9.43662
4.92902 	-9.47145
4.9314 	-9.50622
4.93378 	-9.54095
4.93616 	-9.57562
4.93854 	-9.61024
4.94092 	-9.6448
4.9433 	-9.67931
4.94568 	-9.71376
4.94806 	-9.74817
4.95044 	-9.78252
4.95282 	-9.81681
4.9552 	-9.85106
4.95758 	-9.88524
4.95996 	-9.91938
4.96234 	-9.95347
4.96472 	-9.9875
4.9671 	-10.0215
4.96948 	-10.0554
4.97186 	-10.0893
4.97424 	-10.1231
4.97662 	-10.1569
4.979 	-10.1906
4.98138 	-10.2242
4.98376 	-10.2578
4.98614 	-10.2914
4.98852 	-10.3249
4.9909 	-10.3584
4.99328 	-10.3918
4.99566 	-10.4251
4.99804 	-10.4584
5.00042 	-10.4916
5.0028 	-10.5248
5.00518 	-10.558
5.00756 	-10.5911
5.00994 	-10.6241
5.01232 	-10.6571
5.0147 	-10.69
5.01708 	-10.7229
5.01946 	-10.7557
5.02184 	-10.7885
5.02422 	-10.8212
5.0266 	-10.8539
5.02898 	-10.8865
5.03136 	-10.9191
5.03374 	-10.9516
5.03612 	-10.9841
5.0385 	-11.0165
5.04088 	-11.0489
5.04326 	-11.0812
5.04564 	-11.1135
5.04802 	-11.1457
5.0504 	-11.1778
5.05278 	-11.21
5.05516 	-11.242
5.05754 	-11.274
5.05992 	-11.306
5.0623 	-11.3379
5.06468 	-11.3698
5.06706 	-11.4016
5.06944 	-11.4333
5.07182 	-11.465
5.0742 	-11.4967
5.07658 	-11.5283
5.07896 	-11.5599
5.08134 	-11.5914
5.08372 	-11.6228
5.0861 	-11.6542
5.08848 	-11.6856
5.09086 	-11.7169
5.09324 	-11.7481
5.09562 	-11.7793
5.098 	-11.8105
5.10038 	-11.8416
5.10276 	-11.8727
5.10514 	-11.9037
5.10752 	-11.9346
5.1099 	-11.9655
5.11228 	-11.9964
5.11466 	-12.0272
5.11704 	-12.0579
5.11942 	-12.0886
5.1218 	-12.1193
5.12418 	-12.1499
5.12656 	-12.1805
5.12894 	-12.211
5.13132 	-12.2414
5.1337 	-12.2718
5.13608 	-12.3022
5.13846 	-12.3325
5.14084 	-12.3628
5.14322 	-12.393
5.1456 	-12.4231
5.14798 	-12.4533
5.15036 	-12.4833
5.15274 	-12.5133
5.15512 	-12.5433
5.1575 	-12.5732
5.15988 	-12.6031
5.16226 	-12.6329
5.16464 	-12.6627
5.16702 	-12.6924
5.1694 	-12.7221
5.17178 	-12.7517
5.17416 	-12.7812
5.17654 	-12.8108
5.17892 	-12.8402
5.1813 	-12.8697
5.18368 	-12.899
5.18606 	-12.9284
5.18844 	-12.9577
5.19082 	-12.9869
5.1932 	-13.0161
5.19558 	-13.0452
5.19796 	-13.0743
5.20034 	-13.1033
5.20272 	-13.1323
5.2051 	-13.1612
5.20748 	-13.1901
5.20986 	-13.219
5.21224 	-13.2478
5.21462 	-13.2765
5.217 	-13.3052
5.21938 	-13.3338
5.22176 	-13.3624
5.22414 	-13.391
5.22652 	-13.4195
5.2289 	-13.4479
5.23128 	-13.4763
5.23366 	-13.5047
5.23604 	-13.533
5.23842 	-13.5613
5.2408 	-13.5895
5.24318 	-13.6176
5.24556 	-13.6458
5.24794 	-13.6738
5.25032 	-13.7018
5.2527 	-13.7298
5.25508 	-13.7577
5.25746 	-13.7856
5.25984 	-13.8134
5.26222 	-13.8412
5.2646 	-13.8689
5.26698 	-13.8966
5.26936 	-13.9242
5.27174 	-13.9518
5.27412 	-13.9793
5.2765 	-14.0068
5.27888 	-14.0343
5.28126 	-14.0617
5.28364 	-14.089
5.28602 	-14.1163
5.2884 	-14.1435
5.29078 	-14.1707
5.29316 	-14.1979
5.29554 	-14.225
5.29792 	-14.252
5.3003 	-14.279
5.30268 	-14.306
5.30506 	-14.3329
5.30744 	-14.3597
5.30982 	-14.3866
5.3122 	-14.4133
5.31458 	-14.44
5.31696 	-14.4667
5.31934 	-14.4933
5.32172 	-14.5199
5.3241 	-14.5464
5.32648 	-14.5729
5.32886 	-14.5993
5.33124 	-14.6257
5.33362 	-14.652
5.336 	-14.6783
5.33838 	-14.7045
5.34076 	-14.7307
5.34314 	-14.7568
5.34552 	-14.7829
5.3479 	-14.809
5.35028 	-14.8349
5.35266 	-14.8609
5.35504 	-14.8868
5.35742 	-14.9126
5.3598 	-14.9384
5.36218 	-14.9642
5.36456 	-14.9899
5.36694 	-15.0155
5.36932 	-15.0411
5.3717 	-15.0667
5.37408 	-15.0922
5.37646 	-15.1176
5.37884 	-15.1431
5.38122 	-15.1684
5.3836 	-15.1937
5.38598 	-15.219
5.38836 	-15.2442
5.39074 	-15.2694
5.39312 	-15.2945
5.3955 	-15.3196
5.39788 	-15.3446
5.40026 	-15.3696
5.40264 	-15.3945
5.40502 	-15.4194
5.4074 	-15.4442
5.40978 	-15.469
5.41216 	-15.4937
5.41454 	-15.5184
5.41692 	-15.543
5.4193 	-15.5676
5.42168 	-15.5921
5.42406 	-15.6166
5.42644 	-15.6411
5.42882 	-15.6654
5.4312 	-15.6898
5.43358 	-15.7141
5.43596 	-15.7383
5.43834 	-15.7625
5.44072 	-15.7867
5.4431 	-15.8108
5.44548 	-15.8348
5.44786 	-15.8588
5.45024 	-15.8827
5.45262 	-15.9066
5.455 	-15.9305
5.45738 	-15.9543
5.45976 	-15.9781
5.46214 	-16.0018
5.46452 	-16.0254
5.4669 	-16.049
5.46928 	-16.0726
5.47166 	-16.0961
5.47404 	-16.1195
5.47642 	-16.1429
5.4788 	-16.1663
5.48118 	-16.1896
5.48356 	-16.2129
5.48594 	-16.2361
5.48832 	-16.2592
5.4907 	-16.2823
5.49308 	-16.3054
5.49546 	-16.3284
5.49784 	-16.3514
5.50022 	-16.3743
5.5026 	-16.3971
5.50498 	-16.42
5.50736 	-16.4427
5.50974 	-16.4654
5.51212 	-16.4881
5.5145 	-16.5107
5.51688 	-16.5333
5.51926 	-16.5558
5.52164 	-16.5782
5.52402 	-16.6006
5.5264 	-16.623
5.52878 	-16.6453
5.53116 	-16.6676
5.53354 	-16.6898
5.53592 	-16.7119
5.5383 	-16.7341
5.54068 	-16.7561
5.54306 	-16.7781
5.54544 	-16.8001
5.54782 	-16.822
5.5502 	-16.8438
5.55258 	-16.8656
5.55496 	-16.8874
5.55734 	-16.9091
5.55972 	-16.9307
5.5621 	-16.9523
5.56448 	-16.9739
5.56686 	-16.9954
5.56924 	-17.0168
5.57162 	-17.0382
5.574 	-17.0596
5.57638 	-17.0809
5.57876 	-17.1021
5.58114 	-17.1233
5.58352 	-17.1445
5.5859 	-17.1655
5.58828 	-17.1866
5.59066 	-17.2076
5.59304 	-17.2285
5.59542 	-17.2494
5.5978 	-17.2702
5.60018 	-17.291
5.60256 	-17.3117
5.60494 	-17.3324
5.60732 	-17.353
5.6097 	-17.3736
5.61208 	-17.3941
5.61446 	-17.4146
5.61684 	-17.435
5.61922 	-17.4553
5.6216 	-17.4756
5.62398 	-17.4959
5.62636 	-17.5161
5.62874 	-17.5362
5.63112 	-17.5563
5.6335 	-17.5764
5.63588 	-17.5964
5.63826 	-17.6163
5.64064 	-17.6362
5.64302 	-17.656
5.6454 	-17.6758
5.64778 	-17.6955
5.65016 	-17.7152
5.65254 	-17.7348
5.65492 	-17.7544
5.6573 	-17.7739
5.65968 	-17.7933
5.66206 	-17.8127
5.66444 	-17.8321
5.66682 	-17.8514
5.6692 	-17.8706
5.67158 	-17.8898
5.67396 	-17.9089
5.67634 	-17.928
5.67872 	-17.9471
5.6811 	-17.966
5.68348 	-17.9849
5.68586 	-18.0038
5.68824 	-18.0226
5.69062 	-18.0414
5.693 	-18.0601
5.69538 	-18.0787
5.69776 	-18.0973
5.70014 	-18.1158
5.70252 	-18.1343
5.7049 	-18.1527
5.70728 	-18.1711
5.70966 	-18.1894
5.71204 	-18.2077
5.71442 	-18.2259
5.7168 	-18.244
5.71918 	-18.2621
5.72156 	-18.2801
5.72394 	-18.2981
5.72632 	-18.316
5.7287 	-18.3339
5.73108 	-18.3517
5.73346 	-18.3695
5.73584 	-18.3871
5.73822 	-18.4048
5.7406 	-18.4224
5.74298 	-18.4399
5.74536 	-18.4574
5.74774 	-18.4748
5.75012 	-18.4921
5.7525 	-18.5094
5.75488 	-18.5267
5.75726 	-18.5439
5.75964 	-18.561
5.76202 	-18.5781
5.7644 	-18.5951
5.76678 	-18.612
5.76916 	-18.6289
5.77154 	-18.6458
5.77392 	-18.6626
5.7763 	-18.6793
5.77868 	-18.6959
5.78106 	-18.7126
5.78344 	-18.7291
5.78582 	-18.7456
5.7882 	-18.762
5.79058 	-18.7784
5.79296 	-18.7947
5.79534 	-18.811
5.79772 	-18.8272
5.8001 	-18.8433
5.80248 	-18.8594
5.80486 	-18.8754
5.80724 	-18.8914
5.80962 	-18.9073
5.812 	-18.9231
5.81438 	-18.9389
5.81676 	-18.9546
5.81914 	-18.9703
5.82152 	-18.9859
5.8239 	-19.0014
5.82628 	-19.0169
5.82866 	-19.0323
5.83104 	-19.0477
5.83342 	-19.063
5.8358 	-19.0782
5.83818 	-19.0934
5.84056 	-19.1085
5.84294 	-19.1236
5.84532 	-19.1386
5.8477 	-19.1535
5.85008 	-19.1684
5.85246 	-19.1832
5.85484 	-19.1979
5.85722 	-19.2126
5.8596 	-19.2273
5.86198 	-19.2418
5.86436 	-19.2563
5.86674 	-19.2708
5.86912 	-19.2851
5.8715 	-19.2994
5.87388 	-19.3137
5.87626 	-19.3279
5.87864 	-19.342
5.88102 	-19.3561
5.8834 	-19.3701
5.88578 	-19.384
5.88816 	-19.3979
5.89054 	-19.4117
5.89292 	-19.4255
5.8953 	-19.4391
5.89768 	-19.4528
5.90006 	-19.4663
5.90244 	-19.4798
5.90482 	-19.4932
5.9072 	-19.5066
5.90958 	-19.5199
5.91196 	-19.5331
5.91434 	-19.5463
5.91672 	-19.5594
5.9191 	-19.5724
5.92148 	-19.5854
5.92386 	-19.5983
5.92624 	-19.6112
5.92862 	-19.624
5.931 	-19.6367
5.93338 	-19.6493
5.93576 	-19.6619
5.93814 	-19.6744
5.94052 	-19.6869
5.9429 	-19.6992
5.94528 	-19.7116
5.94766 	-19.7238
5.95004 	-19.736
5.95242 	-19.7481
5.9548 	-19.7602
5.95718 	-19.7721
5.95956 	-19.7841
5.96194 	-19.7959
5.96432 	-19.8077
5.9667 	-19.8194
5.96908 	-19.831
5.97146 	-19.8426
5.97384 	-19.8541
5.97622 	-19.8656
5.9786 	-19.877
5.98098 	-19.8883
5.98336 	-19.8995
5.98574 	-19.9107
5.98812 	-19.9218
5.9905 	-19.9328
5.99288 	-19.9438
5.99526 	-19.9546
5.99764 	-19.9655
6.00002 	-19.9762
6.0024 	-19.9869
6.00478 	-19.9975
6.00716 	-20.0081
6.00954 	-20.0185
6.01192 	-20.0289
6.0143 	-20.0393
6.01668 	-20.0495
6.01906 	-20.0597
6.02144 	-20.0698
6.02382 	-20.0799
6.0262 	-20.0899
6.02858 	-20.0998
6.03096 	-20.1096
6.03334 	-20.1194
6.03572 	-20.1291
6.0381 	-20.1387
6.04048 	-20.1482
6.04286 	-20.1577
6.04524 	-20.1671
6.04762 	-20.1765
6.05 	-20.1857
6.05238 	-20.1949
6.05476 	-20.204
6.05714 	-20.2131
6.05952 	-20.222
6.0619 	-20.2309
6.06428 	-20.2397
6.06666 	-20.2485
6.06904 	-20.2572
6.07142 	-20.2658
6.0738 	-20.2743
6.07618 	-20.2827
6.07856 	-20.2911
6.08094 	-20.2994
6.08332 	-20.3077
6.0857 	-20.3158
6.08808 	-20.3239
6.09046 	-20.3319
6.09284 	-20.3398
6.09522 	-20.3477
6.0976 	-20.3555
6.09998 	-20.3632
6.10236 	-20.3708
6.10474 	-20.3783
6.10712 	-20.3858
6.1095 	-20.3932
6.11188 	-20.4005
6.11426 	-20.4078
6.11664 	-20.415
6.11902 	-20.422
6.1214 	-20.4291
6.12378 	-20.436
6.12616 	-20.4429
6.12854 	-20.4496
6.13092 	-20.4563
6.1333 	-20.463
6.13568 	-20.4695
6.13806 	-20.476
6.14044 	-20.4824
6.14282 	-20.4887
6.1452 	-20.495
6.14758 	-20.5011
6.14996 	-20.5072
6.15234 	-20.5132
6.15472 	-20.5191
6.1571 	-20.525
6.15948 	-20.5307
6.16186 	-20.5364
6.16424 	-20.542
6.16662 	-20.5475
6.169 	-20.553
6.17138 	-20.5583
6.17376 	-20.5636
6.17614 	-20.5688
6.17852 	-20.574
6.1809 	-20.579
6.18328 	-20.584
6.18566 	-20.5888
6.18804 	-20.5936
6.19042 	-20.5984
6.1928 	-20.603
6.19518 	-20.6076
6.19756 	-20.612
6.19994 	-20.6164
6.20232 	-20.6207
6.2047 	-20.625
6.20708 	-20.6291
6.20946 	-20.6332
6.21184 	-20.6372
6.21422 	-20.6411
6.2166 	-20.6449
6.21898 	-20.6486
6.22136 	-20.6523
6.22374 	-20.6558
6.22612 	-20.6593
6.2285 	-20.6627
6.23088 	-20.666
6.23326 	-20.6692
6.23564 	-20.6724
6.23802 	-20.6755
6.2404 	-20.6784
6.24278 	-20.6813
6.24516 	-20.6841
6.24754 	-20.6869
6.24992 	-20.6895
6.2523 	-20.6921
6.25468 	-20.6945
6.25706 	-20.6969
6.25944 	-20.6992
6.26182 	-20.7014
6.2642 	-20.7035
6.26658 	-20.7056
6.26896 	-20.7075
6.27134 	-20.7094
6.27372 	-20.7112
6.2761 	-20.7129
6.27848 	-20.7145
6.28086 	-20.716
6.28324 	-20.7175
6.28562 	-20.7188
6.288 	-20.7201
6.29038 	-20.7212
6.29276 	-20.7223
6.29514 	-20.7233
6.29752 	-20.7242
6.2999 	-20.7251
6.30228 	-20.7258
6.30466 	-20.7264
6.30704 	-20.727
6.30942 	-20.7275
6.3118 	-20.7278
6.31418 	-20.7281
6.31656 	-20.7283
6.31894 	-20.7285
6.32132 	-20.7285
6.3237 	-20.7284
6.32608 	-20.7283
6.32846 	-20.728
6.33084 	-20.7277
6.33322 	-20.7273
6.3356 	-20.7268
6.33798 	-20.7262
6.34036 	-20.7255
6.34274 	-20.7247
6.34512 	-20.7238
6.3475 	-20.7228
6.34988 	-20.7218
6.35226 	-20.7207
6.35464 	-20.7194
6.35702 	-20.7181
6.3594 	-20.7167
6.36178 	-20.7152
6.36416 	-20.7136
6.36654 	-20.7119
6.36892 	-20.7101
6.3713 	-20.7082
6.37368 	-20.7063
6.37606 	-20.7042
6.37844 	-20.702
6.38082 	-20.6998
6.3832 	-20.6975
6.38558 	-20.695
6.38796 	-20.6925
6.39034 	-20.6899
6.39272 	-20.6872
6.3951 	-20.6844
6.39748 	-20.6815
6.39986 	-20.6785
6.40224 	-20.6754
6.40462 	-20.6723
6.407 	-20.669
6.40938 	-20.6656
6.41176 	-20.6622
6.41414 	-20.6586
6.41652 	-20.655
6.4189 	-20.6513
6.42128 	-20.6474
6.42366 	-20.6435
6.42604 	-20.6395
6.42842 	-20.6354
6.4308 	-20.6312
6.43318 	-20.6269
6.43556 	-20.6225
6.43794 	-20.618
6.44032 	-20.6134
6.4427 	-20.6087
6.44508 	-20.604
6.44746 	-20.5991
6.44984 	-20.5941
6.45222 	-20.5891
6.4546 	-20.5839
6.45698 	-20.5787
6.45936 	-20.5733
6.46174 	-20.5679
6.46412 	-20.5623
6.4665 	-20.5567
6.46888 	-20.551
6.47126 	-20.5451
6.47364 	-20.5392
6.47602 	-20.5332
6.4784 	-20.5271
6.48078 	-20.5209
6.48316 	-20.5145
6.48554 	-20.5081
6.48792 	-20.5016
6.4903 	-20.495
6.49268 	-20.4883
6.49506 	-20.4815
6.49744 	-20.4746
6.49982 	-20.4677
6.5022 	-20.4606
6.50458 	-20.4534
6.50696 	-20.4461
6.50934 	-20.4387
6.51172 	-20.4313
6.5141 	-20.4237
6.51648 	-20.416
6.51886 	-20.4082
6.52124 	-20.4004
6.52362 	-20.3924
6.526 	-20.3844
6.52838 	-20.3762
6.53076 	-20.3679
6.53314 	-20.3596
6.53552 	-20.3511
6.5379 	-20.3426
6.54028 	-20.3339
6.54266 	-20.3252
6.54504 	-20.3163
6.54742 	-20.3074
6.5498 	-20.2983
6.55218 	-20.2892
6.55456 	-20.28
6.55694 	-20.2706
6.55932 	-20.2612
6.5617 	-20.2516
6.56408 	-20.242
6.56646 	-20.2323
6.56884 	-20.2224
6.57122 	-20.2125
6.5736 	-20.2025
6.57598 	-20.1923
6.57836 	-20.1821
6.58074 	-20.1718
6.58312 	-20.1614
6.5855 	-20.1508
6.58788 	-20.1402
6.59026 	-20.1295
6.59264 	-20.1187
6.59502 	-20.1077
6.5974 	-20.0967
6.59978 	-20.0856
6.60216 	-20.0744
6.60454 	-20.063
6.60692 	-20.0516
6.6093 	-20.0401
6.61168 	-20.0285
6.61406 	-20.0168
6.61644 	-20.0049
6.61882 	-19.993
6.6212 	-19.981
6.62358 	-19.9689
6.62596 	-19.9567
6.62834 	-19.9444
6.63072 	-19.932
6.6331 	-19.9194
6.63548 	-19.9068
6.63786 	-19.8941
6.64024 	-19.8813
6.64262 	-19.8684
6.645 	-19.8554
6.64738 	-19.8423
6.64976 	-19.829
6.65214 	-19.8157
6.65452 	-19.8023
6.6569 	-19.7888
6.65928 	-19.7752
6.66166 	-19.7615
6.66404 	-19.7477
6.66642 	-19.7338
6.6688 	-19.7198
6.67118 	-19.7057
6.67356 	-19.6915
6.67594 	-19.6772
6.67832 	-19.6628
6.6807 	-19.6482
6.68308 	-19.6336
6.68546 	-19.6189
6.68784 	-19.6041
6.69022 	-19.5892
6.6926 	-19.5742
6.69498 	-19.5591
6.69736 	-19.5439
6.69974 	-19.5286
6.70212 	-19.5132
6.7045 	-19.4977
6.70688 	-19.4822
6.70926 	-19.4665
6.71164 	-19.4507
6.71402 	-19.4348
6.7164 	-19.4188
6.71878 	-19.4027
6.72116 	-19.3865
6.72354 	-19.3702
6.72592 	-19.3538
6.7283 	-19.3373
6.73068 	-19.3208
6.73306 	-19.3041
6.73544 	-19.2873
6.73782 	-19.2704
6.7402 	-19.2534
6.74258 	-19.2364
6.74496 	-19.2192
6.74734 	-19.2019
6.74972 	-19.1845
6.7521 	-19.1671
6.75448 	-19.1495
6.75686 	-19.1318
6.75924 	-19.1141
6.76162 	-19.0962
6.764 	-19.0783
6.76638 	-19.0602
6.76876 	-19.0421
6.77114 	-19.0238
6.77352 	-19.0055
6.7759 	-18.987
6.77828 	-18.9685
6.78066 	-18.9498
6.78304 	-18.9311
6.78542 	-18.9123
6.7878 	-18.8933
6.79018 	-18.8743
6.79256 	-18.8552
6.79494 	-18.836
6.79732 	-18.8167
6.7997 	-18.7973
6.80208 	-18.7777
6.80446 	-18.7581
6.80684 	-18.7384
6.80922 	-18.7186
6.8116 	-18.6988
6.81398 	-18.6788
6.81636 	-18.6587
6.81874 	-18.6385
6.82112 	-18.6182
6.8235 	-18.5979
6.82588 	-18.5774
6.82826 	-18.5568
6.83064 	-18.5362
6.83302 	-18.5154
6.8354 	-18.4946
6.83778 	-18.4737
6.84016 	-18.4526
6.84254 	-18.4315
6.84492 	-18.4103
6.8473 	-18.389
6.84968 	-18.3675
6.85206 	-18.346
6.85444 	-18.3245
6.85682 	-18.3028
6.8592 	-18.281
6.86158 	-18.2591
6.86396 	-18.2371
6.86634 	-18.2151
6.86872 	-18.1929
6.8711 	-18.1707
6.87348 	-18.1483
6.87586 	-18.1259
6.87824 	-18.1034
6.88062 	-18.0808
6.883 	-18.0581
6.88538 	-18.0353
6.88776 	-18.0124
6.89014 	-17.9894
6.89252 	-17.9663
6.8949 	-17.9432
6.89728 	-17.9199
6.89966 	-17.8966
6.90204 	-17.8731
6.90442 	-17.8496
6.9068 	-17.826
6.90918 	-17.8023
6.91156 	-17.7785
6.91394 	-17.7546
6.91632 	-17.7306
6.9187 	-17.7066
6.92108 	-17.6824
6.92346 	-17.6582
6.92584 	-17.6338
6.92822 	-17.6094
6.9306 	-17.5849
6.93298 	-17.5603
6.93536 	-17.5356
6.93774 	-17.5109
6.94012 	-17.486
6.9425 	-17.4611
6.94488 	-17.436
6.94726 	-17.4109
6.94964 	-17.3857
6.95202 	-17.3604
6.9544 	-17.335
6.95678 	-17.3096
6.95916 	-17.284
6.96154 	-17.2584
6.96392 	-17.2327
6.9663 	-17.2069
6.96868 	-17.181
6.97106 	-17.155
6.97344 	-17.1289
6.97582 	-17.1028
6.9782 	-17.0765
6.98058 	-17.0502
6.98296 	-17.0238
6.98534 	-16.9974
6.98772 	-16.9708
6.9901 	-16.9441
6.99248 	-16.9174
6.99486 	-16.8906
6.99724 	-16.8637
6.99962 	-16.8367
7.002 	-16.8097
7.00438 	-16.7825
7.00676 	-16.7553
7.00914 	-16.728
7.01152 	-16.7006
7.0139 	-16.6732
7.01628 	-16.6456
7.01866 	-16.618
7.02104 	-16.5903
7.02342 	-16.5625
7.0258 	-16.5347
7.02818 	-16.5067
7.03056 	-16.4787
7.03294 	-16.4506
7.03532 	-16.4224
7.0377 	-16.3942
7.04008 	-16.3658
7.04246 	-16.3374
7.04484 	-16.3089
7.04722 	-16.2804
7.0496 	-16.2517
7.05198 	-16.223
7.05436 	-16.1942
7.05674 	-16.1653
7.05912 	-16.1364
7.0615 	-16.1074
7.06388 	-16.0783
7.06626 	-16.0491
7.06864 	-16.0199
7.07102 	-15.9905
7.0734 	-15.9611
7.07578 	-15.9317
7.07816 	-15.9021
7.08054 	-15.8725
7.08292 	-15.8428
7.0853 	-15.8131
7.08768 	-15.7832
7.09006 	-15.7533
7.09244 	-15.7234
7.09482 	-15.6933
7.0972 	-15.6632
7.09958 	-15.633
7.10196 	-15.6027
7.10434 	-15.5724
7.10672 	-15.542
7.1091 	-15.5115
7.11148 	-15.481
7.11386 	-15.4504
7.11624 	-15.4197
7.11862 	-15.389
7.121 	-15.3582
7.12338 	-15.3273
7.12576 	-15.2963
7.12814 	-15.2653
7.13052 	-15.2342
7.1329 	-15.2031
7.13528 	-15.1719
7.13766 	-15.1406
7.14004 	-15.1092
7.14242 	-15.0778
7.1448 	-15.0463
7.14718 	-15.0148
7.14956 	-14.9832
7.15194 	-14.9515
7.15432 	-14.9198
7.1567 	-14.888
7.15908 	-14.8561
7.16146 	-14.8242
7.16384 	-14.7922
7.16622 	-14.7602
7.1686 	-14.7281
7.17098 	-14.6959
7.17336 	-14.6636
7.17574 	-14.6314
7.17812 	-14.599
7.1805 	-14.5666
7.18288 	-14.5341
7.18526 	-14.5016
7.18764 	-14.469
7.19002 	-14.4363
7.1924 	-14.4036
7.19478 	-14.3709
7.19716 	-14.338
7.19954 	-14.3051
7.20192 	-14.2722
7.2043 	-14.2392
7.20668 	-14.2062
7.20906 	-14.173
7.21144 	-14.1399
7.21382 	-14.1067
7.2162 	-14.0734
7.21858 	-14.0401
7.22096 	-14.0067
7.22334 	-13.9732
7.22572 	-13.9397
7.2281 	-13.9062
7.23048 	-13.8726
7.23286 	-13.8389
7.23524 	-13.8052
7.23762 	-13.7715
7.24 	-13.7377
7.24238 	-13.7038
7.24476 	-13.6699
7.24714 	-13.636
7.24952 	-13.6019
7.2519 	-13.5679
7.25428 	-13.5338
7.25666 	-13.4996
7.25904 	-13.4654
7.26142 	-13.4312
7.2638 	-13.3969
7.26618 	-13.3625
7.26856 	-13.3281
7.27094 	-13.2937
7.27332 	-13.2592
7.2757 	-13.2246
7.27808 	-13.1901
7.28046 	-13.1554
7.28284 	-13.1208
7.28522 	-13.086
7.2876 	-13.0513
7.28998 	-13.0165
7.29236 	-12.9816
7.29474 	-12.9467
7.29712 	-12.9118
7.2995 	-12.8768
7.30188 	-12.8418
7.30426 	-12.8067
7.30664 	-12.7716
7.30902 	-12.7365
7.3114 	-12.7013
7.31378 	-12.6661
7.31616 	-12.6308
7.31854 	-12.5955
7.32092 	-12.5602
7.3233 	-12.5248
7.32568 	-12.4894
7.32806 	-12.4539
7.33044 	-12.4184
7.33282 	-12.3829
7.3352 	-12.3473
7.33758 	-12.3117
7.33996 	-12.2761
7.34234 	-12.2404
7.34472 	-12.2047
7.3471 	-12.1689
7.34948 	-12.1332
7.35186 	-12.0973
7.35424 	-12.0615
7.35662 	-12.0256
7.359 	-11.9897
7.36138 	-11.9537
7.36376 	-11.9178
7.36614 	-11.8817
7.36852 	-11.8457
7.3709 	-11.8096
7.37328 	-11.7735
7.37566 	-11.7374
7.37804 	-11.7012
7.38042 	-11.665
7.3828 	-11.6288
7.38518 	-11.5925
7.38756 	-11.5562
7.38994 	-11.5199
7.39232 	-11.4836
7.3947 	-11.4472
7.39708 	-11.4108
7.39946 	-11.3744
7.40184 	-11.338
7.40422 	-11.3015
7.4066 	-11.265
7.40898 	-11.2285
7.41136 	-11.1919
7.41374 	-11.1554
7.41612 	-11.1188
7.4185 	-11.0821
7.42088 	-11.0455
7.42326 	-11.0088
7.42564 	-10.9721
7.42802 	-10.9354
7.4304 	-10.8987
7.43278 	-10.862
7.43516 	-10.8252
7.43754 	-10.7884
7.43992 	-10.7516
7.4423 	-10.7147
7.44468 	-10.6779
7.44706 	-10.641
7.44944 	-10.6041
7.45182 	-10.5672
7.4542 	-10.5303
7.45658 	-10.4934
7.45896 	-10.4564
7.46134 	-10.4194
7.46372 	-10.3824
7.4661 	-10.3454
7.46848 	-10.3084
7.47086 	-10.2714
7.47324 	-10.2343
7.47562 	-10.1972
7.478 	-10.1601
7.48038 	-10.1231
7.48276 	-10.0859
7.48514 	-10.0488
7.48752 	-10.0117
7.4899 	-9.97454
7.49228 	-9.93738
7.49466 	-9.90021
7.49704 	-9.86303
7.49942 	-9.82584
7.5018 	-9.78864
7.50418 	-9.75143
7.50656 	-9.71421
7.50894 	-9.67698
7.51132 	-9.63974
7.5137 	-9.60249
7.51608 	-9.56524
7.51846 	-9.52798
7.52084 	-9.49071
7.52322 	-9.45343
7.5256 	-9.41615
7.52798 	-9.37886
7.53036 	-9.34156
7.53274 	-9.30426
7.53512 	-9.26696
7.5375 	-9.22965
7.53988 	-9.19234
7.54226 	-9.15502
7.54464 	-9.1177
7.54702 	-9.08037
7.5494 	-9.04305
7.55178 	-9.00572
7.55416 	-8.96839
7.55654 	-8.93105
7.55892 	-8.89372
7.5613 	-8.85638
7.56368 	-8.81905
7.56606 	-8.78171
7.56844 	-8.74438
7.57082 	-8.70704
7.5732 	-8.66971
7.57558 	-8.63237
7.57796 	-8.59504
7.58034 	-8.55771
7.58272 	-8.52038
7.5851 	-8.48306
7.58748 	-8.44574
7.58986 	-8.40842
7.59224 	-8.3711
7.59462 	-8.33379
7.597 	-8.29649
7.59938 	-8.25919
7.60176 	-8.22189
7.60414 	-8.1846
7.60652 	-8.14731
7.6089 	-8.11004
7.61128 	-8.07276
7.61366 	-8.0355
7.61604 	-7.99824
7.61842 	-7.96099
7.6208 	-7.92375
7.62318 	-7.88651
7.62556 	-7.84929
7.62794 	-7.81207
7.63032 	-7.77487
7.6327 	-7.73767
7.63508 	-7.70048
7.63746 	-7.66331
7.63984 	-7.62614
7.64222 	-7.58898
7.6446 	-7.55184
7.64698 	-7.51471
7.64936 	-7.47759
7.65174 	-7.44048
7.65412 	-7.40339
7.6565 	-7.36631
7.65888 	-7.32924
7.66126 	-7.29218
7.66364 	-7.25514
7.66602 	-7.21812
7.6684 	-7.18111
7.67078 	-7.14411
7.67316 	-7.10713
7.67554 	-7.07016
7.67792 	-7.03321
7.6803 	-6.99628
7.68268 	-6.95937
7.68506 	-6.92247
7.68744 	-6.88558
7.68982 	-6.84872
7.6922 	-6.81187
7.69458 	-6.77505
7.69696 	-6.73824
7.69934 	-6.70145
7.70172 	-6.66468
7.7041 	-6.62793
7.70648 	-6.59119
7.70886 	-6.55448
7.71124 	-6.51779
7.71362 	-6.48112
7.716 	-6.44447
7.71838 	-6.40785
7.72076 	-6.37124
7.72314 	-6.33466
7.72552 	-6.2981
7.7279 	-6.26156
7.73028 	-6.22504
7.73266 	-6.18855
7.73504 	-6.15208
7.73742 	-6.11564
7.7398 	-6.07922
7.74218 	-6.04282
7.74456 	-6.00645
7.74694 	-5.9701
7.74932 	-5.93378
7.7517 	-5.89749
7.75408 	-5.86122
7.75646 	-5.82498
7.75884 	-5.78876
7.76122 	-5.75257
7.7636 	-5.71641
7.76598 	-5.68027
7.76836 	-5.64416
7.77074 	-5.60809
7.77312 	-5.57203
7.7755 	-5.53601
7.77788 	-5.50002
7.78026 	-5.46405
7.78264 	-5.42812
7.78502 	-5.39221
7.7874 	-5.35634
7.78978 	-5.32049
7.79216 	-5.28468
7.79454 	-5.24889
7.79692 	-5.21314
7.7993 	-5.17742
7.80168 	-5.14173
7.80406 	-5.10607
7.80644 	-5.07044
7.80882 	-5.03485
7.8112 	-4.99929
7.81358 	-4.96376
7.81596 	-4.92827
7.81834 	-4.8928
7.82072 	-4.85738
7.8231 	-4.82198
7.82548 	-4.78662
7.82786 	-4.7513
7.83024 	-4.71601
7.83262 	-4.68075
7.835 	-4.64553
7.83738 	-4.61035
7.83976 	-4.5752
7.84214 	-4.54009
7.84452 	-4.50501
7.8469 	-4.46997
7.84928 	-4.43497
7.85166 	-4.4
7.85404 	-4.36507
7.85642 	-4.33018
7.8588 	-4.29532
7.86118 	-4.26051
7.86356 	-4.22573
7.86594 	-4.19099
7.86832 	-4.15629
7.8707 	-4.12163
7.87308 	-4.08701
7.87546 	-4.05242
7.87784 	-4.01788
7.88022 	-3.98337
7.8826 	-3.94891
7.88498 	-3.91449
7.88736 	-3.8801
7.88974 	-3.84576
7.89212 	-3.81146
7.8945 	-3.7772
7.89688 	-3.74298
7.89926 	-3.7088
7.90164 	-3.67467
7.90402 	-3.64057
7.9064 	-3.60652
7.90878 	-3.57251
7.91116 	-3.53855
7.91354 	-3.50462
7.91592 	-3.47074
7.9183 	-3.43691
7.92068 	-3.40311
7.92306 	-3.36936
7.92544 	-3.33566
7.92782 	-3.30199
7.9302 	-3.26838
7.93258 	-3.2348
7.93496 	-3.20128
7.93734 	-3.16779
7.93972 	-3.13435
7.9421 	-3.10096
7.94448 	-3.06761
7.94686 	-3.03431
7.94924 	-3.00106
7.95162 	-2.96785
7.954 	-2.93468
7.95638 	-2.90157
7.95876 	-2.8685
7.96114 	-2.83547
7.96352 	-2.8025
7.9659 	-2.76957
7.96828 	-2.73669
7.97066 	-2.70385
7.97304 	-2.67107
7.97542 	-2.63833
7.9778 	-2.60564
7.98018 	-2.57299
7.98256 	-2.5404
7.98494 	-2.50786
7.98732 	-2.47536
7.9897 	-2.44291
7.99208 	-2.41051
7.99446 	-2.37816
7.99684 	-2.34586
7.99922 	-2.31361
8.0016 	-2.28141
8.00398 	-2.24926
8.00636 	-2.21716
8.00874 	-2.18511
8.01112 	-2.15311
8.0135 	-2.12117
8.01588 	-2.08927
8.01826 	-2.05742
8.02064 	-2.02562
8.02302 	-1.99388
8.0254 	-1.96218
8.02778 	-1.93054
8.03016 	-1.89895
8.03254 	-1.86741
8.03492 	-1.83592
8.0373 	-1.80449
8.03968 	-1.77311
8.04206 	-1.74178
8.04444 	-1.7105
8.04682 	-1.67927
8.0492 	-1.6481
8.05158 	-1.61698
8.05396 	-1.58591
8.05634 	-1.5549
8.05872 	-1.52394
8.0611 	-1.49303
8.06348 	-1.46218
8.06586 	-1.43138
8.06824 	-1.40063
8.07062 	-1.36994
8.073 	-1.3393
8.07538 	-1.30872
8.07776 	-1.27819
8.08014 	-1.24771
8.08252 	-1.21729
8.0849 	-1.18693
8.08728 	-1.15662
8.08966 	-1.12636
8.09204 	-1.09616
8.09442 	-1.06601
8.0968 	-1.03592
8.09918 	-1.00589
8.10156 	-0.975906
8.10394 	-0.945981
8.10632 	-0.916112
8.1087 	-0.886299
8.11108 	-0.856541
8.11346 	-0.82684
8.11584 	-0.797194
8.11822 	-0.767605
8.1206 	-0.738072
8.12298 	-0.708595
8.12536 	-0.679175
8.12774 	-0.649812
8.13012 	-0.620505
8.1325 	-0.591254
8.13488 	-0.562061
8.13726 	-0.532924
8.13964 	-0.503845
8.14202 	-0.474822
8.1444 	-0.445857
8.14678 	-0.416949
8.14916 	-0.388099
8.15154 	-0.359306
8.15392 	-0.33057
8.1563 	-0.301892
8.15868 	-0.273272
8.16106 	-0.244709
8.16344 	-0.216204
8.16582 	-0.187758
8.1682 	-0.159369
8.17058 	-0.131038
8.17296 	-0.102765
8.17534 	-0.0745509
8.17772 	-0.0463948
8.1801 	-0.018297
8.18248 	0.00974239
8.18486 	0.0377233
8.18724 	0.0656456
8.18962 	0.0935093
8.192 	0.121314
8.19438 	0.149061
8.19676 	0.176748
8.19914 	0.204377
8.20152 	0.231946
8.2039 	0.259457
8.20628 	0.286909
8.20866 	0.314301
8.21104 	0.341635
8.21342 	0.368909
8.2158 	0.396124
8.21818 	0.42328
8.22056 	0.450376
8.22294 	0.477413
8.22532 	0.50439
8.2277 	0.531308
8.23008 	0.558166
8.23246 	0.584965
8.23484 	0.611704
8.23722 	0.638384
8.2396 	0.665003
8.24198 	0.691563
8.24436 	0.718063
8.24674 	0.744504
8.24912 	0.770884
8.2515 	0.797205
8.25388 	0.823465
8.25626 	0.849666
8.25864 	0.875806
8.26102 	0.901887
8.2634 	0.927907
8.26578 	0.953867
8.26816 	0.979767
8.27054 	1.00561
8.27292 	1.03139
8.2753 	1.05711
8.27768 	1.08277
8.28006 	1.10836
8.28244 	1.1339
8.28482 	1.15938
8.2872 	1.1848
8.28958 	1.21016
8.29196 	1.23545
8.29434 	1.26069
8.29672 	1.28587
8.2991 	1.31098
8.30148 	1.33604
8.30386 	1.36103
8.30624 	1.38597
8.30862 	1.41084
8.311 	1.43566
8.31338 	1.46041
8.31576 	1.4851
8.31814 	1.50973
8.32052 	1.5343
8.3229 	1.55882
8.32528 	1.58327
8.32766 	1.60766
8.33004 	1.63198
8.33242 	1.65625
8.3348 	1.68046
8.33718 	1.70461
8.33956 	1.7287
8.34194 	1.75272
8.34432 	1.77669
8.3467 	1.80059
8.34908 	1.82444
8.35146 	1.84822
8.35384 	1.87194
8.35622 	1.89561
8.3586 	1.91921
8.36098 	1.94275
8.36336 	1.96623
8.36574 	1.98965
8.36812 	2.01301
8.3705 	2.03631
8.37288 	2.05955
8.37526 	2.08273
8.37764 	2.10585
8.38002 	2.1289
8.3824 	2.1519
8.38478 	2.17484
8.38716 	2.19771
8.38954 	2.22053
8.39192 	2.24328
8.3943 	2.26598
8.39668 	2.28861
8.39906 	2.31119
8.40144 	2.3337
8.40382 	2.35616
8.4062 	2.37855
8.40858 	2.40088
8.41096 	2.42316
8.41334 	2.44537
8.41572 	2.46752
8.4181 	2.48961
8.42048 	2.51165
8.42286 	2.53362
8.42524 	2.55553
8.42762 	2.57738
8.43 	2.59917
8.43238 	2.62091
8.43476 	2.64258
8.43714 	2.66419
8.43952 	2.68574
8.4419 	2.70724
8.44428 	2.72867
8.44666 	2.75004
8.44904 	2.77135
8.45142 	2.79261
8.4538 	2.8138
8.45618 	2.83494
8.45856 	2.85601
8.46094 	2.87703
8.46332 	2.89798
8.4657 	2.91888
8.46808 	2.93971
8.47046 	2.96049
8.47284 	2.98121
8.47522 	3.00187
8.4776 	3.02247
8.47998 	3.04301
8.48236 	3.06349
8.48474 	3.08391
8.48712 	3.10427
8.4895 	3.12457
8.49188 	3.14482
8.49426 	3.165
8.49664 	3.18513
8.49902 	3.2052
8.5014 	3.22521
8.50378 	3.24516
8.50616 	3.26505
8.50854 	3.28488
8.51092 	3.30466
8.5133 	3.32437
8.51568 	3.34403
8.51806 	3.36363
8.52044 	3.38317
8.52282 	3.40265
8.5252 	3.42208
8.52758 	3.44144
8.52996 	3.46075
8.53234 	3.48
8.53472 	3.49919
8.5371 	3.51832
8.53948 	3.5374
8.54186 	3.55642
8.54424 	3.57538
8.54662 	3.59428
8.549 	3.61312
8.55138 	3.63191
8.55376 	3.65064
8.55614 	3.66931
8.55852 	3.68792
8.5609 	3.70648
8.56328 	3.72498
8.56566 	3.74342
8.56804 	3.76181
8.57042 	3.78013
8.5728 	3.79841
8.57518 	3.81662
8.57756 	3.83478
8.57994 	3.85288
8.58232 	3.87092
8.5847 	3.88891
8.58708 	3.90684
8.58946 	3.92471
8.59184 	3.94253
8.59422 	3.96029
8.5966 	3.97799
8.59898 	3.99564
8.60136 	4.01323
8.60374 	4.03076
8.60612 	4.04824
8.6085 	4.06567
8.61088 	4.08303
8.61326 	4.10035
8.61564 	4.1176
8.61802 	4.1348
8.6204 	4.15194
8.62278 	4.16903
8.62516 	4.18607
8.62754 	4.20304
8.62992 	4.21997
8.6323 	4.23683
8.63468 	4.25364
8.63706 	4.2704
8.63944 	4.2871
8.64182 	4.30375
8.6442 	4.32034
8.64658 	4.33688
8.64896 	4.35336
8.65134 	4.36979
8.65372 	4.38616
8.6561 	4.40248
8.65848 	4.41874
8.66086 	4.43495
8.66324 	4.45111
8.66562 	4.46721
8.668 	4.48326
8.67038 	4.49925
8.67276 	4.51519
8.67514 	4.53108
8.67752 	4.54691
8.6799 	4.56269
8.68228 	4.57841
8.68466 	4.59408
8.68704 	4.6097
8.68942 	4.62526
8.6918 	4.64078
8.69418 	4.65623
8.69656 	4.67164
8.69894 	4.68699
8.70132 	4.70229
8.7037 	4.71753
8.70608 	4.73273
8.70846 	4.74787
8.71084 	4.76296
8.71322 	4.77799
8.7156 	4.79298
8.71798 	4.80791
8.72036 	4.82279
8.72274 	4.83761
8.72512 	4.85239
8.7275 	4.86711
8.72988 	4.88178
8.73226 	4.8964
8.73464 	4.91097
8.73702 	4.92548
8.7394 	4.93995
8.74178 	4.95436
8.74416 	4.96872
8.74654 	4.98303
8.74892 	4.99729
8.7513 	5.0115
8.75368 	5.02566
8.75606 	5.03976
8.75844 	5.05382
8.76082 	5.06782
8.7632 	5.08178
8.76558 	5.09568
8.76796 	5.10953
8.77034 	5.12334
8.77272 	5.13709
8.7751 	5.15079
8.77748 	5.16445
8.77986 	5.17805
8.78224 	5.1916
8.78462 	5.20511
8.787 	5.21856
8.78938 	5.23196
8.79176 	5.24532
8.79414 	5.25862
8.79652 	5.27188
8.7989 	5.28509
8.80128 	5.29824
8.80366 	5.31135
8.80604 	5.32441
8.80842 	5.33742
8.8108 	5.35039
8.81318 	5.3633
8.81556 	5.37616
8.81794 	5.38898
8.82032 	5.40175
8.8227 	5.41447
8.82508 	5.42714
8.82746 	5.43977
8.82984 	5.45234
8.83222 	5.46487
8.8346 	5.47735
8.83698 	5.48979
8.83936 	5.50217
8.84174 	5.51451
8.84412 	5.5268
8.8465 	5.53904
8.84888 	5.55124
8.85126 	5.56339
8.85364 	5.57549
8.85602 	5.58755
8.8584 	5.59955
8.86078 	5.61152
8.86316 	5.62343
8.86554 	5.6353
8.86792 	5.64712
8.8703 	5.6589
8.87268 	5.67063
8.87506 	5.68231
8.87744 	5.69395
8.87982 	5.70555
8.8822 	5.71709
8.88458 	5.72859
8.88696 	5.74005
8.88934 	5.75146
8.89172 	5.76282
8.8941 	5.77414
8.89648 	5.78542
8.89886 	5.79664
8.90124 	5.80783
8.90362 	5.81897
8.906 	5.83006
8.90838 	5.84111
8.91076 	5.85212
8.91314 	5.86308
8.91552 	5.87399
8.9179 	5.88486
8.92028 	5.89569
8.92266 	5.90648
8.92504 	5.91722
8.92742 	5.92791
8.9298 	5.93856
8.93218 	5.94917
8.93456 	5.95974
8.93694 	5.97026
8.93932 	5.98074
8.9417 	5.99117
8.94408 	6.00156
8.94646 	6.01191
8.94884 	6.02222
8.95122 	6.03248
8.9536 	6.0427
8.95598 	6.05287
8.95836 	6.06301
8.96074 	6.0731
8.96312 	6.08315
8.9655 	6.09316
8.96788 	6.10312
8.97026 	6.11305
8.97264 	6.12293
8.97502 	6.13277
8.9774 	6.14256
8.97978 	6.15232
8.98216 	6.16203
8.98454 	6.17171
8.98692 	6.18134
8.9893 	6.19093
8.99168 	6.20047
8.99406 	6.20998
8.99644 	6.21945
8.99882 	6.22888
9.0012 	6.23826
9.00358 	6.2476
9.00596 	6.25691
9.00834 	6.26617
9.01072 	6.27539
9.0131 	6.28458
9.01548 	6.29372
9.01786 	6.30282
9.02024 	6.31188
9.02262 	6.32091
9.025 	6.32989
9.02738 	6.33883
9.02976 	6.34774
9.03214 	6.3566
9.03452 	6.36542
9.0369 	6.37421
9.03928 	6.38296
9.04166 	6.39166
9.04404 	6.40033
9.04642 	6.40896
9.0488 	6.41755
9.05118 	6.4261
9.05356 	6.43462
9.05594 	6.44309
9.05832 	6.45153
9.0607 	6.45992
9.06308 	6.46828
9.06546 	6.47661
9.06784 	6.48489
9.07022 	6.49313
9.0726 	6.50134
9.07498 	6.50951
9.07736 	6.51765
9.07974 	6.52574
9.08212 	6.5338
9.0845 	6.54182
9.08688 	6.5498
9.08926 	6.55775
9.09164 	6.56566
9.09402 	6.57353
9.0964 	6.58136
9.09878 	6.58916
9.10116 	6.59692
9.10354 	6.60465
9.10592 	6.61234
9.1083 	6.61999
9.11068 	6.62761
9.11306 	6.63519
9.11544 	6.64273
9.11782 	6.65024
9.1202 	6.65771
9.12258 	6.66515
9.12496 	6.67255
9.12734 	6.67992
9.12972 	6.68725
9.1321 	6.69454
9.13448 	6.7018
9.13686 	6.70902
9.13924 	6.71621
9.14162 	6.72337
9.144 	6.73049
9.14638 	6.73757
9.14876 	6.74462
9.15114 	6.75164
9.15352 	6.75862
9.1559 	6.76556
9.15828 	6.77247
9.16066 	6.77935
9.16304 	6.7862
9.16542 	6.79301
9.1678 	6.79978
9.17018 	6.80652
9.17256 	6.81323
9.17494 	6.81991
9.17732 	6.82655
9.1797 	6.83315
9.18208 	6.83973
9.18446 	6.84627
9.18684 	6.85278
9.18922 	6.85925
9.1916 	6.86569
9.19398 	6.8721
9.19636 	6.87848
9.19874 	6.88482
9.20112 	6.89113
9.2035 	6.89741
9.20588 	6.90365
9.20826 	6.90987
9.21064 	6.91605
9.21302 	6.92219
9.2154 	6.92831
9.21778 	6.9344
9.22016 	6.94045
9.22254 	6.94647
9.22492 	6.95246
9.2273 	6.95842
9.22968 	6.96434
9.23206 	6.97024
9.23444 	6.9761
9.23682 	6.98193
9.2392 	6.98773
9.24158 	6.9935
9.24396 	6.99924
9.24634 	7.00495
9.24872 	7.01063
9.2511 	7.01627
9.25348 	7.02189
9.25586 	7.02748
9.25824 	7.03303
9.26062 	7.03856
9.263 	7.04405
9.26538 	7.04951
9.26776 	7.05495
9.27014 	7.06035
9.27252 	7.06573
9.2749 	7.07107
9.27728 	7.07639
9.27966 	7.08167
9.28204 	7.08693
9.28442 	7.09215
9.2868 	7.09735
9.28918 	7.10252
9.29156 	7.10766
9.29394 	7.11277
9.29632 	7.11785
9.2987 	7.1229
9.30108 	7.12792
9.30346 	7.13291
9.30584 	7.13788
9.30822 	7.14282
9.3106 	7.14772
9.31298 	7.1526
9.31536 	7.15746
9.31774 	7.16228
9.32012 	7.16707
9.3225 	7.17184
9.32488 	7.17658
9.32726 	7.18129
9.32964 	7.18597
9.33202 	7.19063
9.3344 	7.19526
9.33678 	7.19986
9.33916 	7.20443
9.34154 	7.20898
9.34392 	7.21349
9.3463 	7.21799
9.34868 	7.22245
9.35106 	7.22689
9.35344 	7.2313
9.35582 	7.23568
9.3582 	7.24004
9.36058 	7.24437
9.36296 	7.24867
9.36534 	7.25294
9.36772 	7.25719
9.3701 	7.26142
9.37248 	7.26562
9.37486 	7.26979
9.37724 	7.27393
9.37962 	7.27805
9.382 	7.28214
9.38438 	7.28621
9.38676 	7.29025
9.38914 	7.29427
9.39152 	7.29826
9.3939 	7.30222
9.39628 	7.30616
9.39866 	7.31007
9.40104 	7.31396
9.40342 	7.31783
9.4058 	7.32166
9.40818 	7.32548
9.41056 	7.32926
9.41294 	7.33303
9.41532 	7.33676
9.4177 	7.34048
9.42008 	7.34417
9.42246 	7.34783
9.42484 	7.35147
9.42722 	7.35508
9.4296 	7.35868
9.43198 	7.36224
9.43436 	7.36578
9.43674 	7.3693
9.43912 	7.3728
9.4415 	7.37627
9.44388 	7.37971
9.44626 	7.38313
9.44864 	7.38653
9.45102 	7.38991
9.4534 	7.39326
9.45578 	7.39659
9.45816 	7.39989
9.46054 	7.40317
9.46292 	7.40643
9.4653 	7.40967
9.46768 	7.41288
9.47006 	7.41607
9.47244 	7.41923
9.47482 	7.42237
9.4772 	7.42549
9.47958 	7.42859
9.48196 	7.43166
9.48434 	7.43472
9.48672 	7.43775
9.4891 	7.44075
9.49148 	7.44374
9.49386 	7.4467
9.49624 	7.44964
9.49862 	7.45256
9.501 	7.45545
9.50338 	7.45833
9.50576 	7.46118
9.50814 	7.46401
9.51052 	7.46681
9.5129 	7.4696
9.51528 	7.47237
9.51766 	7.47511
9.52004 	7.47783
9.52242 	7.48053
9.5248 	7.48321
9.52718 	7.48587
9.52956 	7.4885
9.53194 	7.49112
9.53432 	7.49371
9.5367 	7.49629
9.53908 	7.49884
9.54146 	7.50137
9.54384 	7.50388
9.54622 	7.50637
9.5486 	7.50884
9.55098 	7.51129
9.55336 	7.51372
9.55574 	7.51612
9.55812 	7.51851
9.5605 	7.52088
9.56288 	7.52322
9.56526 	7.52555
9.56764 	7.52786
9.57002 	7.53014
9.5724 	7.53241
9.57478 	7.53466
9.57716 	7.53688
9.57954 	7.53909
9.58192 	7.54128
9.5843 	7.54345
9.58668 	7.54559
9.58906 	7.54772
9.59144 	7.54983
9.59382 	7.55192
9.5962 	7.55399
9.59858 	7.55604
9.60096 	7.55808
9.60334 	7.56009
9.60572 	7.56208
9.6081 	7.56406
9.61048 	7.56602
9.61286 	7.56795
9.61524 	7.56987
9.61762 	7.57177
9.62 	7.57365
9.62238 	7.57552
9.62476 	7.57736
9.62714 	7.57919
9.62952 	7.581
9.6319 	7.58279
9.63428 	7.58456
9.63666 	7.58631
9.63904 	7.58804
9.64142 	7.58976
9.6438 	7.59146
9.64618 	7.59314
9.64856 	7.59481
9.65094 	7.59645
9.65332 	7.59808
9.6557 	7.59969
9.65808 	7.60128
9.66046 	7.60286
9.66284 	7.60441
9.66522 	7.60595
9.6676 	7.60748
9.66998 	7.60898
9.67236 	7.61047
9.67474 	7.61194
9.67712 	7.61339
9.6795 	7.61483
9.68188 	7.61625
9.68426 	7.61765
9.68664 	7.61904
9.68902 	7.62041
9.6914 	7.62176
9.69378 	7.6231
9.69616 	7.62442
9.69854 	7.62572
9.70092 	7.627
9.7033 	7.62827
9.70568 	7.62953
9.70806 	7.63076
9.71044 	7.63198
9.71282 	7.63319
9.7152 	7.63438
9.71758 	7.63555
9.71996 	7.63671
9.72234 	7.63785
9.72472 	7.63897
9.7271 	7.64008
9.72948 	7.64117
9.73186 	7.64225
9.73424 	7.64331
9.73662 	7.64435
9.739 	7.64538
9.74138 	7.6464
9.74376 	7.6474
9.74614 	7.64838
9.74852 	7.64935
9.7509 	7.6503
9.75328 	7.65124
9.75566 	7.65216
9.75804 	7.65307
9.76042 	7.65396
9.7628 	7.65484
9.76518 	7.6557
9.76756 	7.65655
9.76994 	7.65738
9.77232 	7.6582
9.7747 	7.659
9.77708 	7.65979
9.77946 	7.66056
9.78184 	7.66132
9.78422 	7.66207
9.7866 	7.6628
9.78898 	7.66351
9.79136 	7.66422
9.79374 	7.6649
9.79612 	7.66558
9.7985 	7.66623
9.80088 	7.66688
9.80326 	7.66751
9.80564 	7.66813
9.80802 	7.66873
9.8104 	7.66932
9.81278 	7.66989
9.81516 	7.67045
9.81754 	7.671
9.81992 	7.67153
9.8223 	7.67205
9.82468 	7.67256
9.82706 	7.67305
9.82944 	7.67353
9.83182 	7.67399
9.8342 	7.67444
9.83658 	7.67488
9.83896 	7.67531
9.84134 	7.67572
9.84372 	7.67612
9.8461 	7.6765
9.84848 	7.67688
9.85086 	7.67724
9.85324 	7.67758
9.85562 	7.67792
9.858 	7.67824
9.86038 	7.67854
9.86276 	7.67884
9.86514 	7.67912
9.86752 	7.67939
9.8699 	7.67965
9.87228 	7.67989
9.87466 	7.68012
9.87704 	7.68034
9.87942 	7.68055
9.8818 	7.68074
9.88418 	7.68092
9.88656 	7.68109
9.88894 	7.68125
9.89132 	7.68139
9.8937 	7.68152
9.89608 	7.68164
9.89846 	7.68175
9.90084 	7.68185
9.90322 	7.68193
9.9056 	7.682
9.90798 	7.68206
9.91036 	7.68211
9.91274 	7.68215
9.91512 	7.68217
9.9175 	7.68219
9.91988 	7.68219
9.92226 	7.68218
9.92464 	7.68215
9.92702 	7.68212
9.9294 	7.68208
9.93178 	7.68202
9.93416 	7.68195
9.93654 	7.68187
9.93892 	7.68178
9.9413 	7.68168
9.94368 	7.68157
9.94606 	7.68144
9.94844 	7.68131
9.95082 	7.68116
9.9532 	7.681
9.95558 	7.68083
9.95796 	7.68065
9.96034 	7.68046
9.96272 	7.68026
9.9651 	7.68005
9.96748 	7.67982
9.96986 	7.67959
9.97224 	7.67935
9.97462 	7.67909
9.977 	7.67882
9.97938 	7.67855
9.98176 	7.67826
9.98414 	7.67796
9.98652 	7.67765
9.9889 	7.67734
9.99128 	7.67701
9.99366 	7.67667
9.99604 	7.67632
9.99842 	7.67596
10.0008 	7.67559
10.0032 	7.67521
10.0056 	7.67482
10.0079 	7.67442
10.0103 	7.67401
10.0127 	7.67358
10.0151 	7.67315
10.0175 	7.67271
10.0198 	7.67226
10.0222 	7.6718
10.0246 	7.67133
10.027 	7.67085
10.0294 	7.67036
10.0317 	7.66986
10.0341 	7.66935
10.0365 	7.66884
10.0389 	7.66831
10.0413 	7.66777
10.0436 	7.66722
10.046 	7.66667
10.0484 	7.6661
10.0508 	7.66552
10.0532 	7.66494
10.0555 	7.66435
10.0579 	7.66374
10.0603 	7.66313
10.0627 	7.66251
10.0651 	7.66188
10.0674 	7.66124
10.0698 	7.66059
10.0722 	7.65993
10.0746 	7.65926
10.077 	7.65858
10.0793 	7.6579
10.0817 	7.65721
10.0841 	7.6565
10.0865 	7.65579
10.0889 	7.65507
10.0912 	7.65434
10.0936 	7.6536
10.096 	7.65286
10.0984 	7.6521
10.1008 	7.65134
10.1031 	7.65056
10.1055 	7.64978
10.1079 	7.64899
10.1103 	7.6482
10.1127 	7.64739
10.115 	7.64657
10.1174 	7.64575
10.1198 	7.64492
10.1222 	7.64408
10.1246 	7.64323
10.1269 	7.64238
10.1293 	7.64151
10.1317 	7.64064
10.1341 	7.63976
10.1365 	7.63887
10.1388 	7.63797
10.1412 	7.63707
10.1436 	7.63615
10.146 	7.63523
10.1484 	7.6343
10.1507 	7.63337
10.1531 	7.63242
10.1555 	7.63147
10.1579 	7.63051
10.1603 	7.62954
10.1626 	7.62857
10.165 	7.62758
10.1674 	7.62659
10.1698 	7.6256
10.1722 	7.62459
10.1745 	7.62358
10.1769 	7.62255
10.1793 	7.62153
10.1817 	7.62049
10.1841 	7.61945
10.1864 	7.6184
10.1888 	7.61734
10.1912 	7.61627
10.1936 	7.6152
10.196 	7.61412
10.1983 	7.61303
10.2007 	7.61194
10.2031 	7.61084
10.2055 	7.60973
10.2079 	7.60861
10.2102 	7.60749
10.2126 	7.60636
10.215 	7.60522
10.2174 	7.60408
10.2198 	7.60293
10.2221 	7.60177
10.2245 	7.6006
10.2269 	7.59943
10.2293 	7.59825
10.2317 	7.59707
10.234 	7.59588
10.2364 	7.59468
10.2388 	7.59347
10.2412 	7.59226
10.2436 	7.59104
10.2459 	7.58982
10.2483 	7.58858
10.2507 	7.58734
10.2531 	7.5861
10.2555 	7.58485
10.2578 	7.58359
10.2602 	7.58233
10.2626 	7.58105
10.265 	7.57978
10.2674 	7.57849
10.2697 	7.5772
10.2721 	7.57591
10.2745 	7.5746
10.2769 	7.5733
10.2793 	7.57198
10.2816 	7.57066
10.284 	7.56933
10.2864 	7.568
10.2888 	7.56666
10.2912 	7.56531
10.2935 	7.56396
10.2959 	7.5626
10.2983 	7.56124
10.3007 	7.55987
10.3031 	7.55849
10.3054 	7.55711
10.3078 	7.55572
10.3102 	7.55433
10.3126 	7.55293
10.315 	7.55153
10.3173 	7.55011
10.3197 	7.5487
10.3221 	7.54728
10.3245 	7.54585
10.3269 	7.54441
10.3292 	7.54297
10.3316 	7.54153
10.334 	7.54008
10.3364 	7.53862
10.3388 	7.53716
10.3411 	7.53569
10.3435 	7.53422
10.3459 	7.53274
10.3483 	7.53126
10.3507 	7.52977
10.353 	7.52827
10.3554 	7.52677
10.3578 	7.52527
10.3602 	7.52376
10.3626 	7.52224
10.3649 	7.52072
10.3673 	7.51919
10.3697 	7.51766
10.3721 	7.51613
10.3745 	7.51458
10.3768 	7.51304
10.3792 	7.51148
10.3816 	7.50993
10.384 	7.50836
10.3864 	7.5068
10.3887 	7.50522
10.3911 	7.50365
10.3935 	7.50206
10.3959 	7.50048
10.3983 	7.49888
10.4006 	7.49729
10.403 	7.49568
10.4054 	7.49408
10.4078 	7.49246
10.4102 	7.49085
10.4125 	7.48923
10.4149 	7.4876
10.4173 	7.48597
10.4197 	7.48433
10.4221 	7.48269
10.4244 	7.48105
10.4268 	7.4794
10.4292 	7.47774
10.4316 	7.47608
10.434 	7.47442
10.4363 	7.47275
10.4387 	7.47108
10.4411 	7.4694
10.4435 	7.46772
10.4459 	7.46603
10.4482 	7.46434
10.4506 	7.46265
10.453 	7.46095
10.4554 	7.45924
10.4578 	7.45753
10.4601 	7.45582
10.4625 	7.4541
10.4649 	7.45238
10.4673 	7.45066
10.4697 	7.44893
10.472 	7.44719
10.4744 	7.44545
10.4768 	7.44371
10.4792 	7.44196
10.4816 	7.44021
10.4839 	7.43846
10.4863 	7.4367
10.4887 	7.43493
10.4911 	7.43317
10.4935 	7.4314
10.4958 	7.42962
10.4982 	7.42784
10.5006 	7.42606
10.503 	7.42427
10.5054 	7.42248
10.5077 	7.42068
10.5101 	7.41888
10.5125 	7.41708
10.5149 	7.41527
10.5173 	7.41346
10.5196 	7.41165
10.522 	7.40983
10.5244 	7.408
10.5268 	7.40618
10.5292 	7.40435
10.5315 	7.40251
10.5339 	7.40068
10.5363 	7.39884
10.5387 	7.39699
10.5411 	7.39514
10.5434 	7.39329
10.5458 	7.39143
10.5482 	7.38958
10.5506 	7.38771
10.553 	7.38585
10.5553 	7.38398
10.5577 	7.3821
10.5601 	7.38022
10.5625 	7.37834
10.5649 	7.37646
10.5672 	7.37457
10.5696 	7.37268
10.572 	7.37079
10.5744 	7.36889
10.5768 	7.36699
10.5791 	7.36508
10.5815 	7.36317
10.5839 	7.36126
10.5863 	7.35935
10.5887 	7.35743
10.591 	7.35551
10.5934 	7.35359
10.5958 	7.35166
10.5982 	7.34973
10.6006 	7.34779
10.6029 	7.34585
10.6053 	7.34391
10.6077 	7.34197
10.6101 	7.34002
10.6125 	7.33807
10.6148 	7.33612
10.6172 	7.33416
10.6196 	7.33221
10.622 	7.33024
10.6244 	7.32828
10.6267 	7.32631
10.6291 	7.32434
10.6315 	7.32236
10.6339 	7.32039
10.6363 	7.31841
10.6386 	7.31642
10.641 	7.31444
10.6434 	7.31245
10.6458 	7.31046
10.6482 	7.30846
10.6505 	7.30646
10.6529 	7.30446
10.6553 	7.30246
10.6577 	7.30045
10.6601 	7.29844
10.6624 	7.29643
10.6648 	7.29442
10.6672 	7.2924
10.6696 	7.29038
10.672 	7.28836
10.6743 	7.28633
10.6767 	7.2843
10.6791 	7.28227
10.6815 	7.28024
10.6839 	7.2782
10.6862 	7.27617
10.6886 	7.27412
10.691 	7.27208
10.6934 	7.27003
10.6958 	7.26799
10.6981 	7.26593
10.7005 	7.26388
10.7029 	7.26182
10.7053 	7.25976
10.7077 	7.2577
10.71 	7.25564
10.7124 	7.25357
10.7148 	7.2515
10.7172 	7.24943
10.7196 	7.24736
10.7219 	7.24528
10.7243 	7.2432
10.7267 	7.24112
10.7291 	7.23904
10.7315 	7.23695
10.7338 	7.23486
10.7362 	7.23277
10.7386 	7.23068
10.741 	7.22859
10.7434 	7.22649
10.7457 	7.22439
10.7481 	7.22229
10.7505 	7.22018
10.7529 	7.21808
10.7553 	7.21597
10.7576 	7.21386
10.76 	7.21175
10.7624 	7.20963
10.7648 	7.20751
10.7672 	7.20539
10.7695 	7.20327
10.7719 	7.20115
10.7743 	7.19902
10.7767 	7.1969
10.7791 	7.19477
10.7814 	7.19264
10.7838 	7.1905
10.7862 	7.18837
10.7886 	7.18623
10.791 	7.18409
10.7933 	7.18195
10.7957 	7.1798
10.7981 	7.17766
10.8005 	7.17551
10.8029 	7.17336
10.8052 	7.17121
10.8076 	7.16905
10.81 	7.1669
10.8124 	7.16474
10.8148 	7.16258
10.8171 	7.16042
10.8195 	7.15826
10.8219 	7.15609
10.8243 	7.15393
10.8267 	7.15176
10.829 	7.14959
10.8314 	7.14741
10.8338 	7.14524
10.8362 	7.14306
10.8386 	7.14089
10.8409 	7.13871
10.8433 	7.13653
10.8457 	7.13434
10.8481 	7.13216
10.8505 	7.12997
10.8528 	7.12779
10.8552 	7.1256
10.8576 	7.12341
10.86 	7.12121
10.8624 	7.11902
10.8647 	7.11682
10.8671 	7.11463
10.8695 	7.11243
10.8719 	7.11023
10.8743 	7.10802
10.8766 	7.10582
10.879 	7.10361
10.8814 	7.10141
10.8838 	7.0992
10.8862 	7.09699
10.8885 	7.09478
10.8909 	7.09256
10.8933 	7.09035
10.8957 	7.08813
10.8981 	7.08591
10.9004 	7.0837
10.9028 	7.08148
10.9052 	7.07925
10.9076 	7.07703
10.91 	7.0748
10.9123 	7.07258
10.9147 	7.07035
10.9171 	7.06812
10.9195 	7.06589
10.9219 	7.06366
10.9242 	7.06143
10.9266 	7.05919
10.929 	7.05696
10.9314 	7.05472
10.9338 	7.05248
10.9361 	7.05024
10.9385 	7.048
10.9409 	7.04576
10.9433 	7.04351
10.9457 	7.04127
10.948 	7.03902
10.9504 	7.03678
10.9528 	7.03453
10.9552 	7.03228
10.9576 	7.03003
10.9599 	7.02777
10.9623 	7.02552
10.9647 	7.02327
10.9671 	7.02101
10.9695 	7.01875
10.9718 	7.01649
10.9742 	7.01423
10.9766 	7.01197
10.979 	7.00971
10.9814 	7.00745
10.9837 	7.00519
10.9861 	7.00292
10.9885 	7.00066
10.9909 	6.99839
10.9933 	6.99612
10.9956 	6.99385
10.998 	6.99158
11.0004 	6.98931
11.0028 	6.98704
11.0052 	6.98476
11.0075 	6.98249
11.0099 	6.98021
11.0123 	6.97794
11.0147 	6.97566
11.0171 	6.97338
11.0194 	6.9711
11.0218 	6.96882
11.0242 	6.96654
11.0266 	6.96426
11.029 	6.96198
11.0313 	6.95969
11.0337 	6.95741
11.0361 	6.95512
11.0385 	6.95283
11.0409 	6.95055
11.0432 	6.94826
11.0456 	6.94597
11.048 	6.94368
11.0504 	6.94139
11.0528 	6.93909
11.0551 	6.9368
11.0575 	6.93451
11.0599 	6.93221
11.0623 	6.92992
11.0647 	6.92762
11.067 	6.92532
11.0694 	6.92303
11.0718 	6.92073
11.0742 	6.91843
11.0766 	6.91613
11.0789 	6.91383
11.0813 	6.91153
11.0837 	6.90922
11.0861 	6.90692
11.0885 	6.90462
11.0908 	6.90231
11.0932 	6.90001
11.0956 	6.8977
11.098 	6.89539
11.1004 	6.89309
11.1027 	6.89078
11.1051 	6.88847
11.1075 	6.88616
11.1099 	6.88385
11.1123 	6.88154
11.1146 	6.87923
11.117 	6.87692
11.1194 	6.8746
11.1218 	6.87229
11.1242 	6.86998
11.1265 	6.86766
11.1289 	6.86535
11.1313 	6.86303
11.1337 	6.86071
11.1361 	6.8584
11.1384 	6.85608
11.1408 	6.85376
11.1432 	6.85144
11.1456 	6.84913
11.148 	6.84681
11.1503 	6.84449
11.1527 	6.84216
11.1551 	6.83984
11.1575 	6.83752
11.1599 	6.8352
11.1622 	6.83288
11.1646 	6.83055
11.167 	6.82823
11.1694 	6.82591
11.1718 	6.82358
11.1741 	6.82126
11.1765 	6.81893
11.1789 	6.8166
11.1813 	6.81428
11.1837 	6.81195
11.186 	6.80962
11.1884 	6.8073
11.1908 	6.80497
11.1932 	6.80264
11.1956 	6.80031
11.1979 	6.79798
11.2003 	6.79565
11.2027 	6.79332
11.2051 	6.79099
11.2075 	6.78866
11.2098 	6.78633
11.2122 	6.784
11.2146 	6.78167
11.217 	6.77933
11.2194 	6.777
11.2217 	6.77467
11.2241 	6.77233
11.2265 	6.77
11.2289 	6.76767
11.2313 	6.76533
11.2336 	6.763
11.236 	6.76066
11.2384 	6.75833
11.2408 	6.75599
11.2432 	6.75366
11.2455 	6.75132
11.2479 	6.74898
11.2503 	6.74665
11.2527 	6.74431
11.2551 	6.74197
11.2574 	6.73964
11.2598 	6.7373
11.2622 	6.73496
11.2646 	6.73262
11.267 	6.73029
11.2693 	6.72795
11.2717 	6.72561
11.2741 	6.72327
11.2765 	6.72093
11.2789 	6.71859
11.2812 	6.71625
11.2836 	6.71391
11.286 	6.71157
11.2884 	6.70923
11.2908 	6.70689
11.2931 	6.70455
11.2955 	6.70221
11.2979 	6.69987
11.3003 	6.69753
11.3027 	6.69519
11.305 	6.69285
11.3074 	6.69051
11.3098 	6.68817
11.3122 	6.68583
11.3146 	6.68349
11.3169 	6.68114
11.3193 	6.6788
11.3217 	6.67646
11.3241 	6.67412
11.3265 	6.67178
11.3288 	6.66944
11.3312 	6.66709
11.3336 	6.66475
11.336 	6.66241
11.3384 	6.66007
11.3407 	6.65773
11.3431 	6.65538
11.3455 	6.65304
11.3479 	6.6507
11.3503 	6.64836
11.3526 	6.64601
11.355 	6.64367
11.3574 	6.64133
11.3598 	6.63899
11.3622 	6.63665
11.3645 	6.6343
11.3669 	6.63196
11.3693 	6.62962
11.3717 	6.62728
11.3741 	6.62493
11.3764 	6.62259
11.3788 	6.62025
11.3812 	6.61791
11.3836 	6.61557
11.386 	6.61322
11.3883 	6.61088
11.3907 	6.60854
11.3931 	6.6062
11.3955 	6.60386
11.3979 	6.60151
11.4002 	6.59917
11.4026 	6.59683
11.405 	6.59449
11.4074 	6.59215
11.4098 	6.58981
11.4121 	6.58746
11.4145 	6.58512
11.4169 	6.58278
11.4193 	6.58044
11.4217 	6.5781
11.424 	6.57576
11.4264 	6.57342
11.4288 	6.57108
11.4312 	6.56874
11.4336 	6.5664
11.4359 	6.56406
11.4383 	6.56172
11.4407 	6.55938
11.4431 	6.55704
11.4455 	6.5547
11.4478 	6.55236
11.4502 	6.55002
11.4526 	6.54768
11.455 	6.54534
11.4574 	6.543
11.4597 	6.54066
11.4621 	6.53833
11.4645 	6.53599
11.4669 	6.53365
11.4693 	6.53131
11.4716 	6.52897
11.474 	6.52664
11.4764 	6.5243
11.4788 	6.52196
11.4812 	6.51963
11.4835 	6.51729
11.4859 	6.51495
11.4883 	6.51262
11.4907 	6.51028
11.4931 	6.50795
11.4954 	6.50561
11.4978 	6.50328
11.5002 	6.50094
11.5026 	6.49861
11.505 	6.49627
11.5073 	6.49394
11.5097 	6.4916
11.5121 	6.48927
11.5145 	6.48694
11.5169 	6.4846
11.5192 	6.48227
11.5216 	6.47994
11.524 	6.47761
11.5264 	6.47527
11.5288 	6.47294
11.5311 	6.47061
11.5335 	6.46828
11.5359 	6.46595
11.5383 	6.46362
11.5407 	6.46129
11.543 	6.45896
11.5454 	6.45663
11.5478 	6.4543
11.5502 	6.45197
11.5526 	6.44964
11.5549 	6.44732
11.5573 	6.44499
11.5597 	6.44266
11.5621 	6.44033
11.5645 	6.43801
11.5668 	6.43568
11.5692 	6.43335
11.5716 	6.43103
11.574 	6.4287
11.5764 	6.42638
11.5787 	6.42405
11.5811 	6.42173
11.5835 	6.41941
11.5859 	6.41708
11.5883 	6.41476
11.5906 	6.41244
11.593 	6.41011
11.5954 	6.40779
11.5978 	6.40547
11.6002 	6.40315
11.6025 	6.40083
11.6049 	6.39851
11.6073 	6.39619
11.6097 	6.39387
11.6121 	6.39155
11.6144 	6.38923
11.6168 	6.38691
11.6192 	6.38459
11.6216 	6.38228
11.624 	6.37996
11.6263 	6.37764
11.6287 	6.37533
11.6311 	6.37301
11.6335 	6.37069
11.6359 	6.36838
11.6382 	6.36606
11.6406 	6.36375
11.643 	6.36144
11.6454 	6.35912
11.6478 	6.35681
11.6501 	6.3545
11.6525 	6.35219
11.6549 	6.34988
11.6573 	6.34756
11.6597 	6.34525
11.662 	6.34294
11.6644 	6.34064
11.6668 	6.33833
11.6692 	6.33602
11.6716 	6.33371
11.6739 	6.3314
11.6763 	6.32909
11.6787 	6.32679
11.6811 	6.32448
11.6835 	6.32218
11.6858 	6.31987
11.6882 	6.31757
11.6906 	6.31526
11.693 	6.31296
11.6954 	6.31066
11.6977 	6.30835
11.7001 	6.30605
11.7025 	6.30375
11.7049 	6.30145
11.7073 	6.29915
11.7096 	6.29685
11.712 	6.29455
11.7144 	6.29225
11.7168 	6.28995
11.7192 	6.28765
11.7215 	6.28536
11.7239 	6.28306
11.7263 	6.28076
11.7287 	6.27847
11.7311 	6.27617
11.7334 	6.27388
11.7358 	6.27158
11.7382 	6.26929
11.7406 	6.267
11.743 	6.2647
11.7453 	6.26241
11.7477 	6.26012
11.7501 	6.25783
11.7525 	6.25554
11.7549 	6.25325
11.7572 	6.25096
11.7596 	6.24867
11.762 	6.24639
11.7644 	6.2441
11.7668 	6.24181
11.7691 	6.23953
11.7715 	6.23724
11.7739 	6.23496
11.7763 	6.23267
11.7787 	6.23039
11.781 	6.2281
11.7834 	6.22582
11.7858 	6.22354
11.7882 	6.22126
11.7906 	6.21898
11.7929 	6.2167
11.7953 	6.21442
11.7977 	6.21214
11.8001 	6.20986
11.8025 	6.20758
11.8048 	6.2053
11.8072 	6.20303
11.8096 	6.20075
11.812 	6.19848
11.8144 	6.1962
11.8167 	6.19393
11.8191 	6.19166
11.8215 	6.18938
11.8239 	6.18711
11.8263 	6.18484
11.8286 	6.18257
11.831 	6.1803
11.8334 	6.17803
11.8358 	6.17576
11.8382 	6.17349
11.8405 	6.17122
11.8429 	6.16896
11.8453 	6.16669
11.8477 	6.16442
11.8501 	6.16216
11.8524 	6.15989
11.8548 	6.15763
11.8572 	6.15537
11.8596 	6.1531
11.862 	6.15084
11.8643 	6.14858
11.8667 	6.14632
11.8691 	6.14406
11.8715 	6.1418
11.8739 	6.13954
11.8762 	6.13729
11.8786 	6.13503
11.881 	6.13277
11.8834 	6.13052
11.8858 	6.12826
11.8881 	6.12601
11.8905 	6.12375
11.8929 	6.1215
11.8953 	6.11925
11.8977 	6.117
11.9 	6.11475
11.9024 	6.11249
11.9048 	6.11025
11.9072 	6.108
11.9096 	6.10575
11.9119 	6.1035
11.9143 	6.10125
11.9167 	6.09901
11.9191 	6.09676
11.9215 	6.09452
11.9238 	6.09227
11.9262 	6.09003
11.9286 	6.08779
11.931 	6.08555
11.9334 	6.0833
11.9357 	6.08106
11.9381 	6.07882
11.9405 	6.07659
11.9429 	6.07435
11.9453 	6.07211
11.9476 	6.06987
11.95 	6.06764
11.9524 	6.0654
11.9548 	6.06317
11.9572 	6.06093
11.9595 	6.0587
11.9619 	6.05647
11.9643 	6.05423
11.9667 	6.052
11.9691 	6.04977
11.9714 	6.04754
11.9738 	6.04531
11.9762 	6.04309
11.9786 	6.04086
11.981 	6.03863
11.9833 	6.03641
11.9857 	6.03418
11.9881 	6.03196
11.9905 	6.02973
11.9929 	6.02751
11.9952 	6.02529
11.9976 	6.02307
