# Mass = 0.0480256 Mev*(hbarc)^2/2 
# R = 7.46549 fm 
# a = 0.662 fm 
# V0 = 45.1811 MeV 
# RSO = 6.86114 fm 
# aSO = 0.662 fm 
# VSO = 27.8547 MeV fm^2
# l = 0 
# two_j = 1 
# two_t = -1 
# Energy = -15.6948 MeV
# r 	 V_eff [2m/hbar/hbar]
0.1 	-45.1804
0.10238 	-45.1804
0.10476 	-45.1804
0.10714 	-45.1804
0.10952 	-45.1804
0.1119 	-45.1804
0.11428 	-45.1804
0.11666 	-45.1804
0.11904 	-45.1804
0.12142 	-45.1804
0.1238 	-45.1804
0.12618 	-45.1804
0.12856 	-45.1804
0.13094 	-45.1804
0.13332 	-45.1804
0.1357 	-45.1804
0.13808 	-45.1804
0.14046 	-45.1804
0.14284 	-45.1804
0.14522 	-45.1804
0.1476 	-45.1804
0.14998 	-45.1804
0.15236 	-45.1804
0.15474 	-45.1804
0.15712 	-45.1804
0.1595 	-45.1804
0.16188 	-45.1804
0.16426 	-45.1804
0.16664 	-45.1804
0.16902 	-45.1804
0.1714 	-45.1803
0.17378 	-45.1803
0.17616 	-45.1803
0.17854 	-45.1803
0.18092 	-45.1803
0.1833 	-45.1803
0.18568 	-45.1803
0.18806 	-45.1803
0.19044 	-45.1803
0.19282 	-45.1803
0.1952 	-45.1803
0.19758 	-45.1803
0.19996 	-45.1803
0.20234 	-45.1803
0.20472 	-45.1803
0.2071 	-45.1803
0.20948 	-45.1803
0.21186 	-45.1803
0.21424 	-45.1803
0.21662 	-45.1803
0.219 	-45.1803
0.22138 	-45.1803
0.22376 	-45.1803
0.22614 	-45.1803
0.22852 	-45.1803
0.2309 	-45.1803
0.23328 	-45.1803
0.23566 	-45.1803
0.23804 	-45.1803
0.24042 	-45.1803
0.2428 	-45.1803
0.24518 	-45.1803
0.24756 	-45.1803
0.24994 	-45.1803
0.25232 	-45.1803
0.2547 	-45.1802
0.25708 	-45.1802
0.25946 	-45.1802
0.26184 	-45.1802
0.26422 	-45.1802
0.2666 	-45.1802
0.26898 	-45.1802
0.27136 	-45.1802
0.27374 	-45.1802
0.27612 	-45.1802
0.2785 	-45.1802
0.28088 	-45.1802
0.28326 	-45.1802
0.28564 	-45.1802
0.28802 	-45.1802
0.2904 	-45.1802
0.29278 	-45.1802
0.29516 	-45.1802
0.29754 	-45.1802
0.29992 	-45.1802
0.3023 	-45.1802
0.30468 	-45.1802
0.30706 	-45.1802
0.30944 	-45.1802
0.31182 	-45.1802
0.3142 	-45.1802
0.31658 	-45.1802
0.31896 	-45.1802
0.32134 	-45.1802
0.32372 	-45.1802
0.3261 	-45.1802
0.32848 	-45.1802
0.33086 	-45.1801
0.33324 	-45.1801
0.33562 	-45.1801
0.338 	-45.1801
0.34038 	-45.1801
0.34276 	-45.1801
0.34514 	-45.1801
0.34752 	-45.1801
0.3499 	-45.1801
0.35228 	-45.1801
0.35466 	-45.1801
0.35704 	-45.1801
0.35942 	-45.1801
0.3618 	-45.1801
0.36418 	-45.1801
0.36656 	-45.1801
0.36894 	-45.1801
0.37132 	-45.1801
0.3737 	-45.1801
0.37608 	-45.1801
0.37846 	-45.1801
0.38084 	-45.1801
0.38322 	-45.1801
0.3856 	-45.1801
0.38798 	-45.1801
0.39036 	-45.1801
0.39274 	-45.1801
0.39512 	-45.1801
0.3975 	-45.18
0.39988 	-45.18
0.40226 	-45.18
0.40464 	-45.18
0.40702 	-45.18
0.4094 	-45.18
0.41178 	-45.18
0.41416 	-45.18
0.41654 	-45.18
0.41892 	-45.18
0.4213 	-45.18
0.42368 	-45.18
0.42606 	-45.18
0.42844 	-45.18
0.43082 	-45.18
0.4332 	-45.18
0.43558 	-45.18
0.43796 	-45.18
0.44034 	-45.18
0.44272 	-45.18
0.4451 	-45.18
0.44748 	-45.18
0.44986 	-45.18
0.45224 	-45.18
0.45462 	-45.18
0.457 	-45.1799
0.45938 	-45.1799
0.46176 	-45.1799
0.46414 	-45.1799
0.46652 	-45.1799
0.4689 	-45.1799
0.47128 	-45.1799
0.47366 	-45.1799
0.47604 	-45.1799
0.47842 	-45.1799
0.4808 	-45.1799
0.48318 	-45.1799
0.48556 	-45.1799
0.48794 	-45.1799
0.49032 	-45.1799
0.4927 	-45.1799
0.49508 	-45.1799
0.49746 	-45.1799
0.49984 	-45.1799
0.50222 	-45.1799
0.5046 	-45.1799
0.50698 	-45.1799
0.50936 	-45.1799
0.51174 	-45.1799
0.51412 	-45.1798
0.5165 	-45.1798
0.51888 	-45.1798
0.52126 	-45.1798
0.52364 	-45.1798
0.52602 	-45.1798
0.5284 	-45.1798
0.53078 	-45.1798
0.53316 	-45.1798
0.53554 	-45.1798
0.53792 	-45.1798
0.5403 	-45.1798
0.54268 	-45.1798
0.54506 	-45.1798
0.54744 	-45.1798
0.54982 	-45.1798
0.5522 	-45.1798
0.55458 	-45.1798
0.55696 	-45.1798
0.55934 	-45.1798
0.56172 	-45.1798
0.5641 	-45.1797
0.56648 	-45.1797
0.56886 	-45.1797
0.57124 	-45.1797
0.57362 	-45.1797
0.576 	-45.1797
0.57838 	-45.1797
0.58076 	-45.1797
0.58314 	-45.1797
0.58552 	-45.1797
0.5879 	-45.1797
0.59028 	-45.1797
0.59266 	-45.1797
0.59504 	-45.1797
0.59742 	-45.1797
0.5998 	-45.1797
0.60218 	-45.1797
0.60456 	-45.1797
0.60694 	-45.1797
0.60932 	-45.1797
0.6117 	-45.1796
0.61408 	-45.1796
0.61646 	-45.1796
0.61884 	-45.1796
0.62122 	-45.1796
0.6236 	-45.1796
0.62598 	-45.1796
0.62836 	-45.1796
0.63074 	-45.1796
0.63312 	-45.1796
0.6355 	-45.1796
0.63788 	-45.1796
0.64026 	-45.1796
0.64264 	-45.1796
0.64502 	-45.1796
0.6474 	-45.1796
0.64978 	-45.1796
0.65216 	-45.1796
0.65454 	-45.1796
0.65692 	-45.1795
0.6593 	-45.1795
0.66168 	-45.1795
0.66406 	-45.1795
0.66644 	-45.1795
0.66882 	-45.1795
0.6712 	-45.1795
0.67358 	-45.1795
0.67596 	-45.1795
0.67834 	-45.1795
0.68072 	-45.1795
0.6831 	-45.1795
0.68548 	-45.1795
0.68786 	-45.1795
0.69024 	-45.1795
0.69262 	-45.1795
0.695 	-45.1795
0.69738 	-45.1795
0.69976 	-45.1794
0.70214 	-45.1794
0.70452 	-45.1794
0.7069 	-45.1794
0.70928 	-45.1794
0.71166 	-45.1794
0.71404 	-45.1794
0.71642 	-45.1794
0.7188 	-45.1794
0.72118 	-45.1794
0.72356 	-45.1794
0.72594 	-45.1794
0.72832 	-45.1794
0.7307 	-45.1794
0.73308 	-45.1794
0.73546 	-45.1794
0.73784 	-45.1793
0.74022 	-45.1793
0.7426 	-45.1793
0.74498 	-45.1793
0.74736 	-45.1793
0.74974 	-45.1793
0.75212 	-45.1793
0.7545 	-45.1793
0.75688 	-45.1793
0.75926 	-45.1793
0.76164 	-45.1793
0.76402 	-45.1793
0.7664 	-45.1793
0.76878 	-45.1793
0.77116 	-45.1793
0.77354 	-45.1793
0.77592 	-45.1792
0.7783 	-45.1792
0.78068 	-45.1792
0.78306 	-45.1792
0.78544 	-45.1792
0.78782 	-45.1792
0.7902 	-45.1792
0.79258 	-45.1792
0.79496 	-45.1792
0.79734 	-45.1792
0.79972 	-45.1792
0.8021 	-45.1792
0.80448 	-45.1792
0.80686 	-45.1792
0.80924 	-45.1791
0.81162 	-45.1791
0.814 	-45.1791
0.81638 	-45.1791
0.81876 	-45.1791
0.82114 	-45.1791
0.82352 	-45.1791
0.8259 	-45.1791
0.82828 	-45.1791
0.83066 	-45.1791
0.83304 	-45.1791
0.83542 	-45.1791
0.8378 	-45.1791
0.84018 	-45.1791
0.84256 	-45.179
0.84494 	-45.179
0.84732 	-45.179
0.8497 	-45.179
0.85208 	-45.179
0.85446 	-45.179
0.85684 	-45.179
0.85922 	-45.179
0.8616 	-45.179
0.86398 	-45.179
0.86636 	-45.179
0.86874 	-45.179
0.87112 	-45.179
0.8735 	-45.179
0.87588 	-45.1789
0.87826 	-45.1789
0.88064 	-45.1789
0.88302 	-45.1789
0.8854 	-45.1789
0.88778 	-45.1789
0.89016 	-45.1789
0.89254 	-45.1789
0.89492 	-45.1789
0.8973 	-45.1789
0.89968 	-45.1789
0.90206 	-45.1789
0.90444 	-45.1788
0.90682 	-45.1788
0.9092 	-45.1788
0.91158 	-45.1788
0.91396 	-45.1788
0.91634 	-45.1788
0.91872 	-45.1788
0.9211 	-45.1788
0.92348 	-45.1788
0.92586 	-45.1788
0.92824 	-45.1788
0.93062 	-45.1788
0.933 	-45.1787
0.93538 	-45.1787
0.93776 	-45.1787
0.94014 	-45.1787
0.94252 	-45.1787
0.9449 	-45.1787
0.94728 	-45.1787
0.94966 	-45.1787
0.95204 	-45.1787
0.95442 	-45.1787
0.9568 	-45.1787
0.95918 	-45.1787
0.96156 	-45.1786
0.96394 	-45.1786
0.96632 	-45.1786
0.9687 	-45.1786
0.97108 	-45.1786
0.97346 	-45.1786
0.97584 	-45.1786
0.97822 	-45.1786
0.9806 	-45.1786
0.98298 	-45.1786
0.98536 	-45.1786
0.98774 	-45.1785
0.99012 	-45.1785
0.9925 	-45.1785
0.99488 	-45.1785
0.99726 	-45.1785
0.99964 	-45.1785
1.00202 	-45.1785
1.0044 	-45.1785
1.00678 	-45.1785
1.00916 	-45.1785
1.01154 	-45.1785
1.01392 	-45.1784
1.0163 	-45.1784
1.01868 	-45.1784
1.02106 	-45.1784
1.02344 	-45.1784
1.02582 	-45.1784
1.0282 	-45.1784
1.03058 	-45.1784
1.03296 	-45.1784
1.03534 	-45.1784
1.03772 	-45.1783
1.0401 	-45.1783
1.04248 	-45.1783
1.04486 	-45.1783
1.04724 	-45.1783
1.04962 	-45.1783
1.052 	-45.1783
1.05438 	-45.1783
1.05676 	-45.1783
1.05914 	-45.1783
1.06152 	-45.1782
1.0639 	-45.1782
1.06628 	-45.1782
1.06866 	-45.1782
1.07104 	-45.1782
1.07342 	-45.1782
1.0758 	-45.1782
1.07818 	-45.1782
1.08056 	-45.1782
1.08294 	-45.1782
1.08532 	-45.1781
1.0877 	-45.1781
1.09008 	-45.1781
1.09246 	-45.1781
1.09484 	-45.1781
1.09722 	-45.1781
1.0996 	-45.1781
1.10198 	-45.1781
1.10436 	-45.1781
1.10674 	-45.178
1.10912 	-45.178
1.1115 	-45.178
1.11388 	-45.178
1.11626 	-45.178
1.11864 	-45.178
1.12102 	-45.178
1.1234 	-45.178
1.12578 	-45.178
1.12816 	-45.1779
1.13054 	-45.1779
1.13292 	-45.1779
1.1353 	-45.1779
1.13768 	-45.1779
1.14006 	-45.1779
1.14244 	-45.1779
1.14482 	-45.1779
1.1472 	-45.1779
1.14958 	-45.1778
1.15196 	-45.1778
1.15434 	-45.1778
1.15672 	-45.1778
1.1591 	-45.1778
1.16148 	-45.1778
1.16386 	-45.1778
1.16624 	-45.1778
1.16862 	-45.1777
1.171 	-45.1777
1.17338 	-45.1777
1.17576 	-45.1777
1.17814 	-45.1777
1.18052 	-45.1777
1.1829 	-45.1777
1.18528 	-45.1777
1.18766 	-45.1777
1.19004 	-45.1776
1.19242 	-45.1776
1.1948 	-45.1776
1.19718 	-45.1776
1.19956 	-45.1776
1.20194 	-45.1776
1.20432 	-45.1776
1.2067 	-45.1776
1.20908 	-45.1775
1.21146 	-45.1775
1.21384 	-45.1775
1.21622 	-45.1775
1.2186 	-45.1775
1.22098 	-45.1775
1.22336 	-45.1775
1.22574 	-45.1774
1.22812 	-45.1774
1.2305 	-45.1774
1.23288 	-45.1774
1.23526 	-45.1774
1.23764 	-45.1774
1.24002 	-45.1774
1.2424 	-45.1774
1.24478 	-45.1773
1.24716 	-45.1773
1.24954 	-45.1773
1.25192 	-45.1773
1.2543 	-45.1773
1.25668 	-45.1773
1.25906 	-45.1773
1.26144 	-45.1772
1.26382 	-45.1772
1.2662 	-45.1772
1.26858 	-45.1772
1.27096 	-45.1772
1.27334 	-45.1772
1.27572 	-45.1772
1.2781 	-45.1771
1.28048 	-45.1771
1.28286 	-45.1771
1.28524 	-45.1771
1.28762 	-45.1771
1.29 	-45.1771
1.29238 	-45.1771
1.29476 	-45.177
1.29714 	-45.177
1.29952 	-45.177
1.3019 	-45.177
1.30428 	-45.177
1.30666 	-45.177
1.30904 	-45.177
1.31142 	-45.1769
1.3138 	-45.1769
1.31618 	-45.1769
1.31856 	-45.1769
1.32094 	-45.1769
1.32332 	-45.1769
1.3257 	-45.1769
1.32808 	-45.1768
1.33046 	-45.1768
1.33284 	-45.1768
1.33522 	-45.1768
1.3376 	-45.1768
1.33998 	-45.1768
1.34236 	-45.1767
1.34474 	-45.1767
1.34712 	-45.1767
1.3495 	-45.1767
1.35188 	-45.1767
1.35426 	-45.1767
1.35664 	-45.1767
1.35902 	-45.1766
1.3614 	-45.1766
1.36378 	-45.1766
1.36616 	-45.1766
1.36854 	-45.1766
1.37092 	-45.1766
1.3733 	-45.1765
1.37568 	-45.1765
1.37806 	-45.1765
1.38044 	-45.1765
1.38282 	-45.1765
1.3852 	-45.1765
1.38758 	-45.1764
1.38996 	-45.1764
1.39234 	-45.1764
1.39472 	-45.1764
1.3971 	-45.1764
1.39948 	-45.1764
1.40186 	-45.1763
1.40424 	-45.1763
1.40662 	-45.1763
1.409 	-45.1763
1.41138 	-45.1763
1.41376 	-45.1763
1.41614 	-45.1762
1.41852 	-45.1762
1.4209 	-45.1762
1.42328 	-45.1762
1.42566 	-45.1762
1.42804 	-45.1761
1.43042 	-45.1761
1.4328 	-45.1761
1.43518 	-45.1761
1.43756 	-45.1761
1.43994 	-45.1761
1.44232 	-45.176
1.4447 	-45.176
1.44708 	-45.176
1.44946 	-45.176
1.45184 	-45.176
1.45422 	-45.1759
1.4566 	-45.1759
1.45898 	-45.1759
1.46136 	-45.1759
1.46374 	-45.1759
1.46612 	-45.1759
1.4685 	-45.1758
1.47088 	-45.1758
1.47326 	-45.1758
1.47564 	-45.1758
1.47802 	-45.1758
1.4804 	-45.1757
1.48278 	-45.1757
1.48516 	-45.1757
1.48754 	-45.1757
1.48992 	-45.1757
1.4923 	-45.1756
1.49468 	-45.1756
1.49706 	-45.1756
1.49944 	-45.1756
1.50182 	-45.1756
1.5042 	-45.1755
1.50658 	-45.1755
1.50896 	-45.1755
1.51134 	-45.1755
1.51372 	-45.1755
1.5161 	-45.1754
1.51848 	-45.1754
1.52086 	-45.1754
1.52324 	-45.1754
1.52562 	-45.1754
1.528 	-45.1753
1.53038 	-45.1753
1.53276 	-45.1753
1.53514 	-45.1753
1.53752 	-45.1753
1.5399 	-45.1752
1.54228 	-45.1752
1.54466 	-45.1752
1.54704 	-45.1752
1.54942 	-45.1752
1.5518 	-45.1751
1.55418 	-45.1751
1.55656 	-45.1751
1.55894 	-45.1751
1.56132 	-45.175
1.5637 	-45.175
1.56608 	-45.175
1.56846 	-45.175
1.57084 	-45.175
1.57322 	-45.1749
1.5756 	-45.1749
1.57798 	-45.1749
1.58036 	-45.1749
1.58274 	-45.1748
1.58512 	-45.1748
1.5875 	-45.1748
1.58988 	-45.1748
1.59226 	-45.1748
1.59464 	-45.1747
1.59702 	-45.1747
1.5994 	-45.1747
1.60178 	-45.1747
1.60416 	-45.1746
1.60654 	-45.1746
1.60892 	-45.1746
1.6113 	-45.1746
1.61368 	-45.1745
1.61606 	-45.1745
1.61844 	-45.1745
1.62082 	-45.1745
1.6232 	-45.1745
1.62558 	-45.1744
1.62796 	-45.1744
1.63034 	-45.1744
1.63272 	-45.1744
1.6351 	-45.1743
1.63748 	-45.1743
1.63986 	-45.1743
1.64224 	-45.1743
1.64462 	-45.1742
1.647 	-45.1742
1.64938 	-45.1742
1.65176 	-45.1742
1.65414 	-45.1741
1.65652 	-45.1741
1.6589 	-45.1741
1.66128 	-45.1741
1.66366 	-45.174
1.66604 	-45.174
1.66842 	-45.174
1.6708 	-45.174
1.67318 	-45.1739
1.67556 	-45.1739
1.67794 	-45.1739
1.68032 	-45.1739
1.6827 	-45.1738
1.68508 	-45.1738
1.68746 	-45.1738
1.68984 	-45.1737
1.69222 	-45.1737
1.6946 	-45.1737
1.69698 	-45.1737
1.69936 	-45.1736
1.70174 	-45.1736
1.70412 	-45.1736
1.7065 	-45.1736
1.70888 	-45.1735
1.71126 	-45.1735
1.71364 	-45.1735
1.71602 	-45.1735
1.7184 	-45.1734
1.72078 	-45.1734
1.72316 	-45.1734
1.72554 	-45.1733
1.72792 	-45.1733
1.7303 	-45.1733
1.73268 	-45.1733
1.73506 	-45.1732
1.73744 	-45.1732
1.73982 	-45.1732
1.7422 	-45.1731
1.74458 	-45.1731
1.74696 	-45.1731
1.74934 	-45.1731
1.75172 	-45.173
1.7541 	-45.173
1.75648 	-45.173
1.75886 	-45.1729
1.76124 	-45.1729
1.76362 	-45.1729
1.766 	-45.1729
1.76838 	-45.1728
1.77076 	-45.1728
1.77314 	-45.1728
1.77552 	-45.1727
1.7779 	-45.1727
1.78028 	-45.1727
1.78266 	-45.1726
1.78504 	-45.1726
1.78742 	-45.1726
1.7898 	-45.1726
1.79218 	-45.1725
1.79456 	-45.1725
1.79694 	-45.1725
1.79932 	-45.1724
1.8017 	-45.1724
1.80408 	-45.1724
1.80646 	-45.1723
1.80884 	-45.1723
1.81122 	-45.1723
1.8136 	-45.1722
1.81598 	-45.1722
1.81836 	-45.1722
1.82074 	-45.1721
1.82312 	-45.1721
1.8255 	-45.1721
1.82788 	-45.172
1.83026 	-45.172
1.83264 	-45.172
1.83502 	-45.1719
1.8374 	-45.1719
1.83978 	-45.1719
1.84216 	-45.1718
1.84454 	-45.1718
1.84692 	-45.1718
1.8493 	-45.1717
1.85168 	-45.1717
1.85406 	-45.1717
1.85644 	-45.1716
1.85882 	-45.1716
1.8612 	-45.1716
1.86358 	-45.1715
1.86596 	-45.1715
1.86834 	-45.1715
1.87072 	-45.1714
1.8731 	-45.1714
1.87548 	-45.1714
1.87786 	-45.1713
1.88024 	-45.1713
1.88262 	-45.1713
1.885 	-45.1712
1.88738 	-45.1712
1.88976 	-45.1712
1.89214 	-45.1711
1.89452 	-45.1711
1.8969 	-45.1711
1.89928 	-45.171
1.90166 	-45.171
1.90404 	-45.1709
1.90642 	-45.1709
1.9088 	-45.1709
1.91118 	-45.1708
1.91356 	-45.1708
1.91594 	-45.1708
1.91832 	-45.1707
1.9207 	-45.1707
1.92308 	-45.1706
1.92546 	-45.1706
1.92784 	-45.1706
1.93022 	-45.1705
1.9326 	-45.1705
1.93498 	-45.1705
1.93736 	-45.1704
1.93974 	-45.1704
1.94212 	-45.1703
1.9445 	-45.1703
1.94688 	-45.1703
1.94926 	-45.1702
1.95164 	-45.1702
1.95402 	-45.1701
1.9564 	-45.1701
1.95878 	-45.1701
1.96116 	-45.17
1.96354 	-45.17
1.96592 	-45.1699
1.9683 	-45.1699
1.97068 	-45.1699
1.97306 	-45.1698
1.97544 	-45.1698
1.97782 	-45.1697
1.9802 	-45.1697
1.98258 	-45.1697
1.98496 	-45.1696
1.98734 	-45.1696
1.98972 	-45.1695
1.9921 	-45.1695
1.99448 	-45.1695
1.99686 	-45.1694
1.99924 	-45.1694
2.00162 	-45.1693
2.004 	-45.1693
2.00638 	-45.1692
2.00876 	-45.1692
2.01114 	-45.1692
2.01352 	-45.1691
2.0159 	-45.1691
2.01828 	-45.169
2.02066 	-45.169
2.02304 	-45.1689
2.02542 	-45.1689
2.0278 	-45.1689
2.03018 	-45.1688
2.03256 	-45.1688
2.03494 	-45.1687
2.03732 	-45.1687
2.0397 	-45.1686
2.04208 	-45.1686
2.04446 	-45.1685
2.04684 	-45.1685
2.04922 	-45.1685
2.0516 	-45.1684
2.05398 	-45.1684
2.05636 	-45.1683
2.05874 	-45.1683
2.06112 	-45.1682
2.0635 	-45.1682
2.06588 	-45.1681
2.06826 	-45.1681
2.07064 	-45.168
2.07302 	-45.168
2.0754 	-45.1679
2.07778 	-45.1679
2.08016 	-45.1679
2.08254 	-45.1678
2.08492 	-45.1678
2.0873 	-45.1677
2.08968 	-45.1677
2.09206 	-45.1676
2.09444 	-45.1676
2.09682 	-45.1675
2.0992 	-45.1675
2.10158 	-45.1674
2.10396 	-45.1674
2.10634 	-45.1673
2.10872 	-45.1673
2.1111 	-45.1672
2.11348 	-45.1672
2.11586 	-45.1671
2.11824 	-45.1671
2.12062 	-45.167
2.123 	-45.167
2.12538 	-45.1669
2.12776 	-45.1669
2.13014 	-45.1668
2.13252 	-45.1668
2.1349 	-45.1667
2.13728 	-45.1667
2.13966 	-45.1666
2.14204 	-45.1666
2.14442 	-45.1665
2.1468 	-45.1664
2.14918 	-45.1664
2.15156 	-45.1663
2.15394 	-45.1663
2.15632 	-45.1662
2.1587 	-45.1662
2.16108 	-45.1661
2.16346 	-45.1661
2.16584 	-45.166
2.16822 	-45.166
2.1706 	-45.1659
2.17298 	-45.1659
2.17536 	-45.1658
2.17774 	-45.1657
2.18012 	-45.1657
2.1825 	-45.1656
2.18488 	-45.1656
2.18726 	-45.1655
2.18964 	-45.1655
2.19202 	-45.1654
2.1944 	-45.1654
2.19678 	-45.1653
2.19916 	-45.1652
2.20154 	-45.1652
2.20392 	-45.1651
2.2063 	-45.1651
2.20868 	-45.165
2.21106 	-45.165
2.21344 	-45.1649
2.21582 	-45.1648
2.2182 	-45.1648
2.22058 	-45.1647
2.22296 	-45.1647
2.22534 	-45.1646
2.22772 	-45.1645
2.2301 	-45.1645
2.23248 	-45.1644
2.23486 	-45.1644
2.23724 	-45.1643
2.23962 	-45.1642
2.242 	-45.1642
2.24438 	-45.1641
2.24676 	-45.1641
2.24914 	-45.164
2.25152 	-45.1639
2.2539 	-45.1639
2.25628 	-45.1638
2.25866 	-45.1638
2.26104 	-45.1637
2.26342 	-45.1636
2.2658 	-45.1636
2.26818 	-45.1635
2.27056 	-45.1634
2.27294 	-45.1634
2.27532 	-45.1633
2.2777 	-45.1632
2.28008 	-45.1632
2.28246 	-45.1631
2.28484 	-45.1631
2.28722 	-45.163
2.2896 	-45.1629
2.29198 	-45.1629
2.29436 	-45.1628
2.29674 	-45.1627
2.29912 	-45.1627
2.3015 	-45.1626
2.30388 	-45.1625
2.30626 	-45.1625
2.30864 	-45.1624
2.31102 	-45.1623
2.3134 	-45.1623
2.31578 	-45.1622
2.31816 	-45.1621
2.32054 	-45.1621
2.32292 	-45.162
2.3253 	-45.1619
2.32768 	-45.1619
2.33006 	-45.1618
2.33244 	-45.1617
2.33482 	-45.1616
2.3372 	-45.1616
2.33958 	-45.1615
2.34196 	-45.1614
2.34434 	-45.1614
2.34672 	-45.1613
2.3491 	-45.1612
2.35148 	-45.1611
2.35386 	-45.1611
2.35624 	-45.161
2.35862 	-45.1609
2.361 	-45.1609
2.36338 	-45.1608
2.36576 	-45.1607
2.36814 	-45.1606
2.37052 	-45.1606
2.3729 	-45.1605
2.37528 	-45.1604
2.37766 	-45.1603
2.38004 	-45.1603
2.38242 	-45.1602
2.3848 	-45.1601
2.38718 	-45.16
2.38956 	-45.16
2.39194 	-45.1599
2.39432 	-45.1598
2.3967 	-45.1597
2.39908 	-45.1597
2.40146 	-45.1596
2.40384 	-45.1595
2.40622 	-45.1594
2.4086 	-45.1594
2.41098 	-45.1593
2.41336 	-45.1592
2.41574 	-45.1591
2.41812 	-45.159
2.4205 	-45.159
2.42288 	-45.1589
2.42526 	-45.1588
2.42764 	-45.1587
2.43002 	-45.1586
2.4324 	-45.1586
2.43478 	-45.1585
2.43716 	-45.1584
2.43954 	-45.1583
2.44192 	-45.1582
2.4443 	-45.1581
2.44668 	-45.1581
2.44906 	-45.158
2.45144 	-45.1579
2.45382 	-45.1578
2.4562 	-45.1577
2.45858 	-45.1576
2.46096 	-45.1576
2.46334 	-45.1575
2.46572 	-45.1574
2.4681 	-45.1573
2.47048 	-45.1572
2.47286 	-45.1571
2.47524 	-45.157
2.47762 	-45.157
2.48 	-45.1569
2.48238 	-45.1568
2.48476 	-45.1567
2.48714 	-45.1566
2.48952 	-45.1565
2.4919 	-45.1564
2.49428 	-45.1563
2.49666 	-45.1563
2.49904 	-45.1562
2.50142 	-45.1561
2.5038 	-45.156
2.50618 	-45.1559
2.50856 	-45.1558
2.51094 	-45.1557
2.51332 	-45.1556
2.5157 	-45.1555
2.51808 	-45.1554
2.52046 	-45.1554
2.52284 	-45.1553
2.52522 	-45.1552
2.5276 	-45.1551
2.52998 	-45.155
2.53236 	-45.1549
2.53474 	-45.1548
2.53712 	-45.1547
2.5395 	-45.1546
2.54188 	-45.1545
2.54426 	-45.1544
2.54664 	-45.1543
2.54902 	-45.1542
2.5514 	-45.1541
2.55378 	-45.154
2.55616 	-45.1539
2.55854 	-45.1538
2.56092 	-45.1537
2.5633 	-45.1536
2.56568 	-45.1535
2.56806 	-45.1534
2.57044 	-45.1533
2.57282 	-45.1532
2.5752 	-45.1531
2.57758 	-45.153
2.57996 	-45.1529
2.58234 	-45.1528
2.58472 	-45.1527
2.5871 	-45.1526
2.58948 	-45.1525
2.59186 	-45.1524
2.59424 	-45.1523
2.59662 	-45.1522
2.599 	-45.1521
2.60138 	-45.152
2.60376 	-45.1519
2.60614 	-45.1518
2.60852 	-45.1517
2.6109 	-45.1516
2.61328 	-45.1515
2.61566 	-45.1514
2.61804 	-45.1513
2.62042 	-45.1512
2.6228 	-45.1511
2.62518 	-45.1509
2.62756 	-45.1508
2.62994 	-45.1507
2.63232 	-45.1506
2.6347 	-45.1505
2.63708 	-45.1504
2.63946 	-45.1503
2.64184 	-45.1502
2.64422 	-45.1501
2.6466 	-45.15
2.64898 	-45.1498
2.65136 	-45.1497
2.65374 	-45.1496
2.65612 	-45.1495
2.6585 	-45.1494
2.66088 	-45.1493
2.66326 	-45.1492
2.66564 	-45.149
2.66802 	-45.1489
2.6704 	-45.1488
2.67278 	-45.1487
2.67516 	-45.1486
2.67754 	-45.1485
2.67992 	-45.1483
2.6823 	-45.1482
2.68468 	-45.1481
2.68706 	-45.148
2.68944 	-45.1479
2.69182 	-45.1478
2.6942 	-45.1476
2.69658 	-45.1475
2.69896 	-45.1474
2.70134 	-45.1473
2.70372 	-45.1471
2.7061 	-45.147
2.70848 	-45.1469
2.71086 	-45.1468
2.71324 	-45.1467
2.71562 	-45.1465
2.718 	-45.1464
2.72038 	-45.1463
2.72276 	-45.1462
2.72514 	-45.146
2.72752 	-45.1459
2.7299 	-45.1458
2.73228 	-45.1457
2.73466 	-45.1455
2.73704 	-45.1454
2.73942 	-45.1453
2.7418 	-45.1451
2.74418 	-45.145
2.74656 	-45.1449
2.74894 	-45.1447
2.75132 	-45.1446
2.7537 	-45.1445
2.75608 	-45.1444
2.75846 	-45.1442
2.76084 	-45.1441
2.76322 	-45.144
2.7656 	-45.1438
2.76798 	-45.1437
2.77036 	-45.1436
2.77274 	-45.1434
2.77512 	-45.1433
2.7775 	-45.1431
2.77988 	-45.143
2.78226 	-45.1429
2.78464 	-45.1427
2.78702 	-45.1426
2.7894 	-45.1425
2.79178 	-45.1423
2.79416 	-45.1422
2.79654 	-45.142
2.79892 	-45.1419
2.8013 	-45.1418
2.80368 	-45.1416
2.80606 	-45.1415
2.80844 	-45.1413
2.81082 	-45.1412
2.8132 	-45.141
2.81558 	-45.1409
2.81796 	-45.1408
2.82034 	-45.1406
2.82272 	-45.1405
2.8251 	-45.1403
2.82748 	-45.1402
2.82986 	-45.14
2.83224 	-45.1399
2.83462 	-45.1397
2.837 	-45.1396
2.83938 	-45.1394
2.84176 	-45.1393
2.84414 	-45.1391
2.84652 	-45.139
2.8489 	-45.1388
2.85128 	-45.1387
2.85366 	-45.1385
2.85604 	-45.1384
2.85842 	-45.1382
2.8608 	-45.1381
2.86318 	-45.1379
2.86556 	-45.1378
2.86794 	-45.1376
2.87032 	-45.1374
2.8727 	-45.1373
2.87508 	-45.1371
2.87746 	-45.137
2.87984 	-45.1368
2.88222 	-45.1367
2.8846 	-45.1365
2.88698 	-45.1363
2.88936 	-45.1362
2.89174 	-45.136
2.89412 	-45.1358
2.8965 	-45.1357
2.89888 	-45.1355
2.90126 	-45.1354
2.90364 	-45.1352
2.90602 	-45.135
2.9084 	-45.1349
2.91078 	-45.1347
2.91316 	-45.1345
2.91554 	-45.1344
2.91792 	-45.1342
2.9203 	-45.134
2.92268 	-45.1339
2.92506 	-45.1337
2.92744 	-45.1335
2.92982 	-45.1333
2.9322 	-45.1332
2.93458 	-45.133
2.93696 	-45.1328
2.93934 	-45.1327
2.94172 	-45.1325
2.9441 	-45.1323
2.94648 	-45.1321
2.94886 	-45.132
2.95124 	-45.1318
2.95362 	-45.1316
2.956 	-45.1314
2.95838 	-45.1312
2.96076 	-45.1311
2.96314 	-45.1309
2.96552 	-45.1307
2.9679 	-45.1305
2.97028 	-45.1303
2.97266 	-45.1302
2.97504 	-45.13
2.97742 	-45.1298
2.9798 	-45.1296
2.98218 	-45.1294
2.98456 	-45.1292
2.98694 	-45.129
2.98932 	-45.1289
2.9917 	-45.1287
2.99408 	-45.1285
2.99646 	-45.1283
2.99884 	-45.1281
3.00122 	-45.1279
3.0036 	-45.1277
3.00598 	-45.1275
3.00836 	-45.1273
3.01074 	-45.1271
3.01312 	-45.1269
3.0155 	-45.1268
3.01788 	-45.1266
3.02026 	-45.1264
3.02264 	-45.1262
3.02502 	-45.126
3.0274 	-45.1258
3.02978 	-45.1256
3.03216 	-45.1254
3.03454 	-45.1252
3.03692 	-45.125
3.0393 	-45.1248
3.04168 	-45.1246
3.04406 	-45.1244
3.04644 	-45.1242
3.04882 	-45.124
3.0512 	-45.1237
3.05358 	-45.1235
3.05596 	-45.1233
3.05834 	-45.1231
3.06072 	-45.1229
3.0631 	-45.1227
3.06548 	-45.1225
3.06786 	-45.1223
3.07024 	-45.1221
3.07262 	-45.1219
3.075 	-45.1217
3.07738 	-45.1214
3.07976 	-45.1212
3.08214 	-45.121
3.08452 	-45.1208
3.0869 	-45.1206
3.08928 	-45.1204
3.09166 	-45.1201
3.09404 	-45.1199
3.09642 	-45.1197
3.0988 	-45.1195
3.10118 	-45.1193
3.10356 	-45.119
3.10594 	-45.1188
3.10832 	-45.1186
3.1107 	-45.1184
3.11308 	-45.1181
3.11546 	-45.1179
3.11784 	-45.1177
3.12022 	-45.1175
3.1226 	-45.1172
3.12498 	-45.117
3.12736 	-45.1168
3.12974 	-45.1165
3.13212 	-45.1163
3.1345 	-45.1161
3.13688 	-45.1158
3.13926 	-45.1156
3.14164 	-45.1154
3.14402 	-45.1151
3.1464 	-45.1149
3.14878 	-45.1147
3.15116 	-45.1144
3.15354 	-45.1142
3.15592 	-45.1139
3.1583 	-45.1137
3.16068 	-45.1134
3.16306 	-45.1132
3.16544 	-45.113
3.16782 	-45.1127
3.1702 	-45.1125
3.17258 	-45.1122
3.17496 	-45.112
3.17734 	-45.1117
3.17972 	-45.1115
3.1821 	-45.1112
3.18448 	-45.111
3.18686 	-45.1107
3.18924 	-45.1105
3.19162 	-45.1102
3.194 	-45.11
3.19638 	-45.1097
3.19876 	-45.1095
3.20114 	-45.1092
3.20352 	-45.1089
3.2059 	-45.1087
3.20828 	-45.1084
3.21066 	-45.1082
3.21304 	-45.1079
3.21542 	-45.1076
3.2178 	-45.1074
3.22018 	-45.1071
3.22256 	-45.1068
3.22494 	-45.1066
3.22732 	-45.1063
3.2297 	-45.106
3.23208 	-45.1058
3.23446 	-45.1055
3.23684 	-45.1052
3.23922 	-45.1049
3.2416 	-45.1047
3.24398 	-45.1044
3.24636 	-45.1041
3.24874 	-45.1038
3.25112 	-45.1036
3.2535 	-45.1033
3.25588 	-45.103
3.25826 	-45.1027
3.26064 	-45.1024
3.26302 	-45.1022
3.2654 	-45.1019
3.26778 	-45.1016
3.27016 	-45.1013
3.27254 	-45.101
3.27492 	-45.1007
3.2773 	-45.1004
3.27968 	-45.1002
3.28206 	-45.0999
3.28444 	-45.0996
3.28682 	-45.0993
3.2892 	-45.099
3.29158 	-45.0987
3.29396 	-45.0984
3.29634 	-45.0981
3.29872 	-45.0978
3.3011 	-45.0975
3.30348 	-45.0972
3.30586 	-45.0969
3.30824 	-45.0966
3.31062 	-45.0963
3.313 	-45.096
3.31538 	-45.0957
3.31776 	-45.0954
3.32014 	-45.0951
3.32252 	-45.0948
3.3249 	-45.0944
3.32728 	-45.0941
3.32966 	-45.0938
3.33204 	-45.0935
3.33442 	-45.0932
3.3368 	-45.0929
3.33918 	-45.0926
3.34156 	-45.0922
3.34394 	-45.0919
3.34632 	-45.0916
3.3487 	-45.0913
3.35108 	-45.091
3.35346 	-45.0906
3.35584 	-45.0903
3.35822 	-45.09
3.3606 	-45.0897
3.36298 	-45.0893
3.36536 	-45.089
3.36774 	-45.0887
3.37012 	-45.0883
3.3725 	-45.088
3.37488 	-45.0877
3.37726 	-45.0873
3.37964 	-45.087
3.38202 	-45.0867
3.3844 	-45.0863
3.38678 	-45.086
3.38916 	-45.0856
3.39154 	-45.0853
3.39392 	-45.0849
3.3963 	-45.0846
3.39868 	-45.0842
3.40106 	-45.0839
3.40344 	-45.0836
3.40582 	-45.0832
3.4082 	-45.0828
3.41058 	-45.0825
3.41296 	-45.0821
3.41534 	-45.0818
3.41772 	-45.0814
3.4201 	-45.0811
3.42248 	-45.0807
3.42486 	-45.0804
3.42724 	-45.08
3.42962 	-45.0796
3.432 	-45.0793
3.43438 	-45.0789
3.43676 	-45.0785
3.43914 	-45.0782
3.44152 	-45.0778
3.4439 	-45.0774
3.44628 	-45.077
3.44866 	-45.0767
3.45104 	-45.0763
3.45342 	-45.0759
3.4558 	-45.0755
3.45818 	-45.0752
3.46056 	-45.0748
3.46294 	-45.0744
3.46532 	-45.074
3.4677 	-45.0736
3.47008 	-45.0732
3.47246 	-45.0729
3.47484 	-45.0725
3.47722 	-45.0721
3.4796 	-45.0717
3.48198 	-45.0713
3.48436 	-45.0709
3.48674 	-45.0705
3.48912 	-45.0701
3.4915 	-45.0697
3.49388 	-45.0693
3.49626 	-45.0689
3.49864 	-45.0685
3.50102 	-45.0681
3.5034 	-45.0677
3.50578 	-45.0673
3.50816 	-45.0669
3.51054 	-45.0665
3.51292 	-45.0661
3.5153 	-45.0656
3.51768 	-45.0652
3.52006 	-45.0648
3.52244 	-45.0644
3.52482 	-45.064
3.5272 	-45.0636
3.52958 	-45.0631
3.53196 	-45.0627
3.53434 	-45.0623
3.53672 	-45.0619
3.5391 	-45.0614
3.54148 	-45.061
3.54386 	-45.0606
3.54624 	-45.0601
3.54862 	-45.0597
3.551 	-45.0593
3.55338 	-45.0588
3.55576 	-45.0584
3.55814 	-45.0579
3.56052 	-45.0575
3.5629 	-45.0571
3.56528 	-45.0566
3.56766 	-45.0562
3.57004 	-45.0557
3.57242 	-45.0553
3.5748 	-45.0548
3.57718 	-45.0544
3.57956 	-45.0539
3.58194 	-45.0534
3.58432 	-45.053
3.5867 	-45.0525
3.58908 	-45.0521
3.59146 	-45.0516
3.59384 	-45.0511
3.59622 	-45.0507
3.5986 	-45.0502
3.60098 	-45.0497
3.60336 	-45.0493
3.60574 	-45.0488
3.60812 	-45.0483
3.6105 	-45.0478
3.61288 	-45.0474
3.61526 	-45.0469
3.61764 	-45.0464
3.62002 	-45.0459
3.6224 	-45.0454
3.62478 	-45.0449
3.62716 	-45.0445
3.62954 	-45.044
3.63192 	-45.0435
3.6343 	-45.043
3.63668 	-45.0425
3.63906 	-45.042
3.64144 	-45.0415
3.64382 	-45.041
3.6462 	-45.0405
3.64858 	-45.04
3.65096 	-45.0395
3.65334 	-45.039
3.65572 	-45.0384
3.6581 	-45.0379
3.66048 	-45.0374
3.66286 	-45.0369
3.66524 	-45.0364
3.66762 	-45.0359
3.67 	-45.0353
3.67238 	-45.0348
3.67476 	-45.0343
3.67714 	-45.0338
3.67952 	-45.0332
3.6819 	-45.0327
3.68428 	-45.0322
3.68666 	-45.0316
3.68904 	-45.0311
3.69142 	-45.0306
3.6938 	-45.03
3.69618 	-45.0295
3.69856 	-45.0289
3.70094 	-45.0284
3.70332 	-45.0279
3.7057 	-45.0273
3.70808 	-45.0267
3.71046 	-45.0262
3.71284 	-45.0256
3.71522 	-45.0251
3.7176 	-45.0245
3.71998 	-45.024
3.72236 	-45.0234
3.72474 	-45.0228
3.72712 	-45.0223
3.7295 	-45.0217
3.73188 	-45.0211
3.73426 	-45.0205
3.73664 	-45.02
3.73902 	-45.0194
3.7414 	-45.0188
3.74378 	-45.0182
3.74616 	-45.0176
3.74854 	-45.0171
3.75092 	-45.0165
3.7533 	-45.0159
3.75568 	-45.0153
3.75806 	-45.0147
3.76044 	-45.0141
3.76282 	-45.0135
3.7652 	-45.0129
3.76758 	-45.0123
3.76996 	-45.0117
3.77234 	-45.0111
3.77472 	-45.0105
3.7771 	-45.0099
3.77948 	-45.0092
3.78186 	-45.0086
3.78424 	-45.008
3.78662 	-45.0074
3.789 	-45.0068
3.79138 	-45.0061
3.79376 	-45.0055
3.79614 	-45.0049
3.79852 	-45.0042
3.8009 	-45.0036
3.80328 	-45.003
3.80566 	-45.0023
3.80804 	-45.0017
3.81042 	-45.001
3.8128 	-45.0004
3.81518 	-44.9998
3.81756 	-44.9991
3.81994 	-44.9985
3.82232 	-44.9978
3.8247 	-44.9971
3.82708 	-44.9965
3.82946 	-44.9958
3.83184 	-44.9952
3.83422 	-44.9945
3.8366 	-44.9938
3.83898 	-44.9931
3.84136 	-44.9925
3.84374 	-44.9918
3.84612 	-44.9911
3.8485 	-44.9904
3.85088 	-44.9897
3.85326 	-44.9891
3.85564 	-44.9884
3.85802 	-44.9877
3.8604 	-44.987
3.86278 	-44.9863
3.86516 	-44.9856
3.86754 	-44.9849
3.86992 	-44.9842
3.8723 	-44.9835
3.87468 	-44.9828
3.87706 	-44.9821
3.87944 	-44.9814
3.88182 	-44.9806
3.8842 	-44.9799
3.88658 	-44.9792
3.88896 	-44.9785
3.89134 	-44.9777
3.89372 	-44.977
3.8961 	-44.9763
3.89848 	-44.9755
3.90086 	-44.9748
3.90324 	-44.9741
3.90562 	-44.9733
3.908 	-44.9726
3.91038 	-44.9718
3.91276 	-44.9711
3.91514 	-44.9703
3.91752 	-44.9696
3.9199 	-44.9688
3.92228 	-44.9681
3.92466 	-44.9673
3.92704 	-44.9665
3.92942 	-44.9658
3.9318 	-44.965
3.93418 	-44.9642
3.93656 	-44.9634
3.93894 	-44.9627
3.94132 	-44.9619
3.9437 	-44.9611
3.94608 	-44.9603
3.94846 	-44.9595
3.95084 	-44.9587
3.95322 	-44.9579
3.9556 	-44.9571
3.95798 	-44.9563
3.96036 	-44.9555
3.96274 	-44.9547
3.96512 	-44.9539
3.9675 	-44.9531
3.96988 	-44.9523
3.97226 	-44.9514
3.97464 	-44.9506
3.97702 	-44.9498
3.9794 	-44.949
3.98178 	-44.9481
3.98416 	-44.9473
3.98654 	-44.9465
3.98892 	-44.9456
3.9913 	-44.9448
3.99368 	-44.9439
3.99606 	-44.9431
3.99844 	-44.9422
4.00082 	-44.9414
4.0032 	-44.9405
4.00558 	-44.9396
4.00796 	-44.9388
4.01034 	-44.9379
4.01272 	-44.937
4.0151 	-44.9362
4.01748 	-44.9353
4.01986 	-44.9344
4.02224 	-44.9335
4.02462 	-44.9326
4.027 	-44.9318
4.02938 	-44.9309
4.03176 	-44.93
4.03414 	-44.9291
4.03652 	-44.9282
4.0389 	-44.9273
4.04128 	-44.9263
4.04366 	-44.9254
4.04604 	-44.9245
4.04842 	-44.9236
4.0508 	-44.9227
4.05318 	-44.9218
4.05556 	-44.9208
4.05794 	-44.9199
4.06032 	-44.919
4.0627 	-44.918
4.06508 	-44.9171
4.06746 	-44.9161
4.06984 	-44.9152
4.07222 	-44.9142
4.0746 	-44.9133
4.07698 	-44.9123
4.07936 	-44.9114
4.08174 	-44.9104
4.08412 	-44.9094
4.0865 	-44.9084
4.08888 	-44.9075
4.09126 	-44.9065
4.09364 	-44.9055
4.09602 	-44.9045
4.0984 	-44.9035
4.10078 	-44.9025
4.10316 	-44.9015
4.10554 	-44.9005
4.10792 	-44.8995
4.1103 	-44.8985
4.11268 	-44.8975
4.11506 	-44.8965
4.11744 	-44.8955
4.11982 	-44.8945
4.1222 	-44.8934
4.12458 	-44.8924
4.12696 	-44.8914
4.12934 	-44.8903
4.13172 	-44.8893
4.1341 	-44.8883
4.13648 	-44.8872
4.13886 	-44.8862
4.14124 	-44.8851
4.14362 	-44.884
4.146 	-44.883
4.14838 	-44.8819
4.15076 	-44.8808
4.15314 	-44.8798
4.15552 	-44.8787
4.1579 	-44.8776
4.16028 	-44.8765
4.16266 	-44.8754
4.16504 	-44.8743
4.16742 	-44.8732
4.1698 	-44.8721
4.17218 	-44.871
4.17456 	-44.8699
4.17694 	-44.8688
4.17932 	-44.8677
4.1817 	-44.8666
4.18408 	-44.8654
4.18646 	-44.8643
4.18884 	-44.8632
4.19122 	-44.862
4.1936 	-44.8609
4.19598 	-44.8598
4.19836 	-44.8586
4.20074 	-44.8575
4.20312 	-44.8563
4.2055 	-44.8551
4.20788 	-44.854
4.21026 	-44.8528
4.21264 	-44.8516
4.21502 	-44.8505
4.2174 	-44.8493
4.21978 	-44.8481
4.22216 	-44.8469
4.22454 	-44.8457
4.22692 	-44.8445
4.2293 	-44.8433
4.23168 	-44.8421
4.23406 	-44.8409
4.23644 	-44.8397
4.23882 	-44.8384
4.2412 	-44.8372
4.24358 	-44.836
4.24596 	-44.8348
4.24834 	-44.8335
4.25072 	-44.8323
4.2531 	-44.831
4.25548 	-44.8298
4.25786 	-44.8285
4.26024 	-44.8273
4.26262 	-44.826
4.265 	-44.8247
4.26738 	-44.8235
4.26976 	-44.8222
4.27214 	-44.8209
4.27452 	-44.8196
4.2769 	-44.8183
4.27928 	-44.817
4.28166 	-44.8157
4.28404 	-44.8144
4.28642 	-44.8131
4.2888 	-44.8118
4.29118 	-44.8105
4.29356 	-44.8091
4.29594 	-44.8078
4.29832 	-44.8065
4.3007 	-44.8052
4.30308 	-44.8038
4.30546 	-44.8025
4.30784 	-44.8011
4.31022 	-44.7998
4.3126 	-44.7984
4.31498 	-44.797
4.31736 	-44.7957
4.31974 	-44.7943
4.32212 	-44.7929
4.3245 	-44.7915
4.32688 	-44.7901
4.32926 	-44.7887
4.33164 	-44.7873
4.33402 	-44.7859
4.3364 	-44.7845
4.33878 	-44.7831
4.34116 	-44.7817
4.34354 	-44.7802
4.34592 	-44.7788
4.3483 	-44.7774
4.35068 	-44.7759
4.35306 	-44.7745
4.35544 	-44.773
4.35782 	-44.7716
4.3602 	-44.7701
4.36258 	-44.7687
4.36496 	-44.7672
4.36734 	-44.7657
4.36972 	-44.7642
4.3721 	-44.7627
4.37448 	-44.7612
4.37686 	-44.7597
4.37924 	-44.7582
4.38162 	-44.7567
4.384 	-44.7552
4.38638 	-44.7537
4.38876 	-44.7522
4.39114 	-44.7506
4.39352 	-44.7491
4.3959 	-44.7476
4.39828 	-44.746
4.40066 	-44.7445
4.40304 	-44.7429
4.40542 	-44.7413
4.4078 	-44.7398
4.41018 	-44.7382
4.41256 	-44.7366
4.41494 	-44.735
4.41732 	-44.7334
4.4197 	-44.7319
4.42208 	-44.7303
4.42446 	-44.7286
4.42684 	-44.727
4.42922 	-44.7254
4.4316 	-44.7238
4.43398 	-44.7222
4.43636 	-44.7205
4.43874 	-44.7189
4.44112 	-44.7172
4.4435 	-44.7156
4.44588 	-44.7139
4.44826 	-44.7123
4.45064 	-44.7106
4.45302 	-44.7089
4.4554 	-44.7072
4.45778 	-44.7055
4.46016 	-44.7038
4.46254 	-44.7021
4.46492 	-44.7004
4.4673 	-44.6987
4.46968 	-44.697
4.47206 	-44.6953
4.47444 	-44.6935
4.47682 	-44.6918
4.4792 	-44.6901
4.48158 	-44.6883
4.48396 	-44.6866
4.48634 	-44.6848
4.48872 	-44.683
4.4911 	-44.6813
4.49348 	-44.6795
4.49586 	-44.6777
4.49824 	-44.6759
4.50062 	-44.6741
4.503 	-44.6723
4.50538 	-44.6705
4.50776 	-44.6687
4.51014 	-44.6668
4.51252 	-44.665
4.5149 	-44.6632
4.51728 	-44.6613
4.51966 	-44.6595
4.52204 	-44.6576
4.52442 	-44.6558
4.5268 	-44.6539
4.52918 	-44.652
4.53156 	-44.6501
4.53394 	-44.6482
4.53632 	-44.6463
4.5387 	-44.6444
4.54108 	-44.6425
4.54346 	-44.6406
4.54584 	-44.6387
4.54822 	-44.6368
4.5506 	-44.6348
4.55298 	-44.6329
4.55536 	-44.6309
4.55774 	-44.629
4.56012 	-44.627
4.5625 	-44.625
4.56488 	-44.6231
4.56726 	-44.6211
4.56964 	-44.6191
4.57202 	-44.6171
4.5744 	-44.6151
4.57678 	-44.6131
4.57916 	-44.611
4.58154 	-44.609
4.58392 	-44.607
4.5863 	-44.6049
4.58868 	-44.6029
4.59106 	-44.6008
4.59344 	-44.5988
4.59582 	-44.5967
4.5982 	-44.5946
4.60058 	-44.5925
4.60296 	-44.5904
4.60534 	-44.5883
4.60772 	-44.5862
4.6101 	-44.5841
4.61248 	-44.582
4.61486 	-44.5799
4.61724 	-44.5777
4.61962 	-44.5756
4.622 	-44.5734
4.62438 	-44.5713
4.62676 	-44.5691
4.62914 	-44.5669
4.63152 	-44.5648
4.6339 	-44.5626
4.63628 	-44.5604
4.63866 	-44.5582
4.64104 	-44.556
4.64342 	-44.5537
4.6458 	-44.5515
4.64818 	-44.5493
4.65056 	-44.547
4.65294 	-44.5448
4.65532 	-44.5425
4.6577 	-44.5403
4.66008 	-44.538
4.66246 	-44.5357
4.66484 	-44.5334
4.66722 	-44.5311
4.6696 	-44.5288
4.67198 	-44.5265
4.67436 	-44.5242
4.67674 	-44.5218
4.67912 	-44.5195
4.6815 	-44.5171
4.68388 	-44.5148
4.68626 	-44.5124
4.68864 	-44.51
4.69102 	-44.5077
4.6934 	-44.5053
4.69578 	-44.5029
4.69816 	-44.5005
4.70054 	-44.4981
4.70292 	-44.4956
4.7053 	-44.4932
4.70768 	-44.4908
4.71006 	-44.4883
4.71244 	-44.4859
4.71482 	-44.4834
4.7172 	-44.4809
4.71958 	-44.4784
4.72196 	-44.4759
4.72434 	-44.4734
4.72672 	-44.4709
4.7291 	-44.4684
4.73148 	-44.4659
4.73386 	-44.4634
4.73624 	-44.4608
4.73862 	-44.4583
4.741 	-44.4557
4.74338 	-44.4531
4.74576 	-44.4506
4.74814 	-44.448
4.75052 	-44.4454
4.7529 	-44.4428
4.75528 	-44.4401
4.75766 	-44.4375
4.76004 	-44.4349
4.76242 	-44.4322
4.7648 	-44.4296
4.76718 	-44.4269
4.76956 	-44.4243
4.77194 	-44.4216
4.77432 	-44.4189
4.7767 	-44.4162
4.77908 	-44.4135
4.78146 	-44.4108
4.78384 	-44.408
4.78622 	-44.4053
4.7886 	-44.4026
4.79098 	-44.3998
4.79336 	-44.397
4.79574 	-44.3943
4.79812 	-44.3915
4.8005 	-44.3887
4.80288 	-44.3859
4.80526 	-44.3831
4.80764 	-44.3802
4.81002 	-44.3774
4.8124 	-44.3746
4.81478 	-44.3717
4.81716 	-44.3689
4.81954 	-44.366
4.82192 	-44.3631
4.8243 	-44.3602
4.82668 	-44.3573
4.82906 	-44.3544
4.83144 	-44.3515
4.83382 	-44.3485
4.8362 	-44.3456
4.83858 	-44.3426
4.84096 	-44.3397
4.84334 	-44.3367
4.84572 	-44.3337
4.8481 	-44.3307
4.85048 	-44.3277
4.85286 	-44.3247
4.85524 	-44.3217
4.85762 	-44.3186
4.86 	-44.3156
4.86238 	-44.3125
4.86476 	-44.3095
4.86714 	-44.3064
4.86952 	-44.3033
4.8719 	-44.3002
4.87428 	-44.2971
4.87666 	-44.294
4.87904 	-44.2908
4.88142 	-44.2877
4.8838 	-44.2845
4.88618 	-44.2814
4.88856 	-44.2782
4.89094 	-44.275
4.89332 	-44.2718
4.8957 	-44.2686
4.89808 	-44.2654
4.90046 	-44.2622
4.90284 	-44.2589
4.90522 	-44.2557
4.9076 	-44.2524
4.90998 	-44.2491
4.91236 	-44.2458
4.91474 	-44.2425
4.91712 	-44.2392
4.9195 	-44.2359
4.92188 	-44.2326
4.92426 	-44.2292
4.92664 	-44.2259
4.92902 	-44.2225
4.9314 	-44.2191
4.93378 	-44.2157
4.93616 	-44.2123
4.93854 	-44.2089
4.94092 	-44.2055
4.9433 	-44.2021
4.94568 	-44.1986
4.94806 	-44.1951
4.95044 	-44.1917
4.95282 	-44.1882
4.9552 	-44.1847
4.95758 	-44.1812
4.95996 	-44.1777
4.96234 	-44.1741
4.96472 	-44.1706
4.9671 	-44.167
4.96948 	-44.1634
4.97186 	-44.1599
4.97424 	-44.1563
4.97662 	-44.1527
4.979 	-44.149
4.98138 	-44.1454
4.98376 	-44.1418
4.98614 	-44.1381
4.98852 	-44.1344
4.9909 	-44.1308
4.99328 	-44.1271
4.99566 	-44.1234
4.99804 	-44.1196
5.00042 	-44.1159
5.0028 	-44.1122
5.00518 	-44.1084
5.00756 	-44.1046
5.00994 	-44.1008
5.01232 	-44.097
5.0147 	-44.0932
5.01708 	-44.0894
5.01946 	-44.0856
5.02184 	-44.0817
5.02422 	-44.0779
5.0266 	-44.074
5.02898 	-44.0701
5.03136 	-44.0662
5.03374 	-44.0623
5.03612 	-44.0584
5.0385 	-44.0544
5.04088 	-44.0505
5.04326 	-44.0465
5.04564 	-44.0425
5.04802 	-44.0385
5.0504 	-44.0345
5.05278 	-44.0305
5.05516 	-44.0264
5.05754 	-44.0224
5.05992 	-44.0183
5.0623 	-44.0142
5.06468 	-44.0101
5.06706 	-44.006
5.06944 	-44.0019
5.07182 	-43.9978
5.0742 	-43.9936
5.07658 	-43.9895
5.07896 	-43.9853
5.08134 	-43.9811
5.08372 	-43.9769
5.0861 	-43.9727
5.08848 	-43.9684
5.09086 	-43.9642
5.09324 	-43.9599
5.09562 	-43.9556
5.098 	-43.9513
5.10038 	-43.947
5.10276 	-43.9427
5.10514 	-43.9384
5.10752 	-43.934
5.1099 	-43.9296
5.11228 	-43.9253
5.11466 	-43.9209
5.11704 	-43.9165
5.11942 	-43.912
5.1218 	-43.9076
5.12418 	-43.9031
5.12656 	-43.8987
5.12894 	-43.8942
5.13132 	-43.8897
5.1337 	-43.8852
5.13608 	-43.8806
5.13846 	-43.8761
5.14084 	-43.8715
5.14322 	-43.8669
5.1456 	-43.8623
5.14798 	-43.8577
5.15036 	-43.8531
5.15274 	-43.8485
5.15512 	-43.8438
5.1575 	-43.8391
5.15988 	-43.8344
5.16226 	-43.8297
5.16464 	-43.825
5.16702 	-43.8203
5.1694 	-43.8155
5.17178 	-43.8107
5.17416 	-43.806
5.17654 	-43.8012
5.17892 	-43.7963
5.1813 	-43.7915
5.18368 	-43.7867
5.18606 	-43.7818
5.18844 	-43.7769
5.19082 	-43.772
5.1932 	-43.7671
5.19558 	-43.7622
5.19796 	-43.7572
5.20034 	-43.7522
5.20272 	-43.7473
5.2051 	-43.7423
5.20748 	-43.7372
5.20986 	-43.7322
5.21224 	-43.7272
5.21462 	-43.7221
5.217 	-43.717
5.21938 	-43.7119
5.22176 	-43.7068
5.22414 	-43.7017
5.22652 	-43.6965
5.2289 	-43.6913
5.23128 	-43.6861
5.23366 	-43.6809
5.23604 	-43.6757
5.23842 	-43.6705
5.2408 	-43.6652
5.24318 	-43.6599
5.24556 	-43.6546
5.24794 	-43.6493
5.25032 	-43.644
5.2527 	-43.6387
5.25508 	-43.6333
5.25746 	-43.6279
5.25984 	-43.6225
5.26222 	-43.6171
5.2646 	-43.6117
5.26698 	-43.6062
5.26936 	-43.6007
5.27174 	-43.5952
5.27412 	-43.5897
5.2765 	-43.5842
5.27888 	-43.5786
5.28126 	-43.5731
5.28364 	-43.5675
5.28602 	-43.5619
5.2884 	-43.5563
5.29078 	-43.5506
5.29316 	-43.545
5.29554 	-43.5393
5.29792 	-43.5336
5.3003 	-43.5279
5.30268 	-43.5221
5.30506 	-43.5164
5.30744 	-43.5106
5.30982 	-43.5048
5.3122 	-43.499
5.31458 	-43.4932
5.31696 	-43.4873
5.31934 	-43.4815
5.32172 	-43.4756
5.3241 	-43.4697
5.32648 	-43.4637
5.32886 	-43.4578
5.33124 	-43.4518
5.33362 	-43.4458
5.336 	-43.4398
5.33838 	-43.4338
5.34076 	-43.4277
5.34314 	-43.4217
5.34552 	-43.4156
5.3479 	-43.4095
5.35028 	-43.4033
5.35266 	-43.3972
5.35504 	-43.391
5.35742 	-43.3848
5.3598 	-43.3786
5.36218 	-43.3724
5.36456 	-43.3661
5.36694 	-43.3598
5.36932 	-43.3536
5.3717 	-43.3472
5.37408 	-43.3409
5.37646 	-43.3345
5.37884 	-43.3282
5.38122 	-43.3218
5.3836 	-43.3153
5.38598 	-43.3089
5.38836 	-43.3024
5.39074 	-43.296
5.39312 	-43.2895
5.3955 	-43.2829
5.39788 	-43.2764
5.40026 	-43.2698
5.40264 	-43.2632
5.40502 	-43.2566
5.4074 	-43.25
5.40978 	-43.2433
5.41216 	-43.2366
5.41454 	-43.2299
5.41692 	-43.2232
5.4193 	-43.2165
5.42168 	-43.2097
5.42406 	-43.2029
5.42644 	-43.1961
5.42882 	-43.1893
5.4312 	-43.1824
5.43358 	-43.1755
5.43596 	-43.1686
5.43834 	-43.1617
5.44072 	-43.1548
5.4431 	-43.1478
5.44548 	-43.1408
5.44786 	-43.1338
5.45024 	-43.1267
5.45262 	-43.1197
5.455 	-43.1126
5.45738 	-43.1055
5.45976 	-43.0984
5.46214 	-43.0912
5.46452 	-43.084
5.4669 	-43.0768
5.46928 	-43.0696
5.47166 	-43.0624
5.47404 	-43.0551
5.47642 	-43.0478
5.4788 	-43.0405
5.48118 	-43.0331
5.48356 	-43.0258
5.48594 	-43.0184
5.48832 	-43.0109
5.4907 	-43.0035
5.49308 	-42.996
5.49546 	-42.9886
5.49784 	-42.981
5.50022 	-42.9735
5.5026 	-42.9659
5.50498 	-42.9584
5.50736 	-42.9508
5.50974 	-42.9431
5.51212 	-42.9355
5.5145 	-42.9278
5.51688 	-42.9201
5.51926 	-42.9123
5.52164 	-42.9046
5.52402 	-42.8968
5.5264 	-42.889
5.52878 	-42.8811
5.53116 	-42.8733
5.53354 	-42.8654
5.53592 	-42.8575
5.5383 	-42.8495
5.54068 	-42.8416
5.54306 	-42.8336
5.54544 	-42.8256
5.54782 	-42.8175
5.5502 	-42.8095
5.55258 	-42.8014
5.55496 	-42.7933
5.55734 	-42.7851
5.55972 	-42.7769
5.5621 	-42.7688
5.56448 	-42.7605
5.56686 	-42.7523
5.56924 	-42.744
5.57162 	-42.7357
5.574 	-42.7274
5.57638 	-42.719
5.57876 	-42.7106
5.58114 	-42.7022
5.58352 	-42.6938
5.5859 	-42.6853
5.58828 	-42.6768
5.59066 	-42.6683
5.59304 	-42.6598
5.59542 	-42.6512
5.5978 	-42.6426
5.60018 	-42.634
5.60256 	-42.6253
5.60494 	-42.6166
5.60732 	-42.6079
5.6097 	-42.5992
5.61208 	-42.5904
5.61446 	-42.5816
5.61684 	-42.5728
5.61922 	-42.564
5.6216 	-42.5551
5.62398 	-42.5462
5.62636 	-42.5372
5.62874 	-42.5283
5.63112 	-42.5193
5.6335 	-42.5103
5.63588 	-42.5012
5.63826 	-42.4921
5.64064 	-42.483
5.64302 	-42.4739
5.6454 	-42.4647
5.64778 	-42.4555
5.65016 	-42.4463
5.65254 	-42.4371
5.65492 	-42.4278
5.6573 	-42.4185
5.65968 	-42.4091
5.66206 	-42.3998
5.66444 	-42.3904
5.66682 	-42.3809
5.6692 	-42.3715
5.67158 	-42.362
5.67396 	-42.3525
5.67634 	-42.3429
5.67872 	-42.3333
5.6811 	-42.3237
5.68348 	-42.3141
5.68586 	-42.3044
5.68824 	-42.2947
5.69062 	-42.285
5.693 	-42.2752
5.69538 	-42.2655
5.69776 	-42.2556
5.70014 	-42.2458
5.70252 	-42.2359
5.7049 	-42.226
5.70728 	-42.216
5.70966 	-42.2061
5.71204 	-42.1961
5.71442 	-42.186
5.7168 	-42.1759
5.71918 	-42.1658
5.72156 	-42.1557
5.72394 	-42.1456
5.72632 	-42.1354
5.7287 	-42.1251
5.73108 	-42.1149
5.73346 	-42.1046
5.73584 	-42.0943
5.73822 	-42.0839
5.7406 	-42.0735
5.74298 	-42.0631
5.74536 	-42.0526
5.74774 	-42.0422
5.75012 	-42.0316
5.7525 	-42.0211
5.75488 	-42.0105
5.75726 	-41.9999
5.75964 	-41.9892
5.76202 	-41.9786
5.7644 	-41.9678
5.76678 	-41.9571
5.76916 	-41.9463
5.77154 	-41.9355
5.77392 	-41.9247
5.7763 	-41.9138
5.77868 	-41.9029
5.78106 	-41.8919
5.78344 	-41.8809
5.78582 	-41.8699
5.7882 	-41.8589
5.79058 	-41.8478
5.79296 	-41.8367
5.79534 	-41.8255
5.79772 	-41.8143
5.8001 	-41.8031
5.80248 	-41.7919
5.80486 	-41.7806
5.80724 	-41.7693
5.80962 	-41.7579
5.812 	-41.7465
5.81438 	-41.7351
5.81676 	-41.7236
5.81914 	-41.7121
5.82152 	-41.7006
5.8239 	-41.689
5.82628 	-41.6774
5.82866 	-41.6658
5.83104 	-41.6541
5.83342 	-41.6424
5.8358 	-41.6307
5.83818 	-41.6189
5.84056 	-41.6071
5.84294 	-41.5952
5.84532 	-41.5833
5.8477 	-41.5714
5.85008 	-41.5594
5.85246 	-41.5474
5.85484 	-41.5354
5.85722 	-41.5234
5.8596 	-41.5112
5.86198 	-41.4991
5.86436 	-41.4869
5.86674 	-41.4747
5.86912 	-41.4625
5.8715 	-41.4502
5.87388 	-41.4379
5.87626 	-41.4255
5.87864 	-41.4131
5.88102 	-41.4007
5.8834 	-41.3882
5.88578 	-41.3757
5.88816 	-41.3631
5.89054 	-41.3505
5.89292 	-41.3379
5.8953 	-41.3253
5.89768 	-41.3126
5.90006 	-41.2998
5.90244 	-41.2871
5.90482 	-41.2742
5.9072 	-41.2614
5.90958 	-41.2485
5.91196 	-41.2356
5.91434 	-41.2226
5.91672 	-41.2096
5.9191 	-41.1966
5.92148 	-41.1835
5.92386 	-41.1704
5.92624 	-41.1572
5.92862 	-41.144
5.931 	-41.1308
5.93338 	-41.1175
5.93576 	-41.1042
5.93814 	-41.0908
5.94052 	-41.0774
5.9429 	-41.064
5.94528 	-41.0505
5.94766 	-41.037
5.95004 	-41.0235
5.95242 	-41.0099
5.9548 	-40.9962
5.95718 	-40.9826
5.95956 	-40.9689
5.96194 	-40.9551
5.96432 	-40.9413
5.9667 	-40.9275
5.96908 	-40.9136
5.97146 	-40.8997
5.97384 	-40.8857
5.97622 	-40.8717
5.9786 	-40.8577
5.98098 	-40.8436
5.98336 	-40.8295
5.98574 	-40.8154
5.98812 	-40.8012
5.9905 	-40.7869
5.99288 	-40.7726
5.99526 	-40.7583
5.99764 	-40.7439
6.00002 	-40.7295
6.0024 	-40.7151
6.00478 	-40.7006
6.00716 	-40.6861
6.00954 	-40.6715
6.01192 	-40.6569
6.0143 	-40.6422
6.01668 	-40.6275
6.01906 	-40.6128
6.02144 	-40.598
6.02382 	-40.5832
6.0262 	-40.5683
6.02858 	-40.5534
6.03096 	-40.5384
6.03334 	-40.5234
6.03572 	-40.5084
6.0381 	-40.4933
6.04048 	-40.4782
6.04286 	-40.463
6.04524 	-40.4478
6.04762 	-40.4325
6.05 	-40.4172
6.05238 	-40.4019
6.05476 	-40.3865
6.05714 	-40.3711
6.05952 	-40.3556
6.0619 	-40.3401
6.06428 	-40.3245
6.06666 	-40.3089
6.06904 	-40.2933
6.07142 	-40.2776
6.0738 	-40.2619
6.07618 	-40.2461
6.07856 	-40.2302
6.08094 	-40.2144
6.08332 	-40.1985
6.0857 	-40.1825
6.08808 	-40.1665
6.09046 	-40.1504
6.09284 	-40.1343
6.09522 	-40.1182
6.0976 	-40.102
6.09998 	-40.0858
6.10236 	-40.0695
6.10474 	-40.0532
6.10712 	-40.0368
6.1095 	-40.0204
6.11188 	-40.004
6.11426 	-39.9875
6.11664 	-39.9709
6.11902 	-39.9543
6.1214 	-39.9377
6.12378 	-39.921
6.12616 	-39.9043
6.12854 	-39.8875
6.13092 	-39.8707
6.1333 	-39.8538
6.13568 	-39.8369
6.13806 	-39.8199
6.14044 	-39.8029
6.14282 	-39.7858
6.1452 	-39.7687
6.14758 	-39.7516
6.14996 	-39.7344
6.15234 	-39.7171
6.15472 	-39.6998
6.1571 	-39.6825
6.15948 	-39.6651
6.16186 	-39.6477
6.16424 	-39.6302
6.16662 	-39.6127
6.169 	-39.5951
6.17138 	-39.5775
6.17376 	-39.5598
6.17614 	-39.5421
6.17852 	-39.5243
6.1809 	-39.5065
6.18328 	-39.4886
6.18566 	-39.4707
6.18804 	-39.4528
6.19042 	-39.4348
6.1928 	-39.4167
6.19518 	-39.3986
6.19756 	-39.3805
6.19994 	-39.3623
6.20232 	-39.344
6.2047 	-39.3257
6.20708 	-39.3074
6.20946 	-39.289
6.21184 	-39.2705
6.21422 	-39.252
6.2166 	-39.2335
6.21898 	-39.2149
6.22136 	-39.1962
6.22374 	-39.1776
6.22612 	-39.1588
6.2285 	-39.14
6.23088 	-39.1212
6.23326 	-39.1023
6.23564 	-39.0834
6.23802 	-39.0644
6.2404 	-39.0453
6.24278 	-39.0262
6.24516 	-39.0071
6.24754 	-38.9879
6.24992 	-38.9687
6.2523 	-38.9494
6.25468 	-38.93
6.25706 	-38.9107
6.25944 	-38.8912
6.26182 	-38.8717
6.2642 	-38.8522
6.26658 	-38.8326
6.26896 	-38.813
6.27134 	-38.7933
6.27372 	-38.7735
6.2761 	-38.7537
6.27848 	-38.7339
6.28086 	-38.714
6.28324 	-38.694
6.28562 	-38.674
6.288 	-38.654
6.29038 	-38.6339
6.29276 	-38.6137
6.29514 	-38.5935
6.29752 	-38.5733
6.2999 	-38.553
6.30228 	-38.5326
6.30466 	-38.5122
6.30704 	-38.4917
6.30942 	-38.4712
6.3118 	-38.4506
6.31418 	-38.43
6.31656 	-38.4094
6.31894 	-38.3886
6.32132 	-38.3679
6.3237 	-38.347
6.32608 	-38.3262
6.32846 	-38.3052
6.33084 	-38.2842
6.33322 	-38.2632
6.3356 	-38.2421
6.33798 	-38.221
6.34036 	-38.1998
6.34274 	-38.1785
6.34512 	-38.1572
6.3475 	-38.1359
6.34988 	-38.1145
6.35226 	-38.093
6.35464 	-38.0715
6.35702 	-38.0499
6.3594 	-38.0283
6.36178 	-38.0066
6.36416 	-37.9849
6.36654 	-37.9631
6.36892 	-37.9413
6.3713 	-37.9194
6.37368 	-37.8975
6.37606 	-37.8755
6.37844 	-37.8535
6.38082 	-37.8314
6.3832 	-37.8092
6.38558 	-37.787
6.38796 	-37.7647
6.39034 	-37.7424
6.39272 	-37.7201
6.3951 	-37.6976
6.39748 	-37.6752
6.39986 	-37.6526
6.40224 	-37.6301
6.40462 	-37.6074
6.407 	-37.5847
6.40938 	-37.562
6.41176 	-37.5392
6.41414 	-37.5163
6.41652 	-37.4934
6.4189 	-37.4705
6.42128 	-37.4474
6.42366 	-37.4244
6.42604 	-37.4012
6.42842 	-37.3781
6.4308 	-37.3548
6.43318 	-37.3315
6.43556 	-37.3082
6.43794 	-37.2848
6.44032 	-37.2613
6.4427 	-37.2378
6.44508 	-37.2143
6.44746 	-37.1906
6.44984 	-37.167
6.45222 	-37.1432
6.4546 	-37.1195
6.45698 	-37.0956
6.45936 	-37.0717
6.46174 	-37.0478
6.46412 	-37.0238
6.4665 	-36.9997
6.46888 	-36.9756
6.47126 	-36.9514
6.47364 	-36.9272
6.47602 	-36.9029
6.4784 	-36.8786
6.48078 	-36.8542
6.48316 	-36.8297
6.48554 	-36.8052
6.48792 	-36.7807
6.4903 	-36.7561
6.49268 	-36.7314
6.49506 	-36.7067
6.49744 	-36.6819
6.49982 	-36.6571
6.5022 	-36.6322
6.50458 	-36.6072
6.50696 	-36.5822
6.50934 	-36.5572
6.51172 	-36.532
6.5141 	-36.5069
6.51648 	-36.4816
6.51886 	-36.4564
6.52124 	-36.431
6.52362 	-36.4056
6.526 	-36.3802
6.52838 	-36.3547
6.53076 	-36.3291
6.53314 	-36.3035
6.53552 	-36.2778
6.5379 	-36.2521
6.54028 	-36.2263
6.54266 	-36.2005
6.54504 	-36.1746
6.54742 	-36.1486
6.5498 	-36.1226
6.55218 	-36.0965
6.55456 	-36.0704
6.55694 	-36.0442
6.55932 	-36.018
6.5617 	-35.9917
6.56408 	-35.9654
6.56646 	-35.939
6.56884 	-35.9125
6.57122 	-35.886
6.5736 	-35.8594
6.57598 	-35.8328
6.57836 	-35.8061
6.58074 	-35.7794
6.58312 	-35.7526
6.5855 	-35.7257
6.58788 	-35.6988
6.59026 	-35.6719
6.59264 	-35.6448
6.59502 	-35.6178
6.5974 	-35.5906
6.59978 	-35.5634
6.60216 	-35.5362
6.60454 	-35.5089
6.60692 	-35.4815
6.6093 	-35.4541
6.61168 	-35.4267
6.61406 	-35.3991
6.61644 	-35.3716
6.61882 	-35.3439
6.6212 	-35.3162
6.62358 	-35.2885
6.62596 	-35.2607
6.62834 	-35.2328
6.63072 	-35.2049
6.6331 	-35.1769
6.63548 	-35.1489
6.63786 	-35.1208
6.64024 	-35.0926
6.64262 	-35.0644
6.645 	-35.0362
6.64738 	-35.0079
6.64976 	-34.9795
6.65214 	-34.9511
6.65452 	-34.9226
6.6569 	-34.8941
6.65928 	-34.8655
6.66166 	-34.8368
6.66404 	-34.8081
6.66642 	-34.7794
6.6688 	-34.7506
6.67118 	-34.7217
6.67356 	-34.6928
6.67594 	-34.6638
6.67832 	-34.6347
6.6807 	-34.6057
6.68308 	-34.5765
6.68546 	-34.5473
6.68784 	-34.518
6.69022 	-34.4887
6.6926 	-34.4594
6.69498 	-34.4299
6.69736 	-34.4004
6.69974 	-34.3709
6.70212 	-34.3413
6.7045 	-34.3117
6.70688 	-34.282
6.70926 	-34.2522
6.71164 	-34.2224
6.71402 	-34.1925
6.7164 	-34.1626
6.71878 	-34.1326
6.72116 	-34.1026
6.72354 	-34.0725
6.72592 	-34.0423
6.7283 	-34.0121
6.73068 	-33.9819
6.73306 	-33.9516
6.73544 	-33.9212
6.73782 	-33.8908
6.7402 	-33.8603
6.74258 	-33.8298
6.74496 	-33.7992
6.74734 	-33.7686
6.74972 	-33.7379
6.7521 	-33.7071
6.75448 	-33.6763
6.75686 	-33.6455
6.75924 	-33.6146
6.76162 	-33.5836
6.764 	-33.5526
6.76638 	-33.5215
6.76876 	-33.4904
6.77114 	-33.4592
6.77352 	-33.4279
6.7759 	-33.3967
6.77828 	-33.3653
6.78066 	-33.3339
6.78304 	-33.3025
6.78542 	-33.271
6.7878 	-33.2394
6.79018 	-33.2078
6.79256 	-33.1761
6.79494 	-33.1444
6.79732 	-33.1126
6.7997 	-33.0808
6.80208 	-33.0489
6.80446 	-33.017
6.80684 	-32.985
6.80922 	-32.953
6.8116 	-32.9209
6.81398 	-32.8887
6.81636 	-32.8566
6.81874 	-32.8243
6.82112 	-32.792
6.8235 	-32.7596
6.82588 	-32.7272
6.82826 	-32.6948
6.83064 	-32.6623
6.83302 	-32.6297
6.8354 	-32.5971
6.83778 	-32.5644
6.84016 	-32.5317
6.84254 	-32.4989
6.84492 	-32.4661
6.8473 	-32.4332
6.84968 	-32.4003
6.85206 	-32.3673
6.85444 	-32.3343
6.85682 	-32.3012
6.8592 	-32.2681
6.86158 	-32.2349
6.86396 	-32.2017
6.86634 	-32.1684
6.86872 	-32.1351
6.8711 	-32.1017
6.87348 	-32.0683
6.87586 	-32.0348
6.87824 	-32.0012
6.88062 	-31.9676
6.883 	-31.934
6.88538 	-31.9003
6.88776 	-31.8666
6.89014 	-31.8328
6.89252 	-31.799
6.8949 	-31.7651
6.89728 	-31.7311
6.89966 	-31.6972
6.90204 	-31.6631
6.90442 	-31.629
6.9068 	-31.5949
6.90918 	-31.5607
6.91156 	-31.5265
6.91394 	-31.4922
6.91632 	-31.4579
6.9187 	-31.4235
6.92108 	-31.3891
6.92346 	-31.3546
6.92584 	-31.3201
6.92822 	-31.2855
6.9306 	-31.2509
6.93298 	-31.2162
6.93536 	-31.1815
6.93774 	-31.1468
6.94012 	-31.112
6.9425 	-31.0771
6.94488 	-31.0422
6.94726 	-31.0073
6.94964 	-30.9723
6.95202 	-30.9372
6.9544 	-30.9021
6.95678 	-30.867
6.95916 	-30.8318
6.96154 	-30.7966
6.96392 	-30.7613
6.9663 	-30.726
6.96868 	-30.6906
6.97106 	-30.6552
6.97344 	-30.6198
6.97582 	-30.5843
6.9782 	-30.5487
6.98058 	-30.5131
6.98296 	-30.4775
6.98534 	-30.4418
6.98772 	-30.4061
6.9901 	-30.3703
6.99248 	-30.3345
6.99486 	-30.2987
6.99724 	-30.2628
6.99962 	-30.2268
7.002 	-30.1908
7.00438 	-30.1548
7.00676 	-30.1187
7.00914 	-30.0826
7.01152 	-30.0464
7.0139 	-30.0102
7.01628 	-29.974
7.01866 	-29.9377
7.02104 	-29.9013
7.02342 	-29.865
7.0258 	-29.8285
7.02818 	-29.7921
7.03056 	-29.7556
7.03294 	-29.719
7.03532 	-29.6824
7.0377 	-29.6458
7.04008 	-29.6092
7.04246 	-29.5724
7.04484 	-29.5357
7.04722 	-29.4989
7.0496 	-29.4621
7.05198 	-29.4252
7.05436 	-29.3883
7.05674 	-29.3513
7.05912 	-29.3143
7.0615 	-29.2773
7.06388 	-29.2402
7.06626 	-29.2031
7.06864 	-29.166
7.07102 	-29.1288
7.0734 	-29.0916
7.07578 	-29.0543
7.07816 	-29.017
7.08054 	-28.9797
7.08292 	-28.9423
7.0853 	-28.9049
7.08768 	-28.8674
7.09006 	-28.8299
7.09244 	-28.7924
7.09482 	-28.7548
7.0972 	-28.7172
7.09958 	-28.6796
7.10196 	-28.6419
7.10434 	-28.6042
7.10672 	-28.5664
7.1091 	-28.5287
7.11148 	-28.4908
7.11386 	-28.453
7.11624 	-28.4151
7.11862 	-28.3772
7.121 	-28.3392
7.12338 	-28.3012
7.12576 	-28.2632
7.12814 	-28.2251
7.13052 	-28.187
7.1329 	-28.1489
7.13528 	-28.1107
7.13766 	-28.0725
7.14004 	-28.0343
7.14242 	-27.996
7.1448 	-27.9577
7.14718 	-27.9194
7.14956 	-27.881
7.15194 	-27.8426
7.15432 	-27.8042
7.1567 	-27.7657
7.15908 	-27.7272
7.16146 	-27.6887
7.16384 	-27.6502
7.16622 	-27.6116
7.1686 	-27.573
7.17098 	-27.5343
7.17336 	-27.4956
7.17574 	-27.4569
7.17812 	-27.4182
7.1805 	-27.3794
7.18288 	-27.3406
7.18526 	-27.3018
7.18764 	-27.2629
7.19002 	-27.224
7.1924 	-27.1851
7.19478 	-27.1462
7.19716 	-27.1072
7.19954 	-27.0682
7.20192 	-27.0292
7.2043 	-26.9901
7.20668 	-26.9511
7.20906 	-26.9119
7.21144 	-26.8728
7.21382 	-26.8336
7.2162 	-26.7945
7.21858 	-26.7552
7.22096 	-26.716
7.22334 	-26.6767
7.22572 	-26.6374
7.2281 	-26.5981
7.23048 	-26.5588
7.23286 	-26.5194
7.23524 	-26.48
7.23762 	-26.4406
7.24 	-26.4012
7.24238 	-26.3617
7.24476 	-26.3222
7.24714 	-26.2827
7.24952 	-26.2432
7.2519 	-26.2036
7.25428 	-26.164
7.25666 	-26.1244
7.25904 	-26.0848
7.26142 	-26.0451
7.2638 	-26.0055
7.26618 	-25.9658
7.26856 	-25.9261
7.27094 	-25.8863
7.27332 	-25.8466
7.2757 	-25.8068
7.27808 	-25.767
7.28046 	-25.7272
7.28284 	-25.6874
7.28522 	-25.6475
7.2876 	-25.6076
7.28998 	-25.5677
7.29236 	-25.5278
7.29474 	-25.4879
7.29712 	-25.4479
7.2995 	-25.408
7.30188 	-25.368
7.30426 	-25.328
7.30664 	-25.288
7.30902 	-25.2479
7.3114 	-25.2079
7.31378 	-25.1678
7.31616 	-25.1277
7.31854 	-25.0876
7.32092 	-25.0475
7.3233 	-25.0074
7.32568 	-24.9672
7.32806 	-24.927
7.33044 	-24.8869
7.33282 	-24.8467
7.3352 	-24.8064
7.33758 	-24.7662
7.33996 	-24.726
7.34234 	-24.6857
7.34472 	-24.6455
7.3471 	-24.6052
7.34948 	-24.5649
7.35186 	-24.5246
7.35424 	-24.4843
7.35662 	-24.4439
7.359 	-24.4036
7.36138 	-24.3633
7.36376 	-24.3229
7.36614 	-24.2825
7.36852 	-24.2421
7.3709 	-24.2017
7.37328 	-24.1613
7.37566 	-24.1209
7.37804 	-24.0805
7.38042 	-24.04
7.3828 	-23.9996
7.38518 	-23.9591
7.38756 	-23.9187
7.38994 	-23.8782
7.39232 	-23.8377
7.3947 	-23.7972
7.39708 	-23.7567
7.39946 	-23.7162
7.40184 	-23.6757
7.40422 	-23.6352
7.4066 	-23.5947
7.40898 	-23.5542
7.41136 	-23.5136
7.41374 	-23.4731
7.41612 	-23.4325
7.4185 	-23.392
7.42088 	-23.3514
7.42326 	-23.3108
7.42564 	-23.2703
7.42802 	-23.2297
7.4304 	-23.1891
7.43278 	-23.1485
7.43516 	-23.108
7.43754 	-23.0674
7.43992 	-23.0268
7.4423 	-22.9862
7.44468 	-22.9456
7.44706 	-22.905
7.44944 	-22.8644
7.45182 	-22.8238
7.4542 	-22.7832
7.45658 	-22.7426
7.45896 	-22.702
7.46134 	-22.6614
7.46372 	-22.6207
7.4661 	-22.5801
7.46848 	-22.5395
7.47086 	-22.4989
7.47324 	-22.4583
7.47562 	-22.4177
7.478 	-22.3771
7.48038 	-22.3365
7.48276 	-22.2959
7.48514 	-22.2553
7.48752 	-22.2147
7.4899 	-22.1741
7.49228 	-22.1335
7.49466 	-22.0929
7.49704 	-22.0523
7.49942 	-22.0117
7.5018 	-21.9712
7.50418 	-21.9306
7.50656 	-21.89
7.50894 	-21.8495
7.51132 	-21.8089
7.5137 	-21.7683
7.51608 	-21.7278
7.51846 	-21.6872
7.52084 	-21.6467
7.52322 	-21.6062
7.5256 	-21.5656
7.52798 	-21.5251
7.53036 	-21.4846
7.53274 	-21.4441
7.53512 	-21.4036
7.5375 	-21.3631
7.53988 	-21.3226
7.54226 	-21.2821
7.54464 	-21.2417
7.54702 	-21.2012
7.5494 	-21.1608
7.55178 	-21.1203
7.55416 	-21.0799
7.55654 	-21.0395
7.55892 	-20.9991
7.5613 	-20.9586
7.56368 	-20.9183
7.56606 	-20.8779
7.56844 	-20.8375
7.57082 	-20.7971
7.5732 	-20.7568
7.57558 	-20.7165
7.57796 	-20.6761
7.58034 	-20.6358
7.58272 	-20.5955
7.5851 	-20.5553
7.58748 	-20.515
7.58986 	-20.4747
7.59224 	-20.4345
7.59462 	-20.3942
7.597 	-20.354
7.59938 	-20.3138
7.60176 	-20.2736
7.60414 	-20.2335
7.60652 	-20.1933
7.6089 	-20.1532
7.61128 	-20.113
7.61366 	-20.0729
7.61604 	-20.0328
7.61842 	-19.9927
7.6208 	-19.9527
7.62318 	-19.9126
7.62556 	-19.8726
7.62794 	-19.8326
7.63032 	-19.7926
7.6327 	-19.7526
7.63508 	-19.7127
7.63746 	-19.6727
7.63984 	-19.6328
7.64222 	-19.5929
7.6446 	-19.553
7.64698 	-19.5132
7.64936 	-19.4733
7.65174 	-19.4335
7.65412 	-19.3937
7.6565 	-19.3539
7.65888 	-19.3141
7.66126 	-19.2744
7.66364 	-19.2347
7.66602 	-19.195
7.6684 	-19.1553
7.67078 	-19.1156
7.67316 	-19.076
7.67554 	-19.0364
7.67792 	-18.9968
7.6803 	-18.9572
7.68268 	-18.9177
7.68506 	-18.8781
7.68744 	-18.8386
7.68982 	-18.7992
7.6922 	-18.7597
7.69458 	-18.7203
7.69696 	-18.6809
7.69934 	-18.6415
7.70172 	-18.6021
7.7041 	-18.5628
7.70648 	-18.5235
7.70886 	-18.4842
7.71124 	-18.445
7.71362 	-18.4057
7.716 	-18.3665
7.71838 	-18.3274
7.72076 	-18.2882
7.72314 	-18.2491
7.72552 	-18.21
7.7279 	-18.1709
7.73028 	-18.1319
7.73266 	-18.0929
7.73504 	-18.0539
7.73742 	-18.0149
7.7398 	-17.976
7.74218 	-17.9371
7.74456 	-17.8982
7.74694 	-17.8594
7.74932 	-17.8206
7.7517 	-17.7818
7.75408 	-17.743
7.75646 	-17.7043
7.75884 	-17.6656
7.76122 	-17.627
7.7636 	-17.5883
7.76598 	-17.5497
7.76836 	-17.5112
7.77074 	-17.4726
7.77312 	-17.4341
7.7755 	-17.3956
7.77788 	-17.3572
7.78026 	-17.3188
7.78264 	-17.2804
7.78502 	-17.2421
7.7874 	-17.2037
7.78978 	-17.1655
7.79216 	-17.1272
7.79454 	-17.089
7.79692 	-17.0508
7.7993 	-17.0127
7.80168 	-16.9745
7.80406 	-16.9365
7.80644 	-16.8984
7.80882 	-16.8604
7.8112 	-16.8224
7.81358 	-16.7845
7.81596 	-16.7466
7.81834 	-16.7087
7.82072 	-16.6709
7.8231 	-16.6331
7.82548 	-16.5953
7.82786 	-16.5576
7.83024 	-16.5199
7.83262 	-16.4822
7.835 	-16.4446
7.83738 	-16.407
7.83976 	-16.3695
7.84214 	-16.3319
7.84452 	-16.2945
7.8469 	-16.257
7.84928 	-16.2196
7.85166 	-16.1823
7.85404 	-16.145
7.85642 	-16.1077
7.8588 	-16.0704
7.86118 	-16.0332
7.86356 	-15.9961
7.86594 	-15.9589
7.86832 	-15.9218
7.8707 	-15.8848
7.87308 	-15.8478
7.87546 	-15.8108
7.87784 	-15.7739
7.88022 	-15.737
7.8826 	-15.7001
7.88498 	-15.6633
7.88736 	-15.6266
7.88974 	-15.5898
7.89212 	-15.5531
7.8945 	-15.5165
7.89688 	-15.4799
7.89926 	-15.4433
7.90164 	-15.4068
7.90402 	-15.3703
7.9064 	-15.3339
7.90878 	-15.2975
7.91116 	-15.2611
7.91354 	-15.2248
7.91592 	-15.1885
7.9183 	-15.1523
7.92068 	-15.1161
7.92306 	-15.08
7.92544 	-15.0439
7.92782 	-15.0078
7.9302 	-14.9718
7.93258 	-14.9359
7.93496 	-14.8999
7.93734 	-14.8641
7.93972 	-14.8282
7.9421 	-14.7924
7.94448 	-14.7567
7.94686 	-14.721
7.94924 	-14.6853
7.95162 	-14.6497
7.954 	-14.6141
7.95638 	-14.5786
7.95876 	-14.5431
7.96114 	-14.5077
7.96352 	-14.4723
7.9659 	-14.437
7.96828 	-14.4017
7.97066 	-14.3664
7.97304 	-14.3312
7.97542 	-14.2961
7.9778 	-14.261
7.98018 	-14.2259
7.98256 	-14.1909
7.98494 	-14.1559
7.98732 	-14.121
7.9897 	-14.0861
7.99208 	-14.0513
7.99446 	-14.0165
7.99684 	-13.9818
7.99922 	-13.9471
8.0016 	-13.9124
8.00398 	-13.8778
8.00636 	-13.8433
8.00874 	-13.8088
8.01112 	-13.7743
8.0135 	-13.7399
8.01588 	-13.7056
8.01826 	-13.6713
8.02064 	-13.637
8.02302 	-13.6028
8.0254 	-13.5687
8.02778 	-13.5346
8.03016 	-13.5005
8.03254 	-13.4665
8.03492 	-13.4325
8.0373 	-13.3986
8.03968 	-13.3648
8.04206 	-13.331
8.04444 	-13.2972
8.04682 	-13.2635
8.0492 	-13.2298
8.05158 	-13.1962
8.05396 	-13.1627
8.05634 	-13.1292
8.05872 	-13.0957
8.0611 	-13.0623
8.06348 	-13.0289
8.06586 	-12.9956
8.06824 	-12.9624
8.07062 	-12.9292
8.073 	-12.896
8.07538 	-12.8629
8.07776 	-12.8298
8.08014 	-12.7968
8.08252 	-12.7639
8.0849 	-12.731
8.08728 	-12.6981
8.08966 	-12.6653
8.09204 	-12.6326
8.09442 	-12.5999
8.0968 	-12.5673
8.09918 	-12.5347
8.10156 	-12.5021
8.10394 	-12.4697
8.10632 	-12.4372
8.1087 	-12.4049
8.11108 	-12.3725
8.11346 	-12.3402
8.11584 	-12.308
8.11822 	-12.2759
8.1206 	-12.2437
8.12298 	-12.2117
8.12536 	-12.1797
8.12774 	-12.1477
8.13012 	-12.1158
8.1325 	-12.084
8.13488 	-12.0522
8.13726 	-12.0204
8.13964 	-11.9887
8.14202 	-11.9571
8.1444 	-11.9255
8.14678 	-11.894
8.14916 	-11.8625
8.15154 	-11.8311
8.15392 	-11.7997
8.1563 	-11.7684
8.15868 	-11.7371
8.16106 	-11.7059
8.16344 	-11.6748
8.16582 	-11.6437
8.1682 	-11.6126
8.17058 	-11.5816
8.17296 	-11.5507
8.17534 	-11.5198
8.17772 	-11.489
8.1801 	-11.4582
8.18248 	-11.4275
8.18486 	-11.3968
8.18724 	-11.3662
8.18962 	-11.3356
8.192 	-11.3051
8.19438 	-11.2747
8.19676 	-11.2443
8.19914 	-11.214
8.20152 	-11.1837
8.2039 	-11.1535
8.20628 	-11.1233
8.20866 	-11.0932
8.21104 	-11.0631
8.21342 	-11.0331
8.2158 	-11.0032
8.21818 	-10.9733
8.22056 	-10.9434
8.22294 	-10.9136
8.22532 	-10.8839
8.2277 	-10.8542
8.23008 	-10.8246
8.23246 	-10.795
8.23484 	-10.7655
8.23722 	-10.7361
8.2396 	-10.7067
8.24198 	-10.6773
8.24436 	-10.648
8.24674 	-10.6188
8.24912 	-10.5896
8.2515 	-10.5605
8.25388 	-10.5314
8.25626 	-10.5024
8.25864 	-10.4735
8.26102 	-10.4446
8.2634 	-10.4157
8.26578 	-10.387
8.26816 	-10.3582
8.27054 	-10.3296
8.27292 	-10.3009
8.2753 	-10.2724
8.27768 	-10.2439
8.28006 	-10.2154
8.28244 	-10.187
8.28482 	-10.1587
8.2872 	-10.1304
8.28958 	-10.1022
8.29196 	-10.074
8.29434 	-10.0459
8.29672 	-10.0178
8.2991 	-9.98983
8.30148 	-9.96189
8.30386 	-9.934
8.30624 	-9.90616
8.30862 	-9.87839
8.311 	-9.85067
8.31338 	-9.823
8.31576 	-9.79539
8.31814 	-9.76784
8.32052 	-9.74034
8.3229 	-9.7129
8.32528 	-9.68552
8.32766 	-9.65819
8.33004 	-9.63092
8.33242 	-9.6037
8.3348 	-9.57654
8.33718 	-9.54944
8.33956 	-9.52239
8.34194 	-9.4954
8.34432 	-9.46846
8.3467 	-9.44158
8.34908 	-9.41476
8.35146 	-9.38799
8.35384 	-9.36128
8.35622 	-9.33463
8.3586 	-9.30803
8.36098 	-9.28149
8.36336 	-9.25501
8.36574 	-9.22858
8.36812 	-9.2022
8.3705 	-9.17589
8.37288 	-9.14962
8.37526 	-9.12342
8.37764 	-9.09727
8.38002 	-9.07118
8.3824 	-9.04514
8.38478 	-9.01916
8.38716 	-8.99324
8.38954 	-8.96737
8.39192 	-8.94156
8.3943 	-8.9158
8.39668 	-8.8901
8.39906 	-8.86445
8.40144 	-8.83887
8.40382 	-8.81333
8.4062 	-8.78786
8.40858 	-8.76244
8.41096 	-8.73707
8.41334 	-8.71176
8.41572 	-8.68651
8.4181 	-8.66131
8.42048 	-8.63617
8.42286 	-8.61108
8.42524 	-8.58605
8.42762 	-8.56108
8.43 	-8.53616
8.43238 	-8.5113
8.43476 	-8.48649
8.43714 	-8.46174
8.43952 	-8.43704
8.4419 	-8.4124
8.44428 	-8.38782
8.44666 	-8.36329
8.44904 	-8.33881
8.45142 	-8.31439
8.4538 	-8.29003
8.45618 	-8.26572
8.45856 	-8.24147
8.46094 	-8.21727
8.46332 	-8.19313
8.4657 	-8.16905
8.46808 	-8.14501
8.47046 	-8.12104
8.47284 	-8.09712
8.47522 	-8.07325
8.4776 	-8.04944
8.47998 	-8.02568
8.48236 	-8.00198
8.48474 	-7.97834
8.48712 	-7.95475
8.4895 	-7.93121
8.49188 	-7.90773
8.49426 	-7.8843
8.49664 	-7.86093
8.49902 	-7.83762
8.5014 	-7.81435
8.50378 	-7.79115
8.50616 	-7.76799
8.50854 	-7.74489
8.51092 	-7.72185
8.5133 	-7.69886
8.51568 	-7.67593
8.51806 	-7.65305
8.52044 	-7.63022
8.52282 	-7.60745
8.5252 	-7.58473
8.52758 	-7.56207
8.52996 	-7.53946
8.53234 	-7.5169
8.53472 	-7.4944
8.5371 	-7.47195
8.53948 	-7.44956
8.54186 	-7.42722
8.54424 	-7.40493
8.54662 	-7.3827
8.549 	-7.36052
8.55138 	-7.3384
8.55376 	-7.31633
8.55614 	-7.29431
8.55852 	-7.27235
8.5609 	-7.25044
8.56328 	-7.22858
8.56566 	-7.20678
8.56804 	-7.18503
8.57042 	-7.16333
8.5728 	-7.14169
8.57518 	-7.1201
8.57756 	-7.09856
8.57994 	-7.07707
8.58232 	-7.05564
8.5847 	-7.03426
8.58708 	-7.01294
8.58946 	-6.99167
8.59184 	-6.97045
8.59422 	-6.94928
8.5966 	-6.92816
8.59898 	-6.9071
8.60136 	-6.88609
8.60374 	-6.86513
8.60612 	-6.84423
8.6085 	-6.82338
8.61088 	-6.80258
8.61326 	-6.78183
8.61564 	-6.76113
8.61802 	-6.74049
8.6204 	-6.7199
8.62278 	-6.69936
8.62516 	-6.67887
8.62754 	-6.65843
8.62992 	-6.63805
8.6323 	-6.61771
8.63468 	-6.59743
8.63706 	-6.5772
8.63944 	-6.55703
8.64182 	-6.5369
8.6442 	-6.51682
8.64658 	-6.4968
8.64896 	-6.47683
8.65134 	-6.45691
8.65372 	-6.43703
8.6561 	-6.41722
8.65848 	-6.39745
8.66086 	-6.37773
8.66324 	-6.35806
8.66562 	-6.33845
8.668 	-6.31888
8.67038 	-6.29936
8.67276 	-6.2799
8.67514 	-6.26049
8.67752 	-6.24112
8.6799 	-6.22181
8.68228 	-6.20255
8.68466 	-6.18333
8.68704 	-6.16417
8.68942 	-6.14506
8.6918 	-6.126
8.69418 	-6.10698
8.69656 	-6.08802
8.69894 	-6.06911
8.70132 	-6.05024
8.7037 	-6.03143
8.70608 	-6.01266
8.70846 	-5.99395
8.71084 	-5.97528
8.71322 	-5.95667
8.7156 	-5.9381
8.71798 	-5.91958
8.72036 	-5.90111
8.72274 	-5.88269
8.72512 	-5.86432
8.7275 	-5.846
8.72988 	-5.82773
8.73226 	-5.8095
8.73464 	-5.79132
8.73702 	-5.7732
8.7394 	-5.75512
8.74178 	-5.73709
8.74416 	-5.7191
8.74654 	-5.70117
8.74892 	-5.68328
8.7513 	-5.66545
8.75368 	-5.64766
8.75606 	-5.62991
8.75844 	-5.61222
8.76082 	-5.59457
8.7632 	-5.57697
8.76558 	-5.55942
8.76796 	-5.54192
8.77034 	-5.52446
8.77272 	-5.50705
8.7751 	-5.48969
8.77748 	-5.47237
8.77986 	-5.45511
8.78224 	-5.43789
8.78462 	-5.42071
8.787 	-5.40359
8.78938 	-5.38651
8.79176 	-5.36947
8.79414 	-5.35249
8.79652 	-5.33555
8.7989 	-5.31865
8.80128 	-5.30181
8.80366 	-5.285
8.80604 	-5.26825
8.80842 	-5.25154
8.8108 	-5.23488
8.81318 	-5.21826
8.81556 	-5.20169
8.81794 	-5.18517
8.82032 	-5.16869
8.8227 	-5.15225
8.82508 	-5.13586
8.82746 	-5.11952
8.82984 	-5.10322
8.83222 	-5.08697
8.8346 	-5.07077
8.83698 	-5.0546
8.83936 	-5.03849
8.84174 	-5.02242
8.84412 	-5.00639
8.8465 	-4.99041
8.84888 	-4.97447
8.85126 	-4.95858
8.85364 	-4.94273
8.85602 	-4.92692
8.8584 	-4.91117
8.86078 	-4.89545
8.86316 	-4.87978
8.86554 	-4.86415
8.86792 	-4.84857
8.8703 	-4.83303
8.87268 	-4.81754
8.87506 	-4.80208
8.87744 	-4.78668
8.87982 	-4.77131
8.8822 	-4.75599
8.88458 	-4.74072
8.88696 	-4.72548
8.88934 	-4.71029
8.89172 	-4.69514
8.8941 	-4.68004
8.89648 	-4.66498
8.89886 	-4.64996
8.90124 	-4.63499
8.90362 	-4.62005
8.906 	-4.60516
8.90838 	-4.59032
8.91076 	-4.57551
8.91314 	-4.56075
8.91552 	-4.54603
8.9179 	-4.53135
8.92028 	-4.51671
8.92266 	-4.50212
8.92504 	-4.48757
8.92742 	-4.47306
8.9298 	-4.45859
8.93218 	-4.44416
8.93456 	-4.42978
8.93694 	-4.41543
8.93932 	-4.40113
8.9417 	-4.38687
8.94408 	-4.37265
8.94646 	-4.35847
8.94884 	-4.34433
8.95122 	-4.33024
8.9536 	-4.31618
8.95598 	-4.30217
8.95836 	-4.28819
8.96074 	-4.27426
8.96312 	-4.26037
8.9655 	-4.24652
8.96788 	-4.2327
8.97026 	-4.21893
8.97264 	-4.2052
8.97502 	-4.19151
8.9774 	-4.17786
8.97978 	-4.16425
8.98216 	-4.15068
8.98454 	-4.13714
8.98692 	-4.12365
8.9893 	-4.1102
8.99168 	-4.09679
8.99406 	-4.08341
8.99644 	-4.07008
8.99882 	-4.05679
9.0012 	-4.04353
9.00358 	-4.03031
9.00596 	-4.01714
9.00834 	-4.004
9.01072 	-3.9909
9.0131 	-3.97784
9.01548 	-3.96481
9.01786 	-3.95183
9.02024 	-3.93888
9.02262 	-3.92598
9.025 	-3.91311
9.02738 	-3.90028
9.02976 	-3.88748
9.03214 	-3.87473
9.03452 	-3.86201
9.0369 	-3.84933
9.03928 	-3.83669
9.04166 	-3.82409
9.04404 	-3.81152
9.04642 	-3.79899
9.0488 	-3.7865
9.05118 	-3.77405
9.05356 	-3.76163
9.05594 	-3.74925
9.05832 	-3.73691
9.0607 	-3.72461
9.06308 	-3.71234
9.06546 	-3.70011
9.06784 	-3.68791
9.07022 	-3.67575
9.0726 	-3.66363
9.07498 	-3.65155
9.07736 	-3.6395
9.07974 	-3.62749
9.08212 	-3.61551
9.0845 	-3.60357
9.08688 	-3.59167
9.08926 	-3.5798
9.09164 	-3.56797
9.09402 	-3.55617
9.0964 	-3.54441
9.09878 	-3.53268
9.10116 	-3.52099
9.10354 	-3.50934
9.10592 	-3.49772
9.1083 	-3.48614
9.11068 	-3.47459
9.11306 	-3.46307
9.11544 	-3.4516
9.11782 	-3.44015
9.1202 	-3.42874
9.12258 	-3.41737
9.12496 	-3.40603
9.12734 	-3.39472
9.12972 	-3.38345
9.1321 	-3.37222
9.13448 	-3.36102
9.13686 	-3.34985
9.13924 	-3.33872
9.14162 	-3.32762
9.144 	-3.31655
9.14638 	-3.30552
9.14876 	-3.29452
9.15114 	-3.28356
9.15352 	-3.27263
9.1559 	-3.26173
9.15828 	-3.25087
9.16066 	-3.24004
9.16304 	-3.22924
9.16542 	-3.21848
9.1678 	-3.20775
9.17018 	-3.19705
9.17256 	-3.18639
9.17494 	-3.17576
9.17732 	-3.16516
9.1797 	-3.15459
9.18208 	-3.14406
9.18446 	-3.13356
9.18684 	-3.12309
9.18922 	-3.11265
9.1916 	-3.10225
9.19398 	-3.09188
9.19636 	-3.08154
9.19874 	-3.07123
9.20112 	-3.06096
9.2035 	-3.05072
9.20588 	-3.0405
9.20826 	-3.03032
9.21064 	-3.02018
9.21302 	-3.01006
9.2154 	-2.99998
9.21778 	-2.98992
9.22016 	-2.9799
9.22254 	-2.96991
9.22492 	-2.95995
9.2273 	-2.95002
9.22968 	-2.94012
9.23206 	-2.93025
9.23444 	-2.92042
9.23682 	-2.91061
9.2392 	-2.90084
9.24158 	-2.89109
9.24396 	-2.88138
9.24634 	-2.8717
9.24872 	-2.86204
9.2511 	-2.85242
9.25348 	-2.84283
9.25586 	-2.83327
9.25824 	-2.82374
9.26062 	-2.81423
9.263 	-2.80476
9.26538 	-2.79532
9.26776 	-2.7859
9.27014 	-2.77652
9.27252 	-2.76717
9.2749 	-2.75784
9.27728 	-2.74855
9.27966 	-2.73928
9.28204 	-2.73005
9.28442 	-2.72084
9.2868 	-2.71166
9.28918 	-2.70251
9.29156 	-2.69339
9.29394 	-2.6843
9.29632 	-2.67524
9.2987 	-2.6662
9.30108 	-2.6572
9.30346 	-2.64822
9.30584 	-2.63927
9.30822 	-2.63035
9.3106 	-2.62146
9.31298 	-2.6126
9.31536 	-2.60376
9.31774 	-2.59495
9.32012 	-2.58617
9.3225 	-2.57742
9.32488 	-2.5687
9.32726 	-2.56
9.32964 	-2.55133
9.33202 	-2.54269
9.3344 	-2.53408
9.33678 	-2.52549
9.33916 	-2.51693
9.34154 	-2.5084
9.34392 	-2.4999
9.3463 	-2.49142
9.34868 	-2.48297
9.35106 	-2.47455
9.35344 	-2.46616
9.35582 	-2.45779
9.3582 	-2.44944
9.36058 	-2.44113
9.36296 	-2.43284
9.36534 	-2.42458
9.36772 	-2.41634
9.3701 	-2.40813
9.37248 	-2.39995
9.37486 	-2.39179
9.37724 	-2.38366
9.37962 	-2.37556
9.382 	-2.36748
9.38438 	-2.35943
9.38676 	-2.3514
9.38914 	-2.3434
9.39152 	-2.33542
9.3939 	-2.32747
9.39628 	-2.31955
9.39866 	-2.31165
9.40104 	-2.30378
9.40342 	-2.29593
9.4058 	-2.28811
9.40818 	-2.28031
9.41056 	-2.27254
9.41294 	-2.26479
9.41532 	-2.25707
9.4177 	-2.24938
9.42008 	-2.2417
9.42246 	-2.23406
9.42484 	-2.22644
9.42722 	-2.21884
9.4296 	-2.21126
9.43198 	-2.20372
9.43436 	-2.19619
9.43674 	-2.18869
9.43912 	-2.18122
9.4415 	-2.17377
9.44388 	-2.16634
9.44626 	-2.15894
9.44864 	-2.15156
9.45102 	-2.1442
9.4534 	-2.13687
9.45578 	-2.12956
9.45816 	-2.12228
9.46054 	-2.11502
9.46292 	-2.10778
9.4653 	-2.10057
9.46768 	-2.09338
9.47006 	-2.08622
9.47244 	-2.07908
9.47482 	-2.07196
9.4772 	-2.06486
9.47958 	-2.05779
9.48196 	-2.05074
9.48434 	-2.04371
9.48672 	-2.03671
9.4891 	-2.02973
9.49148 	-2.02277
9.49386 	-2.01583
9.49624 	-2.00892
9.49862 	-2.00203
9.501 	-1.99516
9.50338 	-1.98832
9.50576 	-1.9815
9.50814 	-1.9747
9.51052 	-1.96792
9.5129 	-1.96116
9.51528 	-1.95443
9.51766 	-1.94772
9.52004 	-1.94103
9.52242 	-1.93436
9.5248 	-1.92771
9.52718 	-1.92109
9.52956 	-1.91449
9.53194 	-1.90791
9.53432 	-1.90135
9.5367 	-1.89481
9.53908 	-1.8883
9.54146 	-1.8818
9.54384 	-1.87533
9.54622 	-1.86888
9.5486 	-1.86245
9.55098 	-1.85604
9.55336 	-1.84965
9.55574 	-1.84328
9.55812 	-1.83694
9.5605 	-1.83061
9.56288 	-1.82431
9.56526 	-1.81802
9.56764 	-1.81176
9.57002 	-1.80552
9.5724 	-1.7993
9.57478 	-1.7931
9.57716 	-1.78692
9.57954 	-1.78076
9.58192 	-1.77462
9.5843 	-1.7685
9.58668 	-1.7624
9.58906 	-1.75632
9.59144 	-1.75026
9.59382 	-1.74422
9.5962 	-1.7382
9.59858 	-1.7322
9.60096 	-1.72623
9.60334 	-1.72027
9.60572 	-1.71433
9.6081 	-1.70841
9.61048 	-1.70251
9.61286 	-1.69663
9.61524 	-1.69077
9.61762 	-1.68493
9.62 	-1.6791
9.62238 	-1.6733
9.62476 	-1.66752
9.62714 	-1.66175
9.62952 	-1.65601
9.6319 	-1.65028
9.63428 	-1.64458
9.63666 	-1.63889
9.63904 	-1.63322
9.64142 	-1.62757
9.6438 	-1.62194
9.64618 	-1.61632
9.64856 	-1.61073
9.65094 	-1.60516
9.65332 	-1.5996
9.6557 	-1.59406
9.65808 	-1.58854
9.66046 	-1.58304
9.66284 	-1.57756
9.66522 	-1.57209
9.6676 	-1.56665
9.66998 	-1.56122
9.67236 	-1.55581
9.67474 	-1.55042
9.67712 	-1.54504
9.6795 	-1.53969
9.68188 	-1.53435
9.68426 	-1.52903
9.68664 	-1.52373
9.68902 	-1.51844
9.6914 	-1.51318
9.69378 	-1.50793
9.69616 	-1.5027
9.69854 	-1.49748
9.70092 	-1.49229
9.7033 	-1.48711
9.70568 	-1.48195
9.70806 	-1.4768
9.71044 	-1.47167
9.71282 	-1.46656
9.7152 	-1.46147
9.71758 	-1.4564
9.71996 	-1.45134
9.72234 	-1.44629
9.72472 	-1.44127
9.7271 	-1.43626
9.72948 	-1.43127
9.73186 	-1.4263
9.73424 	-1.42134
9.73662 	-1.4164
9.739 	-1.41147
9.74138 	-1.40657
9.74376 	-1.40168
9.74614 	-1.3968
9.74852 	-1.39194
9.7509 	-1.3871
9.75328 	-1.38227
9.75566 	-1.37747
9.75804 	-1.37267
9.76042 	-1.3679
9.7628 	-1.36313
9.76518 	-1.35839
9.76756 	-1.35366
9.76994 	-1.34895
9.77232 	-1.34425
9.7747 	-1.33957
9.77708 	-1.3349
9.77946 	-1.33026
9.78184 	-1.32562
9.78422 	-1.321
9.7866 	-1.3164
9.78898 	-1.31181
9.79136 	-1.30724
9.79374 	-1.30269
9.79612 	-1.29815
9.7985 	-1.29362
9.80088 	-1.28911
9.80326 	-1.28462
9.80564 	-1.28014
9.80802 	-1.27567
9.8104 	-1.27122
9.81278 	-1.26679
9.81516 	-1.26237
9.81754 	-1.25796
9.81992 	-1.25358
9.8223 	-1.2492
9.82468 	-1.24484
9.82706 	-1.2405
9.82944 	-1.23617
9.83182 	-1.23185
9.8342 	-1.22755
9.83658 	-1.22327
9.83896 	-1.21899
9.84134 	-1.21474
9.84372 	-1.21049
9.8461 	-1.20627
9.84848 	-1.20205
9.85086 	-1.19785
9.85324 	-1.19367
9.85562 	-1.1895
9.858 	-1.18534
9.86038 	-1.1812
9.86276 	-1.17707
9.86514 	-1.17295
9.86752 	-1.16885
9.8699 	-1.16477
9.87228 	-1.16069
9.87466 	-1.15664
9.87704 	-1.15259
9.87942 	-1.14856
9.8818 	-1.14454
9.88418 	-1.14054
9.88656 	-1.13655
9.88894 	-1.13257
9.89132 	-1.12861
9.8937 	-1.12466
9.89608 	-1.12072
9.89846 	-1.1168
9.90084 	-1.11289
9.90322 	-1.109
9.9056 	-1.10511
9.90798 	-1.10124
9.91036 	-1.09739
9.91274 	-1.09355
9.91512 	-1.08972
9.9175 	-1.0859
9.91988 	-1.0821
9.92226 	-1.0783
9.92464 	-1.07453
9.92702 	-1.07076
9.9294 	-1.06701
9.93178 	-1.06327
9.93416 	-1.05954
9.93654 	-1.05583
9.93892 	-1.05213
9.9413 	-1.04844
9.94368 	-1.04477
9.94606 	-1.0411
9.94844 	-1.03745
9.95082 	-1.03382
9.9532 	-1.03019
9.95558 	-1.02658
9.95796 	-1.02298
9.96034 	-1.01939
9.96272 	-1.01581
9.9651 	-1.01225
9.96748 	-1.0087
9.96986 	-1.00516
9.97224 	-1.00163
9.97462 	-0.998115
9.977 	-0.994612
9.97938 	-0.991121
9.98176 	-0.987641
9.98414 	-0.984174
9.98652 	-0.980719
9.9889 	-0.977276
9.99128 	-0.973844
9.99366 	-0.970424
9.99604 	-0.967016
9.99842 	-0.96362
10.0008 	-0.960235
10.0032 	-0.956862
10.0056 	-0.953501
10.0079 	-0.950151
10.0103 	-0.946813
10.0127 	-0.943486
10.0151 	-0.94017
10.0175 	-0.936866
10.0198 	-0.933574
10.0222 	-0.930292
10.0246 	-0.927022
10.027 	-0.923763
10.0294 	-0.920516
10.0317 	-0.917279
10.0341 	-0.914054
10.0365 	-0.91084
10.0389 	-0.907637
10.0413 	-0.904445
10.0436 	-0.901264
10.046 	-0.898094
10.0484 	-0.894935
10.0508 	-0.891786
10.0532 	-0.888649
10.0555 	-0.885522
10.0579 	-0.882407
10.0603 	-0.879301
10.0627 	-0.876207
10.0651 	-0.873123
10.0674 	-0.87005
10.0698 	-0.866988
10.0722 	-0.863936
10.0746 	-0.860895
10.077 	-0.857864
10.0793 	-0.854843
10.0817 	-0.851834
10.0841 	-0.848834
10.0865 	-0.845845
10.0889 	-0.842866
10.0912 	-0.839897
10.0936 	-0.836939
10.096 	-0.833991
10.0984 	-0.831053
10.1008 	-0.828125
10.1031 	-0.825208
10.1055 	-0.8223
10.1079 	-0.819403
10.1103 	-0.816515
10.1127 	-0.813638
10.115 	-0.81077
10.1174 	-0.807913
10.1198 	-0.805065
10.1222 	-0.802227
10.1246 	-0.799399
10.1269 	-0.796581
10.1293 	-0.793772
10.1317 	-0.790974
10.1341 	-0.788185
10.1365 	-0.785405
10.1388 	-0.782635
10.1412 	-0.779875
10.1436 	-0.777125
10.146 	-0.774384
10.1484 	-0.771652
10.1507 	-0.76893
10.1531 	-0.766217
10.1555 	-0.763514
10.1579 	-0.76082
10.1603 	-0.758135
10.1626 	-0.75546
10.165 	-0.752794
10.1674 	-0.750138
10.1698 	-0.74749
10.1722 	-0.744852
10.1745 	-0.742223
10.1769 	-0.739603
10.1793 	-0.736992
10.1817 	-0.73439
10.1841 	-0.731797
10.1864 	-0.729213
10.1888 	-0.726638
10.1912 	-0.724072
10.1936 	-0.721515
10.196 	-0.718967
10.1983 	-0.716428
10.2007 	-0.713898
10.2031 	-0.711376
10.2055 	-0.708863
10.2079 	-0.706359
10.2102 	-0.703864
10.2126 	-0.701377
10.215 	-0.698899
10.2174 	-0.696429
10.2198 	-0.693968
10.2221 	-0.691516
10.2245 	-0.689072
10.2269 	-0.686637
10.2293 	-0.68421
10.2317 	-0.681792
10.234 	-0.679382
10.2364 	-0.67698
10.2388 	-0.674587
10.2412 	-0.672202
10.2436 	-0.669825
10.2459 	-0.667457
10.2483 	-0.665097
10.2507 	-0.662745
10.2531 	-0.660402
10.2555 	-0.658066
10.2578 	-0.655739
10.2602 	-0.65342
10.2626 	-0.651108
10.265 	-0.648805
10.2674 	-0.64651
10.2697 	-0.644223
10.2721 	-0.641944
10.2745 	-0.639673
10.2769 	-0.63741
10.2793 	-0.635155
10.2816 	-0.632907
10.284 	-0.630667
10.2864 	-0.628436
10.2888 	-0.626212
10.2912 	-0.623995
10.2935 	-0.621787
10.2959 	-0.619586
10.2983 	-0.617393
10.3007 	-0.615207
10.3031 	-0.61303
10.3054 	-0.610859
10.3078 	-0.608697
10.3102 	-0.606542
10.3126 	-0.604394
10.315 	-0.602254
10.3173 	-0.600121
10.3197 	-0.597996
10.3221 	-0.595878
10.3245 	-0.593768
10.3269 	-0.591665
10.3292 	-0.58957
10.3316 	-0.587481
10.334 	-0.5854
10.3364 	-0.583327
10.3388 	-0.58126
10.3411 	-0.579201
10.3435 	-0.577149
10.3459 	-0.575104
10.3483 	-0.573066
10.3507 	-0.571036
10.353 	-0.569012
10.3554 	-0.566996
10.3578 	-0.564986
10.3602 	-0.562984
10.3626 	-0.560989
10.3649 	-0.559001
10.3673 	-0.557019
10.3697 	-0.555045
10.3721 	-0.553077
10.3745 	-0.551117
10.3768 	-0.549163
10.3792 	-0.547216
10.3816 	-0.545276
10.384 	-0.543343
10.3864 	-0.541416
10.3887 	-0.539496
10.3911 	-0.537583
10.3935 	-0.535677
10.3959 	-0.533777
10.3983 	-0.531884
10.4006 	-0.529998
10.403 	-0.528118
10.4054 	-0.526245
10.4078 	-0.524378
10.4102 	-0.522518
10.4125 	-0.520665
10.4149 	-0.518817
10.4173 	-0.516977
10.4197 	-0.515143
10.4221 	-0.513315
10.4244 	-0.511494
10.4268 	-0.509679
10.4292 	-0.50787
10.4316 	-0.506068
10.434 	-0.504272
10.4363 	-0.502483
10.4387 	-0.500699
10.4411 	-0.498922
10.4435 	-0.497152
10.4459 	-0.495387
10.4482 	-0.493629
10.4506 	-0.491876
10.453 	-0.49013
10.4554 	-0.488391
10.4578 	-0.486657
10.4601 	-0.484929
10.4625 	-0.483207
10.4649 	-0.481492
10.4673 	-0.479782
10.4697 	-0.478079
10.472 	-0.476381
10.4744 	-0.474689
10.4768 	-0.473004
10.4792 	-0.471324
10.4816 	-0.46965
10.4839 	-0.467982
10.4863 	-0.46632
10.4887 	-0.464664
10.4911 	-0.463013
10.4935 	-0.461368
10.4958 	-0.45973
10.4982 	-0.458097
10.5006 	-0.456469
10.503 	-0.454848
10.5054 	-0.453232
10.5077 	-0.451621
10.5101 	-0.450017
10.5125 	-0.448418
10.5149 	-0.446824
10.5173 	-0.445237
10.5196 	-0.443655
10.522 	-0.442078
10.5244 	-0.440507
10.5268 	-0.438941
10.5292 	-0.437382
10.5315 	-0.435827
10.5339 	-0.434278
10.5363 	-0.432734
10.5387 	-0.431196
10.5411 	-0.429664
10.5434 	-0.428136
10.5458 	-0.426614
10.5482 	-0.425098
10.5506 	-0.423586
10.553 	-0.422081
10.5553 	-0.42058
10.5577 	-0.419085
10.5601 	-0.417594
10.5625 	-0.41611
10.5649 	-0.41463
10.5672 	-0.413156
10.5696 	-0.411686
10.572 	-0.410222
10.5744 	-0.408764
10.5768 	-0.40731
10.5791 	-0.405861
10.5815 	-0.404418
10.5839 	-0.402979
10.5863 	-0.401546
10.5887 	-0.400118
10.591 	-0.398695
10.5934 	-0.397276
10.5958 	-0.395863
10.5982 	-0.394455
10.6006 	-0.393052
10.6029 	-0.391653
10.6053 	-0.39026
10.6077 	-0.388871
10.6101 	-0.387488
10.6125 	-0.386109
10.6148 	-0.384735
10.6172 	-0.383366
10.6196 	-0.382002
10.622 	-0.380643
10.6244 	-0.379288
10.6267 	-0.377939
10.6291 	-0.376594
10.6315 	-0.375253
10.6339 	-0.373918
10.6363 	-0.372587
10.6386 	-0.371261
10.641 	-0.369939
10.6434 	-0.368623
10.6458 	-0.36731
10.6482 	-0.366003
10.6505 	-0.3647
10.6529 	-0.363402
10.6553 	-0.362108
10.6577 	-0.360819
10.6601 	-0.359534
10.6624 	-0.358254
10.6648 	-0.356979
10.6672 	-0.355708
10.6696 	-0.354441
10.672 	-0.353179
10.6743 	-0.351922
10.6767 	-0.350669
10.6791 	-0.34942
10.6815 	-0.348176
10.6839 	-0.346936
10.6862 	-0.3457
10.6886 	-0.344469
10.691 	-0.343242
10.6934 	-0.34202
10.6958 	-0.340802
10.6981 	-0.339588
10.7005 	-0.338378
10.7029 	-0.337173
10.7053 	-0.335972
10.7077 	-0.334775
10.71 	-0.333583
10.7124 	-0.332394
10.7148 	-0.33121
10.7172 	-0.33003
10.7196 	-0.328854
10.7219 	-0.327683
10.7243 	-0.326515
10.7267 	-0.325352
10.7291 	-0.324193
10.7315 	-0.323038
10.7338 	-0.321887
10.7362 	-0.32074
10.7386 	-0.319597
10.741 	-0.318458
10.7434 	-0.317323
10.7457 	-0.316192
10.7481 	-0.315065
10.7505 	-0.313943
10.7529 	-0.312824
10.7553 	-0.311709
10.7576 	-0.310598
10.76 	-0.309491
10.7624 	-0.308388
10.7648 	-0.307289
10.7672 	-0.306193
10.7695 	-0.305102
10.7719 	-0.304014
10.7743 	-0.302931
10.7767 	-0.301851
10.7791 	-0.300775
10.7814 	-0.299703
10.7838 	-0.298634
10.7862 	-0.297569
10.7886 	-0.296509
10.791 	-0.295451
10.7933 	-0.294398
10.7957 	-0.293348
10.7981 	-0.292303
10.8005 	-0.29126
10.8029 	-0.290222
10.8052 	-0.289187
10.8076 	-0.288156
10.81 	-0.287128
10.8124 	-0.286104
10.8148 	-0.285084
10.8171 	-0.284067
10.8195 	-0.283054
10.8219 	-0.282045
10.8243 	-0.281039
10.8267 	-0.280037
10.829 	-0.279038
10.8314 	-0.278043
10.8338 	-0.277051
10.8362 	-0.276063
10.8386 	-0.275078
10.8409 	-0.274097
10.8433 	-0.273119
10.8457 	-0.272145
10.8481 	-0.271174
10.8505 	-0.270207
10.8528 	-0.269243
10.8552 	-0.268282
10.8576 	-0.267325
10.86 	-0.266372
10.8624 	-0.265421
10.8647 	-0.264474
10.8671 	-0.263531
10.8695 	-0.262591
10.8719 	-0.261654
10.8743 	-0.26072
10.8766 	-0.25979
10.879 	-0.258863
10.8814 	-0.257939
10.8838 	-0.257019
10.8862 	-0.256102
10.8885 	-0.255188
10.8909 	-0.254277
10.8933 	-0.25337
10.8957 	-0.252465
10.8981 	-0.251564
10.9004 	-0.250667
10.9028 	-0.249772
10.9052 	-0.248881
10.9076 	-0.247992
10.91 	-0.247107
10.9123 	-0.246225
10.9147 	-0.245347
10.9171 	-0.244471
10.9195 	-0.243598
10.9219 	-0.242729
10.9242 	-0.241862
10.9266 	-0.240999
10.929 	-0.240139
10.9314 	-0.239281
10.9338 	-0.238427
10.9361 	-0.237576
10.9385 	-0.236728
10.9409 	-0.235883
10.9433 	-0.235041
10.9457 	-0.234202
10.948 	-0.233365
10.9504 	-0.232532
10.9528 	-0.231702
10.9552 	-0.230875
10.9576 	-0.230051
10.9599 	-0.229229
10.9623 	-0.228411
10.9647 	-0.227595
10.9671 	-0.226782
10.9695 	-0.225973
10.9718 	-0.225166
10.9742 	-0.224362
10.9766 	-0.22356
10.979 	-0.222762
10.9814 	-0.221967
10.9837 	-0.221174
10.9861 	-0.220384
10.9885 	-0.219597
10.9909 	-0.218813
10.9933 	-0.218031
10.9956 	-0.217253
10.998 	-0.216477
11.0004 	-0.215704
11.0028 	-0.214933
11.0052 	-0.214165
11.0075 	-0.213401
11.0099 	-0.212638
11.0123 	-0.211879
11.0147 	-0.211122
11.0171 	-0.210368
11.0194 	-0.209616
11.0218 	-0.208868
11.0242 	-0.208121
11.0266 	-0.207378
11.029 	-0.206637
11.0313 	-0.205899
11.0337 	-0.205163
11.0361 	-0.204431
11.0385 	-0.2037
11.0409 	-0.202972
11.0432 	-0.202247
11.0456 	-0.201525
11.048 	-0.200805
11.0504 	-0.200087
11.0528 	-0.199372
11.0551 	-0.19866
11.0575 	-0.19795
11.0599 	-0.197243
11.0623 	-0.196538
11.0647 	-0.195836
11.067 	-0.195136
11.0694 	-0.194439
11.0718 	-0.193744
11.0742 	-0.193052
11.0766 	-0.192362
11.0789 	-0.191675
11.0813 	-0.19099
11.0837 	-0.190307
11.0861 	-0.189627
11.0885 	-0.188949
11.0908 	-0.188274
11.0932 	-0.187601
11.0956 	-0.186931
11.098 	-0.186263
11.1004 	-0.185597
11.1027 	-0.184934
11.1051 	-0.184273
11.1075 	-0.183614
11.1099 	-0.182958
11.1123 	-0.182304
11.1146 	-0.181652
11.117 	-0.181003
11.1194 	-0.180356
11.1218 	-0.179711
11.1242 	-0.179069
11.1265 	-0.178429
11.1289 	-0.177791
11.1313 	-0.177155
11.1337 	-0.176522
11.1361 	-0.175891
11.1384 	-0.175262
11.1408 	-0.174636
11.1432 	-0.174012
11.1456 	-0.17339
11.148 	-0.17277
11.1503 	-0.172152
11.1527 	-0.171537
11.1551 	-0.170923
11.1575 	-0.170312
11.1599 	-0.169703
11.1622 	-0.169097
11.1646 	-0.168492
11.167 	-0.16789
11.1694 	-0.167289
11.1718 	-0.166691
11.1741 	-0.166095
11.1765 	-0.165501
11.1789 	-0.164909
11.1813 	-0.16432
11.1837 	-0.163732
11.186 	-0.163147
11.1884 	-0.162563
11.1908 	-0.161982
11.1932 	-0.161403
11.1956 	-0.160826
11.1979 	-0.160251
11.2003 	-0.159678
11.2027 	-0.159107
11.2051 	-0.158538
11.2075 	-0.157971
11.2098 	-0.157406
11.2122 	-0.156843
11.2146 	-0.156282
11.217 	-0.155723
11.2194 	-0.155166
11.2217 	-0.154611
11.2241 	-0.154058
11.2265 	-0.153507
11.2289 	-0.152958
11.2313 	-0.152411
11.2336 	-0.151866
11.236 	-0.151323
11.2384 	-0.150781
11.2408 	-0.150242
11.2432 	-0.149705
11.2455 	-0.149169
11.2479 	-0.148636
11.2503 	-0.148104
11.2527 	-0.147574
11.2551 	-0.147046
11.2574 	-0.14652
11.2598 	-0.145996
11.2622 	-0.145474
11.2646 	-0.144954
11.267 	-0.144435
11.2693 	-0.143918
11.2717 	-0.143404
11.2741 	-0.142891
11.2765 	-0.142379
11.2789 	-0.14187
11.2812 	-0.141362
11.2836 	-0.140857
11.286 	-0.140353
11.2884 	-0.139851
11.2908 	-0.13935
11.2931 	-0.138852
11.2955 	-0.138355
11.2979 	-0.13786
11.3003 	-0.137367
11.3027 	-0.136875
11.305 	-0.136386
11.3074 	-0.135898
11.3098 	-0.135411
11.3122 	-0.134927
11.3146 	-0.134444
11.3169 	-0.133963
11.3193 	-0.133484
11.3217 	-0.133006
11.3241 	-0.13253
11.3265 	-0.132056
11.3288 	-0.131583
11.3312 	-0.131113
11.3336 	-0.130643
11.336 	-0.130176
11.3384 	-0.12971
11.3407 	-0.129246
11.3431 	-0.128783
11.3455 	-0.128323
11.3479 	-0.127863
11.3503 	-0.127406
11.3526 	-0.12695
11.355 	-0.126496
11.3574 	-0.126043
11.3598 	-0.125592
11.3622 	-0.125142
11.3645 	-0.124694
11.3669 	-0.124248
11.3693 	-0.123804
11.3717 	-0.12336
11.3741 	-0.122919
11.3764 	-0.122479
11.3788 	-0.122041
11.3812 	-0.121604
11.3836 	-0.121169
11.386 	-0.120735
11.3883 	-0.120303
11.3907 	-0.119872
11.3931 	-0.119443
11.3955 	-0.119016
11.3979 	-0.11859
11.4002 	-0.118165
11.4026 	-0.117742
11.405 	-0.117321
11.4074 	-0.116901
11.4098 	-0.116482
11.4121 	-0.116066
11.4145 	-0.11565
11.4169 	-0.115236
11.4193 	-0.114824
11.4217 	-0.114413
11.424 	-0.114003
11.4264 	-0.113595
11.4288 	-0.113188
11.4312 	-0.112783
11.4336 	-0.112379
11.4359 	-0.111977
11.4383 	-0.111576
11.4407 	-0.111177
11.4431 	-0.110779
11.4455 	-0.110382
11.4478 	-0.109987
11.4502 	-0.109593
11.4526 	-0.109201
11.455 	-0.10881
11.4574 	-0.10842
11.4597 	-0.108032
11.4621 	-0.107645
11.4645 	-0.10726
11.4669 	-0.106876
11.4693 	-0.106493
11.4716 	-0.106112
11.474 	-0.105732
11.4764 	-0.105354
11.4788 	-0.104976
11.4812 	-0.104601
11.4835 	-0.104226
11.4859 	-0.103853
11.4883 	-0.103481
11.4907 	-0.103111
11.4931 	-0.102741
11.4954 	-0.102373
11.4978 	-0.102007
11.5002 	-0.101642
11.5026 	-0.101278
11.505 	-0.100915
11.5073 	-0.100554
11.5097 	-0.100194
11.5121 	-0.0998349
11.5145 	-0.0994774
11.5169 	-0.0991212
11.5192 	-0.0987663
11.5216 	-0.0984126
11.524 	-0.0980602
11.5264 	-0.097709
11.5288 	-0.0973591
11.5311 	-0.0970105
11.5335 	-0.0966631
11.5359 	-0.0963169
11.5383 	-0.095972
11.5407 	-0.0956283
11.543 	-0.0952859
11.5454 	-0.0949446
11.5478 	-0.0946046
11.5502 	-0.0942658
11.5526 	-0.0939282
11.5549 	-0.0935919
11.5573 	-0.0932567
11.5597 	-0.0929227
11.5621 	-0.0925899
11.5645 	-0.0922583
11.5668 	-0.0919279
11.5692 	-0.0915987
11.5716 	-0.0912706
11.574 	-0.0909437
11.5764 	-0.090618
11.5787 	-0.0902934
11.5811 	-0.0899701
11.5835 	-0.0896478
11.5859 	-0.0893267
11.5883 	-0.0890068
11.5906 	-0.088688
11.593 	-0.0883704
11.5954 	-0.0880538
11.5978 	-0.0877384
11.6002 	-0.0874242
11.6025 	-0.0871111
11.6049 	-0.086799
11.6073 	-0.0864881
11.6097 	-0.0861783
11.6121 	-0.0858697
11.6144 	-0.0855621
11.6168 	-0.0852556
11.6192 	-0.0849502
11.6216 	-0.0846459
11.624 	-0.0843427
11.6263 	-0.0840406
11.6287 	-0.0837396
11.6311 	-0.0834396
11.6335 	-0.0831407
11.6359 	-0.0828429
11.6382 	-0.0825461
11.6406 	-0.0822505
11.643 	-0.0819558
11.6454 	-0.0816622
11.6478 	-0.0813697
11.6501 	-0.0810782
11.6525 	-0.0807878
11.6549 	-0.0804984
11.6573 	-0.08021
11.6597 	-0.0799226
11.662 	-0.0796363
11.6644 	-0.079351
11.6668 	-0.0790668
11.6692 	-0.0787835
11.6716 	-0.0785013
11.6739 	-0.07822
11.6763 	-0.0779398
11.6787 	-0.0776606
11.6811 	-0.0773824
11.6835 	-0.0771051
11.6858 	-0.0768289
11.6882 	-0.0765537
11.6906 	-0.0762794
11.693 	-0.0760061
11.6954 	-0.0757338
11.6977 	-0.0754625
11.7001 	-0.0751921
11.7025 	-0.0749227
11.7049 	-0.0746543
11.7073 	-0.0743868
11.7096 	-0.0741203
11.712 	-0.0738547
11.7144 	-0.0735901
11.7168 	-0.0733265
11.7192 	-0.0730637
11.7215 	-0.0728019
11.7239 	-0.0725411
11.7263 	-0.0722812
11.7287 	-0.0720222
11.7311 	-0.0717642
11.7334 	-0.071507
11.7358 	-0.0712508
11.7382 	-0.0709955
11.7406 	-0.0707411
11.743 	-0.0704877
11.7453 	-0.0702351
11.7477 	-0.0699834
11.7501 	-0.0697327
11.7525 	-0.0694828
11.7549 	-0.0692338
11.7572 	-0.0689857
11.7596 	-0.0687385
11.762 	-0.0684922
11.7644 	-0.0682468
11.7668 	-0.0680023
11.7691 	-0.0677586
11.7715 	-0.0675158
11.7739 	-0.0672739
11.7763 	-0.0670328
11.7787 	-0.0667926
11.781 	-0.0665532
11.7834 	-0.0663147
11.7858 	-0.0660771
11.7882 	-0.0658403
11.7906 	-0.0656044
11.7929 	-0.0653693
11.7953 	-0.065135
11.7977 	-0.0649016
11.8001 	-0.064669
11.8025 	-0.0644373
11.8048 	-0.0642064
11.8072 	-0.0639763
11.8096 	-0.063747
11.812 	-0.0635186
11.8144 	-0.0632909
11.8167 	-0.0630641
11.8191 	-0.0628381
11.8215 	-0.0626129
11.8239 	-0.0623885
11.8263 	-0.0621649
11.8286 	-0.0619422
11.831 	-0.0617202
11.8334 	-0.061499
11.8358 	-0.0612786
11.8382 	-0.061059
11.8405 	-0.0608401
11.8429 	-0.0606221
11.8453 	-0.0604048
11.8477 	-0.0601883
11.8501 	-0.0599726
11.8524 	-0.0597577
11.8548 	-0.0595435
11.8572 	-0.0593301
11.8596 	-0.0591175
11.862 	-0.0589056
11.8643 	-0.0586945
11.8667 	-0.0584841
11.8691 	-0.0582745
11.8715 	-0.0580656
11.8739 	-0.0578575
11.8762 	-0.0576501
11.8786 	-0.0574435
11.881 	-0.0572376
11.8834 	-0.0570325
11.8858 	-0.0568281
11.8881 	-0.0566244
11.8905 	-0.0564214
11.8929 	-0.0562192
11.8953 	-0.0560177
11.8977 	-0.0558169
11.9 	-0.0556168
11.9024 	-0.0554175
11.9048 	-0.0552189
11.9072 	-0.0550209
11.9096 	-0.0548237
11.9119 	-0.0546272
11.9143 	-0.0544314
11.9167 	-0.0542363
11.9191 	-0.0540419
11.9215 	-0.0538482
11.9238 	-0.0536552
11.9262 	-0.0534629
11.9286 	-0.0532712
11.931 	-0.0530803
11.9334 	-0.05289
11.9357 	-0.0527004
11.9381 	-0.0525115
11.9405 	-0.0523233
11.9429 	-0.0521357
11.9453 	-0.0519488
11.9476 	-0.0517626
11.95 	-0.0515771
11.9524 	-0.0513922
11.9548 	-0.051208
11.9572 	-0.0510244
11.9595 	-0.0508415
11.9619 	-0.0506592
11.9643 	-0.0504776
11.9667 	-0.0502967
11.9691 	-0.0501164
11.9714 	-0.0499367
11.9738 	-0.0497577
11.9762 	-0.0495794
11.9786 	-0.0494016
11.981 	-0.0492245
11.9833 	-0.0490481
11.9857 	-0.0488722
11.9881 	-0.048697
11.9905 	-0.0485225
11.9929 	-0.0483485
11.9952 	-0.0481752
11.9976 	-0.0480025
