1423
101110 0
101120 0
101130 0
101140 0
101150 0
101160 0
101170 0
101910 0
101920 0
101930 0
101940 0
101950 0
101960 0
101970 0
102710 0
102720 0
102730 0
102740 0
102750 0
102760 0
102770 0.0616577
103510 0
103520 0
103530 0
103540 0
103550 -0.098996
103560 0
103570 0
104310 0
104320 0
104330 -0.147117
104340 0
104350 0
104360 0
104370 0
105110 -0.237228
105120 0
105130 0
105140 0
105150 0
105160 0
105170 0
111870 -0.0232526
112650 0.0531769
112660 0.136097
112670 0.112987
113430 0.0801477
113440 -0.0254462
113450 0.0536662
114210 0.175943
114220 -0.119353
114230 0.0294
115010 -0.049041
121750 0.068945
121760 -0.0601543
121770 0.0443421
122530 0.0682097
122540 0.0322589
122550 0.18989
122560 0.101884
122570 -0.0309205
123310 0.0595324
123320 0.0921509
123330 0.123337
123340 0.0865596
123350 0.0385409
124110 0.198739
124120 0.070899
124130 0.0657843
12870 -0.168481
1310 0
131630 -0.11181
131640 0.0974753
131650 -0.121944
131660 0.0187664
131670 -0.0157943
1320 0
132410 -0.209564
132420 0.169298
132430 -0.0428861
132440 0.171337
132450 0.0769314
132460 -0.0758179
132470 -0.108995
1330 0
133210 0.144294
133220 0.182839
133230 0.126192
133240 -0.0155109
133250 -0.0667833
1340 0
134030 -0.0898365
1350 0
1360 0
13650 -0.0910743
13660 0.255287
13670 0.00601729
1370 0
141510 0.204836
141520 -0.292658
141530 0.0687528
141540 -0.161715
141550 -0.0581002
141560 0.00160627
141570 -0.026903
142310 -0.101551
142320 0.0264018
142330 -0.0186901
142340 0.0854327
142350 -0.121688
142360 -0.107746
142370 0.0241364
143130 -0.0894633
143140 -0.160936
143150 -0.012883
14430 -0.088671
14440 0.234601
14450 0.0138723
15210 -0.191412
15220 0.256807
152230 0.0118917
152240 -0.0258103
152250 -0.103745
152260 0.0584697
152270 0.108608
15230 0.0327203
153050 0.115058
16010 0.169484
162150 0.0253628
162160 0.123374
162170 -0.0230349
172070 -0.111758
200910 0
200920 0
200930 0
200940 0
200950 0
200960 0
200970 0
201710 0
201720 0
201730 0
201740 0
201750 0
201760 0
201770 0.111758
202510 0
202520 0
202530 0
202540 0
202550 -0.0561103
202560 0
202570 0
203310 0
203320 0
203330 -0.0290819
203340 0
203350 0
203360 0
203370 0
204110 -0.000775404
204120 0
204130 0
204140 0
204150 0
204160 0
204170 0
2110 0
2120 0
212430 -0.0214581
212440 -0.0770487
212450 -0.0441211
2130 0
213210 -0.0167056
213220 -0.115994
213230 -0.0676833
2140 0
214010 -0.148719
2150 0
2160 0
2170 0
21970 -0.173365
222310 -0.0650627
222320 -0.00321045
222330 -0.0602343
222340 -0.0240385
222350 -0.0157964
223110 -0.125391
223120 -0.110849
223130 -0.00780934
22750 -0.0551209
22760 -0.163514
22770 -0.0940574
233030 0.0274376
23530 -0.0110151
23540 -0.158022
23550 0.126898
23560 0.021793
23570 -0.206236
24310 0.106092
24320 -0.217908
24330 0.172469
24340 0.0547514
24350 -0.124241
25110 -0.0397842
25120 0.207574
25130 -0.126192
2910 0
2920 0
2930 0
2940 0
2950 0
2960 0
2970 0
300710 0
300720 0
300730 0
300740 0
300750 0
300760 0
300770 0.0197535
301510 0
301520 0
301530 0
301540 0
301550 -0.115058
301560 0
301570 0
302310 0
302320 0
302330 -0.0274375
302340 0
302350 0
302360 0
302370 0
303110 0.0134687
303120 0
303130 0
303140 0
303150 0
303160 0
303170 0
31070 0.308078
31850 0.0976118
31860 -0.179121
31870 0.0385853
32630 0.0575253
32640 -0.103971
32650 -0.120078
32660 -0.127664
32670 0.0518265
33410 0.0306942
33420 -0.0306941
33430 -0.174399
33440 -0.0287409
33450 0.0663038
33460 -0.176546
33470 -0.00882726
34210 -0.0983578
34220 -0.163036
34230 0.16638
34240 -0.178462
34250 -0.0258487
35030 -0.112124
3710 0
3720 0
3730 0
3740 0
3750 0
3760 0
3770 0.282551
400510 0
400520 0
400530 0
400540 0
400550 -0.0596956
400560 0
400570 0
401310 0
401320 0
401330 0.0898365
401340 0
401350 0
401360 0
401370 0
402110 0.148719
402120 0
402130 0
402140 0
402150 0
402160 0
402170 0
40950 -0.0286977
40960 0.33651
40970 0.0532069
41730 -0.0506545
41740 0.197776
41750 -0.147812
41760 0.044296
41770 0.068103
42510 -0.156912
42520 0.177213
42530 -0.13201
42540 -0.0744478
42550 -0.0990745
42560 0.0632215
42570 0.0919146
43310 -0.0649867
43320 -0.134729
43330 -0.156992
43340 0.103148
43350 -0.0540081
43360 -0.0323937
43370 0.183839
44130 0.110115
44140 -0.122825
44150 0.129712
4510 0
4520 0
4530 0
4540 0
4550 0.149481
4560 0
4570 0
500310 0
500320 0
500330 0.112124
500340 0
500350 0
500360 0
500370 0
501110 0.0490408
501120 0
501130 0
501140 0
501150 0
501160 0
501170 0
50830 0.0389938
50840 -0.0619008
50850 0.335134
50860 0.108014
50870 -0.066145
51610 0.185094
51620 -0.169641
51630 0.290385
51640 -0.0474197
51650 -0.0066185
51660 0.124078
51670 -0.0260213
52410 0.0296663
52420 0.0855353
52430 -0.135004
52440 0.0106801
52450 0.0395091
52460 0.14046
52470 -0.030542
5310 0
5320 0
53230 0.0560107
53240 0.186041
53250 -0.0719984
53260 0.137385
53270 0.0125414
5330 0.123646
5340 0
5350 0
5360 0
5370 0
54050 0.0596954
600110 -0.169484
600120 0
600130 0
600140 0
600150 0
600160 0
600170 0
60710 -0.0940999
60720 0.140276
60730 -0.0822996
60740 0.282316
60750 0.184339
60760 -0.132956
60770 -0.0445949
6110 0.162419
6120 0
6130 0
6140 0
6150 0
61510 0.1405
61520 0.0931365
61530 0.257646
61540 -0.145328
61550 0.130341
61560 -0.0246817
61570 -0.0689466
6160 0
6170 0
62330 -0.0509045
62340 0.0807494
62350 0.0890449
62360 -0.0230717
62370 -0.108681
63150 -0.136838
63160 0.048975
63170 -0.167674
71430 -0.0358074
71440 -0.200413
71450 0.0801946
71460 -0.148258
71470 0.020436
72250 -0.0350082
72260 -0.168501
72270 0.0156927
73070 -0.0197534
81350 0.118367
81360 -0.0410931
81370 0.109689
82170 0.19247
91270 0.0142989
