4572
100070 0
101970 0
102750 0
102760 0
102770 0
102770 0.154814
103530 0
103540 0
103550 0
103550 0.0397177
103560 0
103560 0.0218162
103570 0
103570 0.0452184
104330 0
104330 -0.0551026
104340 0
104340 0.0909412
104350 0
104350 -0.0662604
104360 0
104360 -0.090848
104370 0
104370 0.013456
105130 0
105130 0.0398407
105140 0
105140 -0.105144
105150 0
105150 -0.00527731
105160 0
105160 -0.0688877
105170 0
105170 -0.00299925
105930 0
105930 -0.0316932
105940 0
105940 -0.0434917
105950 0.000570776
105950 0.0638524
105960 0
105960 -0.0584469
105970 0
105970 -0.0199647
106730 0
106730 0.00660456
106740 0.00109659
106740 0.0617102
106750 0.000216108
106750 -0.00100049
106760 0
106760 -0.0205512
106770 0.000541171
106770 -0.0365104
107530 0
107540 0
107550 -0.0530557
107550 2.52011e-05
107560 0.00123112
107560 0.019522
107570 0.00322003
107570 -0.055677
108350 0
108360 0
108370 0.00297216
108370 -0.0773009
109170 0
10970 0
109970 0
110750 0
110760 0
110770 0.0433871
110770 0.190641
111530 0
111540 0
111550 -0.00557173
111550 0.129163
111560 0
111570 0
111850 0
111860 0
111870 0
111870 -0.173581
112330 -0.0356143
112330 0.134594
112340 0
112350 0
112630 0
112640 0
112650 0
112650 -0.0946367
112660 0
112660 0.153266
112670 0
112670 0.0303395
113130 0
113430 0
113430 -0.0922357
113440 0
113440 0.0673138
113450 0
113450 0.0226014
113460 0
113460 0.0714377
113470 0
113470 0.0257005
114230 0
114230 -0.0119428
114240 0
114240 0.0785741
114250 0
114250 -0.109503
114260 0
114260 -0.000327039
114270 0
114270 0.032897
115030 0
115030 -0.000866982
115040 0
115040 -0.0891234
115050 0
115050 -0.0368107
115060 0
115060 -0.0328525
115070 0
115070 0.0316416
115830 0
115830 -0.0771468
115840 0
115840 -0.0596409
115850 0
115850 0.0307628
115860 0
115860 -0.0752651
115870 0.000162465
115870 0.0290451
116630 0
116640 0
116650 0
116650 -0.0365591
116660 0
116660 -0.0646613
116670 0.00227559
116670 0.0171892
117450 0
117460 0
117470 0.00242603
117470 -0.00898262
11750 0
11760 0
11770 0.137825
118270 0
119070 0
119850 0
119860 0
119870 -0.029935
119870 0.206715
120630 0
120640 0
120650 -0.00101933
120650 0.143765
120660 0.0644133
120660 0.130178
120670 0.0854252
120670 0.143165
121430 0.0116093
121430 0.176313
121440 0.0461614
121440 0.122398
121450 0.0677725
121450 0.0949757
121460 0
121470 0
121730 0
121740 0
121750 0
121750 0.0665521
121760 0
121760 -0.176976
121770 0
121770 -0.0673402
122230 0.089347
122230 0.101757
122240 0
122250 0
122530 0
122530 0.163461
122540 0
122540 -0.16583
122550 0
122550 0.0910837
122560 0
122560 0.0762205
122570 0
122570 -0.0201761
123030 0
123330 0
123330 -0.023862
123340 0
123340 0.0600587
123350 0
123350 0.0663373
123360 0
123360 0.066162
123370 0
123370 -0.00937756
124130 0
124130 0.0188586
124140 0
124140 0.0609798
124150 0
124150 -0.0830166
124160 0
124160 0.0724966
124170 0
124170 0.00876224
124930 0
124930 -0.027127
124940 0
124940 -0.0702675
124950 0
124950 -0.0245379
124960 0
124960 0.0438241
124970 0
124970 0.0253539
12530 0
12540 0
12550 0.0988884
12560 0
12570 0
125730 0
125740 0
125750 0
125750 0.0511316
125760 0
125760 -0.0195998
125770 0.000707018
125770 0.0531697
126550 0
126560 0
126570 0.00081623
126570 0.0886188
127370 0
128170 0
128950 0
128960 0
128970 -0.0036816
128970 0.168635
129730 0
129740 0
129750 0.0141271
129750 0.129271
129760 -0.0520868
129760 0.161051
129770 -0.0353821
129770 0.0818438
130530 0.0391754
130530 0.215186
130540 -0.0484657
130540 0.156198
130550 0.0174969
130550 0.0637284
130560 0.0582373
130560 0.0941278
130570 -0.0157758
130570 0.0721235
131330 -0.0195072
131330 0.0703891
131340 0.0842201
131340 0.0974618
131350 0.0146212
131350 0.0534317
131360 0
131370 0
131630 0
131630 -0.112817
131640 0
131640 0.120321
131650 0
131650 -0.125382
131660 0
131660 -0.142463
131670 0
131670 -0.00777577
132130 0.0608675
132130 0.0816052
132140 0
132150 0
132430 0
132430 0.0423274
132440 0
132440 -0.11355
132450 0
132450 0.129008
132460 0
132460 -0.01862
132470 0
132470 -0.0250606
133230 0
133230 0.0106865
133240 0
133240 0.0728181
133250 0
133250 0.0930575
133260 0
133260 0.00343002
133270 0
133270 -0.0288914
13330 0.11615
13340 0
13350 0
134030 0
134030 0.0732731
134040 0
134040 0.061836
134050 0
134050 -0.0343635
134060 0
134060 0.0769763
134070 0
134070 -0.0322632
134830 0
134840 0
134850 0
134850 0.0401858
134860 0
134860 0.0849004
134870 0
134870 -0.0272189
135650 0
135660 0
135670 0
135670 0.0079657
136470 0
137270 0
138050 0
138060 0
138070 0.0199463
138070 0.121953
138830 0
138840 0
138850 -0.0150684
138850 0.0992496
138860 -0.00711644
138860 0.138896
138870 -0.0179045
138870 0.0470652
139630 -0.0542146
139630 0.205514
139640 0.0173068
139640 0.159832
139650 0.0459069
139650 -0.0545909
139660 -0.0603884
139660 0.0739814
139670 -0.0307797
139670 0.0357792
140430 -0.0224895
140430 0.0566853
140440 -0.0729888
140440 0.0944604
140450 0.00244897
140450 0.0604742
140460 -0.0175162
140460 0.0388519
140470 0.0408416
140470 -0.0765631
141230 0.0335076
141230 -0.0669494
141240 0.0313469
141240 0.0508127
141250 0.0242277
141250 -0.0634916
141260 0
141270 0
14130 0
141530 0
141530 -0.0360142
141540 0
141540 0.0487294
141550 0
141550 -0.214843
141560 0
141560 -0.0536364
141570 0
141570 0.0240521
142030 0.0305592
142030 -0.0324183
142040 0
142050 0
142330 0
142330 -0.00734701
142340 0
142340 -0.0676469
142350 0
142350 0.0886825
142360 0
142360 -0.0755244
142370 0
142370 0.000225311
143130 0
143130 0.0552521
143140 0
143140 0.0833547
143150 0
143150 0.0583668
143160 0
143160 -0.0755766
143170 0
143170 -0.0120279
143930 0
143940 0
143950 0
143950 -0.0469383
143960 0
143960 0.018416
143970 0
143970 -0.0486219
144750 0
144760 0
144770 0
144770 -0.101238
145570 0
146370 0
147150 0
147160 0
147170 -0.00666255
147170 0.0773041
147930 0
147940 0
147950 -0.00442815
147950 0.0585222
147960 0.0418054
147960 0.100358
147970 0.0278665
147970 0.028474
148730 0.00382897
148730 0.136994
148740 0.0158362
148740 0.143522
148750 0.00809338
148750 0.040346
148760 0.0486368
148760 5.15913e-05
148770 0.0150852
148770 0.0212723
149530 0.0046304
149530 0.0422081
149540 -0.00703176
149540 0.0845806
149550 -0.0518894
149550 0.0637846
149560 0.0251158
149560 -0.0310628
149570 0.0197603
149570 0.032171
150330 0.0188961
150330 -0.0284231
150340 0.0389301
150340 -0.0810206
150350 0.00710216
150350 0.0387119
150360 0.0150334
150360 -0.0465448
150370 0.00721176
150370 0.050427
151130 0.0196086
151130 -0.0870218
151140 0.0163885
151140 -0.0255604
151150 0.0141928
151150 -0.0236327
151160 0
151170 0
152230 0
152230 -0.0630946
152240 0
152240 -0.0566657
152250 0
152250 0.0329263
152260 0
152260 -0.0698453
152270 0
152270 0.0308672
153030 0
153040 0
153050 0
153050 -0.0466801
153060 0
153060 -0.112302
153070 0
153070 0.0399554
153850 0
153860 0
153870 0
153870 -0.00680131
154670 0
155470 0
156250 0
156260 0
156270 -0.0114298
156270 0.0358769
157030 0
157040 0
157050 0.0221486
157050 0.0224351
157060 -0.0149293
157060 0.0618231
157070 0.00656038
157070 0.0164548
157830 0.0563307
157830 0.0634555
157840 -0.0263098
157840 0.0985814
157850 0.0407119
157850 0.0489978
157860 0.036337
157860 0.0459343
157870 0.0112958
157870 0.0196039
158630 0.0226655
158630 0.0261149
158640 0.0479406
158640 0.0729569
158650 0.0301359
158650 0.0607115
158660 0.0188769
158660 0.0317926
158670 0.0261568
158670 0.0275237
159430 0.00946541
159430 0.05015
159440 0.0161036
159440 0.0280949
159450 -0.0114702
159450 0.0347558
159460 0.0289993
159460 0.0343772
159470 0.0416993
159470 0.042073
160230 0.0122976
160230 0.029319
160240 0.0103018
160240 -0.0360127
160250 0.0189716
160250 0.0393622
160260 -0.000520959
160260 0.00967834
160270 0.0567544
160270 0.0673486
161030 0
161040 0
161050 0.0265135
161050 0.0470856
161060 0
161070 0
162130 0
162140 0
162150 0
162150 0.0390313
162160 0
162160 -0.015544
162170 0
162170 0.0403575
162950 0
162960 0
162970 0
162970 0.120255
163770 0
164570 0
165350 0
165360 0
165370 0.00862843
165370 0.00990595
166130 0
166140 0
166150 0.00412248
166150 -0.0107976
166160 -0.0271269
166160 0.0278771
166170 0.00696161
166170 -0.0275363
166930 0.0229817
166930 -0.0478254
166940 0.0142265
166940 0.043127
166950 -0.0287673
166950 0.0333682
166960 -0.0143147
166960 0.0259332
166970 0.00409044
166970 -0.0158571
167730 -0.00469515
167730 0.0134854
167740 -0.00519622
167740 0.0502466
167750 0.0472987
167750 0.0557623
167760 0.0137112
167760 0.019804
167770 -0.0156179
167770 0.0184459
168530 0.00393538
168530 0.0244385
168540 0.0219386
168540 0.0713031
168550 0.0271795
168550 0.0277529
168560 0.0296751
168560 0.0497419
168570 -0.0130494
168570 0.0291225
169330 0.0107636
169330 0.0991506
169340 0.00969377
169340 0.0531321
169350 -0.000637851
169350 0.0120722
169360 0.0284794
169360 0.0461667
169370 -0.0110371
169370 0.0340032
170130 0
170140 0
170150 0.0283232
170150 0.0450527
170160 0.0134842
170160 0.0233513
170170 -0.00194523
170170 0.0375912
172050 0
172060 0
172070 0
172070 0.00530674
172870 0
173670 0
174450 0
174460 0
174470 0
174470 0.00429767
175230 0
175240 0
175250 0
175250 -0.0193437
175260 0.00654277
175260 0.0247317
175270 0.00150795
175270 0.00219127
176030 0.00760269
176030 -0.024522
176040 0.00889481
176040 0.00958664
176050 0.0171929
176050 -0.035707
176060 0.0125498
176060 -0.0388943
176070 0.000718029
176070 -0.0154367
176830 0.00613717
176830 -0.0255443
176840 0.0229611
176840 -0.0319704
176850 0.0435601
176850 -0.0503623
176860 0.00628874
176860 -0.0322911
176870 0.00836679
176870 -0.0177263
177630 0.00142217
177630 -0.0431324
177640 0.0144756
177640 -0.0246861
177650 0.0157287
177650 0.0243848
177660 -0.0313788
177660 0.0416307
177670 0.0132788
177670 -0.0269471
178430 0.00970382
178430 -0.0111263
178440 0.0137008
178440 0.0443054
178450 0.00641517
178450 -0.00993683
178460 -0.0205226
178460 0.0308175
178470 0.015375
178470 -0.0363959
179230 0
179240 0
179250 0.0412305
179250 -0.0562977
179260 0.00291816
179260 0.0282147
179270 0.0151299
179270 -0.050582
180050 0
180060 0
180070 0.0130121
180070 -0.0508001
181970 0
182770 0
183550 0
183560 0
183570 0
183570 -0.0092841
184330 0
184340 0
184350 0
184350 0.0271489
184360 0
184360 0.011229
184370 0
184370 0.0286365
185130 0.00162315
185130 0.0713722
185140 0
185140 -0.0296119
185150 0.00411433
185150 0.0427415
185160 0.00291965
185160 0.0233188
185170 0
185170 0.0181206
185930 0.00254667
185930 0.0113097
185940 0.00174932
185940 0.00522802
185950 0.0232268
185950 -0.0358848
185960 0.00127107
185960 -0.0173759
185970 0.00193382
185970 0.0149944
186730 0.000714708
186730 -0.0249515
186740 0.00601846
186740 -0.0680634
186750 0.0197524
186750 -0.0481467
186760 0.0199194
186760 -0.0212776
186770 0.00305297
186770 0.0131083
187530 0.00659472
187530 -0.10621
187540 0.0135418
187540 -0.0632383
187550 -0.00118205
187550 0.00481464
187560 0.0166077
187560 -0.0461317
187570 0.00446634
187570 0.0118686
188330 0
188340 0
188350 0.0213472
188350 -0.0337231
188360 0.0270521
188360 -0.0455167
188370 0.00656745
188370 0.00910075
189150 0
189160 0
189170 0.000501598
189170 0.00500934
192650 0
192660 0
192670 0
192670 0.00115367
193430 0
193440 0
193450 0
193450 0.00373505
193460 0
193460 -0.0252799
193470 0
193470 -0.0143057
194230 0
194230 -0.0315917
194240 0
194240 0.0231008
194250 0
194250 0.0157984
194260 0
194260 0.035977
194270 0
194270 0.0122757
195030 0.000751958
195030 0.0244784
195040 0
195040 0.0259024
195050 0.00612688
195050 0.0640779
195060 0
195060 0.035064
195070 0
195070 0.0128457
195830 0.000439996
195830 0.0384926
195840 0.00108589
195840 0.0254807
195850 0.0104592
195850 -0.0139424
195860 0.00439897
195860 0.0293439
195870 0.021408
195870 5.26011e-05
196630 0.00305822
196630 -0.0125537
196640 0.00772491
196640 -0.0568518
196650 0.00313775
196650 -0.00914362
196660 0.00383649
196660 0.0310801
196670 0.00111705
196670 0.0280938
197430 0
197440 0
197450 0.00514009
197450 0.0556943
197460 0.000180278
197460 0.0138955
197470 0.00763153
197470 0.0440205
198250 0
198260 0
198270 0.00529299
198270 0.0685152
199070 0
20070 0
202530 0
202540 0
202550 0
202550 -0.0391981
202560 0
202560 0.00326228
202570 0
202570 -0.0278936
203330 0
203330 -0.0522707
203340 0
203340 0.0174456
203350 0
203350 -0.0461383
203360 0
203360 -0.0360678
203370 0
203370 -0.0217693
204130 0
204130 -0.0205492
204140 0
204140 0.00797585
204150 0
204150 0.0215065
204160 0
204160 0.0184565
204170 0
204170 -0.015122
204930 0.000123487
204930 0.0269574
204940 0
204940 0.0701975
204950 0.00263976
204950 0.0653132
204960 0
204960 0.0166793
204970 0
204970 -0.0140281
205730 0.000767818
205730 0.108824
205740 0.00203895
205740 0.067299
205750 0.000945575
205750 0.00385219
205760 0
205760 0.0439065
205770 0.000363663
205770 -0.0114909
206530 0
206540 0
206550 0.000106092
206550 0.040533
206560 0.00319444
206560 0.0614202
206570 0.00899837
206570 -0.0126427
207350 0
207360 0
207370 -0.00115332
207370 0.00686701
208170 0
20850 0
20860 0
20870 -0.128756
20870 0.171674
208970 0
209750 0
209760 0
209770 0.0321353
209770 0.168931
210530 0
210540 0
210550 -0.0173859
210550 0.109896
210560 0
210570 0
211330 -0.0409807
211330 0.125659
211340 0
211350 0
212130 0
212430 0
212430 0.0929341
212440 0
212440 -0.0589945
212450 0
212450 0.00659153
212460 0
212460 -0.0334283
212470 0
212470 -0.00871773
213230 0
213230 -0.0160822
213240 0
213240 -0.0325007
213250 0
213250 -0.0734467
213260 0
213260 -0.0444708
213270 0
213270 -0.00784647
214030 0
214030 -0.0341071
214040 0
214040 -0.0230429
214050 0
214050 0.0105889
214060 0
214060 -0.0253439
214070 0
214070 -0.017955
214830 0
214830 0.0419357
214840 0
214840 0.0744548
214850 0
214850 0.0270357
214860 0
214860 -0.0399074
214870 0
214870 -0.0232055
215630 0
215640 0
215650 0
215650 -0.0526512
215660 0
215660 -0.00207859
215670 0.00616123
215670 -0.0394797
21630 0
21640 0
216450 0
216460 0
216470 0.00485313
216470 -0.0793619
21650 -0.104356
21650 0.119264
21660 0.08564
21670 0.00663369
21670 0.123828
217270 0
218070 0
218850 0
218860 0
218870 -0.0875408
218870 0.163552
219630 0
219640 0
219650 -0.0402619
219650 0.120439
219660 0.0517482
219660 0.125656
219670 0.0276762
219670 0.133085
220430 -0.0323943
220430 0.179354
220440 0.0179778
220440 0.11668
220450 0.00223445
220450 0.0817422
220460 0
220470 0
221230 -0.0165097
221230 0.0943877
221240 0
221250 0
222030 0
222330 0
222330 0.0280132
222340 0
222340 -0.0181814
222350 0
222350 -0.00665702
222360 0
222360 -0.0194945
222370 0
222370 0.0143903
223130 0
223130 -0.030685
223140 0
223140 -0.0794528
223150 0
223150 -0.0849879
223160 0
223160 -0.0150161
223170 0
223170 0.0166191
223930 0
223930 -0.105896
223940 0
223940 -0.0666284
223950 0
223950 -0.00585436
223960 0
223960 -0.0401289
223970 0
223970 0.010515
22430 0.137754
22430 -0.154974
22440 0.0933661
22450 0.0202848
22450 0.090155
22460 0
22470 0
224730 0
224740 0
224750 0
224750 -0.0491717
224760 0
224760 -0.0777064
224770 0.00197229
224770 0.0158666
225550 0
225560 0
225570 0.00136186
225570 0.00152255
226370 0
227170 0
227950 0
227960 0
227970 0.0302859
227970 0.128793
228730 0
228740 0
228750 0.0390329
228750 0.109728
228760 -0.0717607
228760 0.14053
228770 -0.0320867
228770 0.0869405
229530 0.0662638
229530 0.207252
229540 -0.059236
229540 0.143163
229550 0.0210751
229550 0.0712147
229560 0.04979
229560 0.0931195
229570 -0.0146166
229570 0.0995102
230330 -0.0153431
230330 0.0740005
230340 0.0549796
230340 0.108971
230350 0.00750424
230350 0.0596201
230360 0
230370 0
231130 0.0403359
231130 0.0762219
231140 0
231150 0
23230 0.0661828
23230 0.105893
23240 0
23250 0
233030 0
233030 -0.0817728
233040 0
233040 -0.10124
233050 0
233050 -0.0484627
233060 0
233060 0.0506134
233070 0
233070 0.0200195
233830 0
233840 0
233850 0
233850 0.0476477
233860 0
233860 0.00308311
233870 0
233870 0.0346324
234650 0
234660 0
234670 0
234670 0.090675
235470 0
236270 0
237050 0
237060 0
237070 0.0714046
237070 0.0980928
237830 0
237840 0
237850 0.020048
237850 0.082771
237860 0.0151896
237860 0.11493
237870 0.0283999
237870 0.0625771
238630 -0.0136884
238630 0.173188
238640 0.0454956
238640 0.139234
238650 -0.019822
238650 0.0620032
238660 -0.0591198
238660 0.0869542
238670 0.0174935
238670 0.0617908
239430 0.0430726
239430 0.0611687
239440 -0.0628499
239440 0.116677
239450 0.0538497
239450 0.0708789
239460 -0.00799386
239460 0.0569555
239470 -0.0218779
239470 0.0892126
240230 0.00568367
240230 0.0587441
240240 0.0418991
240240 0.0680103
240250 -0.0104193
240250 0.0387959
240260 0
240270 0
24030 0
241030 0.0346689
241030 0.0625061
241040 0
241050 0
242930 0
242940 0
242950 0
242950 0.0619962
242960 0
242960 0.0996851
242970 0
242970 -0.02005
243750 0
243760 0
243770 0
243770 -0.00134855
244570 0
245370 0
246150 0
246160 0
246170 0.0648117
246170 -0.0701491
246930 0
246940 0
246950 0.043692
246950 -0.0507629
246960 0.0623621
246960 0.0823147
246970 0.0065601
246970 0.0439926
247730 -0.0559452
247730 0.097925
247740 0.0279153
247740 0.112314
247750 -0.000816825
247750 0.0550855
247760 0.0264568
247760 0.073134
247770 0.00323027
247770 0.0381879
248530 -0.0169938
248530 0.0427149
248540 0.0350214
248540 0.109089
248550 -0.0629876
248550 0.0678426
248560 -0.0101995
248560 0.0583036
248570 0.0215147
248570 0.0655438
249330 -0.00196041
249330 0.0420233
249340 -0.0503894
249340 0.0600894
249350 0.0260832
249350 0.0442403
249360 -0.0360334
249360 0.040439
249370 0.00916138
249370 0.0856753
250130 -0.0237435
250130 0.059113
250140 -0.000560443
250140 0.0261821
250150 -0.0148085
250150 0.0342474
250160 0
250170 0
252850 0
252860 0
252870 0
252870 -0.107499
253670 0
254470 0
255250 0
255260 0
255270 0.0286347
255270 -0.0383329
256030 0
256040 0
256050 0.00862132
256050 0.0122465
256060 0.0491623
256060 -0.0548837
256070 0.0260683
256070 -0.0329185
256830 0.038554
256830 0.0509883
256840 0.0645944
256840 -0.0690674
256850 0.0218775
256850 0.0482409
256860 0.0308509
256860 0.0558241
256870 0.0185024
256870 -0.0207563
257630 0.0238674
257630 -0.0319179
257640 0.0212468
257640 0.0885908
257650 0.00214902
257650 0.0667424
257660 0.0206682
257660 0.0453378
257670 -0.0179088
257670 0.0493025
258430 -0.020632
258430 0.0215438
258440 0.0132096
258440 0.0457913
258450 0.0396462
258450 -0.0596471
258460 0.0300339
258460 0.0643381
258470 -0.00212319
258470 0.0606119
259230 0.0369726
259230 -0.0433351
259240 0.021585
259240 -0.0342443
259250 0.0025511
259250 0.0309662
259260 -0.00776178
259260 0.0284732
259270 0.0183773
259270 0.0687009
260030 0
260040 0
260050 0.00576024
260050 0.0505218
260060 0
260070 0
262770 0
263570 0
264350 0
264360 0
264370 0.00580427
264370 0.0977491
265130 0
265140 0
265150 0.000651081
265150 0.0466949
265160 0.0194198
265160 -0.0365798
265170 0.0105058
265170 0.0112655
265930 0.0133784
265930 0.021068
265940 0.0152829
265940 0.0209308
265950 -0.016769
265950 0.033359
265960 0.0329138
265960 -0.0478273
265970 0.00616678
265970 0.00775938
266730 0.0120861
266730 0.0338993
266740 -0.0541774
266740 0.0545432
266750 0.0585316
266750 0.0690938
266760 -0.0108383
266760 0.0238014
266770 -0.00579059
266770 0.0295126
267530 0.00300418
267530 0.00753128
267540 0.0194471
267540 0.0322787
267550 0.0248028
267550 0.0426004
267560 -0.00101257
267560 0.0666209
267570 -0.0109301
267570 0.0373079
268330 0.009582
268330 0.0191881
268340 0.0112456
268340 0.0207531
268350 -0.0195051
268350 0.0215808
268360 0.0331796
268360 0.044134
268370 -0.0154459
268370 0.040273
269130 0
269140 0
269150 0.0139154
269150 0.0684113
269160 0.0144425
269160 0.0309757
269170 -0.00494302
269170 0.0448803
273450 0
273460 0
273470 0
273470 -0.0149006
274230 0
274240 0
274250 0
274250 -0.0389478
274260 0.00326828
274260 0.0848325
274270 0.00276881
274270 0.0287234
275030 0.00405863
275030 -0.0670355
275040 0.00213816
275040 0.0660786
275050 0.0140867
275050 -0.0158225
275060 -0.00341877
275060 0.0129819
275070 0.00112364
275070 0.0165197
275830 0.00657578
275830 0.0118138
275840 0.0192529
275840 0.021888
275850 -0.0396432
275850 0.0568059
275860 0.00742804
275860 -0.0102557
275870 0.0118418
275870 0.0221833
276630 0.00309683
276630 0.0268368
276640 0.0180664
276640 -0.0185703
276650 0.0469225
276650 0.0509595
276660 -0.0253305
276660 0.0444753
276670 0.0141583
276670 0.014951
277430 0.0149804
277430 0.0515776
277440 0.0226838
277440 0.0295089
277450 0.0149096
277450 0.0280636
277460 -0.0216513
277460 0.0356086
277470 0.00727948
277470 0.0205243
278230 0
278240 0
278250 -0.00300724
278250 0.053494
278260 0.00772592
278260 0.0509168
278270 -0.00959206
278270 0.0266029
279050 0
279060 0
279070 -0.0133841
279070 0.0253801
283330 0
283340 0
283350 0
283350 -0.021523
283360 0
283360 -0.0106226
283370 0
283370 -0.0238819
284130 0
284130 0.0300493
284140 0
284140 -0.0627654
284150 0.00237781
284150 0.0346748
284160 0.00277111
284160 0.0546899
284170 0
284170 -0.0160123
284930 0.00316055
284930 -0.0378589
284940 0.00434133
284940 0.0463463
284950 0.0293247
284950 -0.0375675
284960 0.00111563
284960 0.0181445
284970 0.00232547
284970 -0.00509634
285730 0.00238981
285730 -0.00799554
285740 0.00441912
285740 0.00640502
285750 0.038461
285750 -0.0524196
285760 0.0176005
285760 0.0232042
285770 0.00283221
285770 0.00351838
286530 0.00563089
286530 0.0146738
286540 -0.00413407
286540 0.0185994
286550 0.0109973
286550 0.015235
286560 0.0150738
286560 -0.0168985
286570 0.00844091
286570 0.0107916
287330 0
287340 0
287350 -0.00918858
287350 0.0238086
287360 -0.0271038
287360 0.0446838
287370 0.014245
287370 0.0197729
288150 0
288160 0
288170 0.00505142
288170 0.0196903
29170 0
293230 0
293230 0.0460477
293240 0
293240 -0.0284702
293250 0
293250 -0.00383468
293260 0
293260 -0.0268379
293270 0
293270 -0.00688504
294030 0.000821973
294030 0.0111582
294040 0
294040 -0.0555109
294050 0.00707033
294050 0.0689433
294060 0
294060 -0.00329699
294070 0
294070 -0.0210403
294830 0.00145267
294830 -0.0284186
294840 0.000991461
294840 0.0091051
294850 0.0202587
294850 -0.0296902
294860 0.00306592
294860 0.0104327
294870 0
294870 -0.0167301
295630 0.0101096
295630 -0.056561
295640 0.00923193
295640 -0.0255735
295650 0.00672588
295650 -0.0419702
295660 0.00253667
295660 0.0329197
295670 0.00291863
295670 -0.0167274
296430 0
296440 0
296450 -0.00439005
296450 0.00504391
296460 -0.00155862
296460 0.0221591
296470 -0.00231069
296470 0.0189547
297250 0
297260 0
297270 0.013968
297270 0.0149608
298070 0
29950 0
29960 0
29970 -0.0197503
29970 0.138251
303130 0
303130 0.0267529
303140 0
303140 -0.0124658
303150 0
303150 -0.00340395
303160 0
303160 -0.0147811
303170 0
303170 0.0148775
303930 0.000493759
303930 0.0131146
303940 0
303940 -0.0223415
303950 0.00546868
303950 0.0692554
303960 0
303960 -0.0381897
303970 0
303970 0.00318244
304730 0.00348147
304730 -0.0231382
304740 0.00210284
304740 -0.00907625
304750 0.00249501
304750 -0.00703131
304760 0
304760 -0.00247667
304770 0.000606441
304770 -0.00336695
305530 0
305540 0
305550 0.000321476
305550 0.00676572
305560 0.00509479
305560 0.0300755
305570 -0.0164396
305570 0.0171628
306350 0
306360 0
306370 -0.00858075
306370 0.0114224
307170 0
30730 0
30740 0
30750 0.00659686
30750 0.105548
30760 -0.0859389
30760 0.114585
30770 0.0673897
30770 -0.0726044
307970 0
308750 0
308760 0
308770 0.016001
308770 0.1371
309530 0
309540 0
309550 -0.0294129
309550 0.086292
309560 0
309570 0
310330 -0.0436539
310330 0.115623
310340 0
310350 0
311130 0
313830 0
313830 0.0576297
313840 0
313840 0.0219299
313850 0.000291552
313850 0.0480022
313860 0
313860 -0.0376148
313870 0
313870 0.0214171
314630 0
314640 0
314650 0.012206
314650 5.93035e-05
314660 0
314660 -0.00428684
314670 0.0104593
314670 0.012517
31530 0.0615032
31530 0.157833
31540 -0.108927
31540 0.124488
315450 0
315460 0
315470 0.00900379
315470 -0.0137261
31550 -0.0297254
31550 0.04788
31560 0.0161595
31560 0.0718201
31570 0.0603289
31570 -0.0953413
316270 0
317070 0
317850 0
317860 0
317870 -0.0271915
317870 0.132026
318630 0
318640 0
318650 0.0226995
318650 0.11161
318660 0.0384675
318660 0.101035
318670 0.075216
318670 0.156779
319430 0.0568847
319430 0.177373
319440 -0.00542382
319440 0.0947481
319450 0.0301586
319450 0.0801038
319460 0
319470 0
320230 0.00951576
320230 0.107013
320240 0
320250 0
321030 0
32330 0.0567469
32330 -0.107583
32340 0.0469181
32340 0.0750692
32350 0.0443893
32350 -0.0675086
32360 0
32370 0
323730 0
323740 0
323750 0
323750 -0.00515462
323760 0
323760 -0.0293762
323770 0.00295985
323770 0.0163948
324550 0
324560 0
324570 0.00500282
324570 0.0114938
325370 0
326170 0
326950 0
326960 0
326970 0.00708484
326970 0.105037
327730 0
327740 0
327750 0.00714627
327750 0.115259
327760 -0.0514434
327760 0.108386
327770 -0.0407394
327770 0.111362
328530 -0.00376877
328530 0.198596
328540 -0.0169176
328540 0.107054
328550 0.018216
328550 0.0757644
328560 0.0653785
328560 0.111896
328570 -0.000898363
328570 0.146931
329330 0.00045301
329330 0.0941666
329340 0.0523645
329340 0.107034
329350 0.0189327
329350 0.0672544
329360 0
329370 0
330130 0.0456457
330130 0.124386
330140 0
330150 0
33130 -0.0435904
33130 0.051033
33140 0
33150 0
333650 0
333660 0
333670 0.0016946
333670 0.0118487
334470 0
335270 0
336050 0
336060 0
336070 0.0154053
336070 0.0755494
336830 0
336840 0
336850 -0.0289316
336850 0.0873972
336860 0.0109706
336860 0.0847299
336870 -0.0146629
336870 0.0782942
337630 -0.0611715
337630 0.152276
337640 0.0294951
337640 0.0937705
337650 -0.0540768
337650 0.062678
337660 -0.0632094
337660 0.118843
337670 -0.0239137
337670 0.0884509
338430 -0.0155328
338430 0.0736083
338440 -0.0479742
338440 0.113623
338450 0.0278963
338450 0.0655503
338460 0.00490822
338460 0.092636
338470 -0.0708189
338470 0.118589
339230 -0.027857
339230 0.0985071
339240 0.0547059
339240 0.0739533
339250 -0.0411997
339250 0.0555909
339260 0
339270 0
340030 0.0110205
340030 0.109215
340040 0
340050 0
343570 0
344370 0
345150 0
345160 0
345170 -0.0123997
345170 0.0431324
345930 0
345940 0
345950 0.0127876
345950 0.0425996
345960 0.0343324
345960 0.0547505
345970 0.0359067
345970 0.0506819
346730 0.0532986
346730 0.081241
346740 -0.017742
346740 0.0641068
346750 0.0204555
346750 0.0516857
346760 0.00079657
346760 0.0939877
346770 0.011853
346770 0.0507297
347530 0.000417233
347530 0.0447659
347540 0.00199211
347540 0.0983163
347550 0.0625729
347550 -0.0654492
347560 -0.0323883
347560 0.088245
347570 0.0244974
347570 0.0810696
348330 -0.0159069
348330 0.0610091
348340 -0.0644613
348340 0.067958
348350 0.031557
348350 0.0529063
348360 -0.0502755
348360 0.0639803
348370 -0.00462843
348370 0.0917798
349130 -0.0403024
349130 0.0902696
349140 0.00413698
349140 0.0330461
349150 -0.0317691
349150 0.061356
349160 0
349170 0
354250 0
354260 0
354270 -0.00583701
354270 0.0149937
355030 0
355040 0
355050 0.0105658
355050 0.0245425
355060 0.0267004
355060 -0.0271247
355070 -0.000379616
355070 0.0289571
355830 0.0258467
355830 0.0348618
355840 -0.011731
355840 0.0285275
355850 0.0416004
355850 0.0417983
355860 0.0505262
355860 0.0563535
355870 0.0177285
355870 0.0231076
356630 0.0225926
356630 0.0232928
356640 0.0248124
356640 0.0704764
356650 0.0290476
356650 0.0727116
356660 0.0194973
356660 0.0545843
356670 0.0189366
356670 0.0558637
357430 0.02542
357430 0.0257132
357440 -0.00122939
357440 0.051704
357450 -0.0420524
357450 0.0543122
357460 0.0286656
357460 0.0731303
357470 0.0378062
357470 0.0645909
358230 -0.00713747
358230 0.0487721
358240 0.0329144
358240 -0.0466681
358250 0.0364368
358250 0.0476003
358260 -0.021061
358260 0.0439458
358270 0.0640965
358270 0.0803793
359030 0
359040 0
359050 0.0265815
359050 0.070906
359060 0
359070 0
364130 0
364140 0
364150 0.000438355
364150 -0.032951
364160 0.00706308
364160 -0.0148021
364170 0.012595
364170 -0.0360692
364930 0.0142242
364930 -0.0795895
364940 0.00586949
364940 0.0356381
364950 0.0244748
364950 -0.041567
364960 -0.0200111
364960 0.0237726
364970 0.00721433
364970 -0.0162744
365730 -0.0104362
365730 0.01135
365740 -0.00195162
365740 0.0374504
365750 0.0509652
365750 0.0795482
365760 0.0210553
365760 0.0246657
365770 -0.019568
365770 0.0290525
366530 0.00881302
366530 0.0127479
366540 0.0319192
366540 0.054055
366550 0.0201083
366550 0.0637698
366560 0.021304
366560 0.0573841
366570 -0.0141168
366570 0.0385702
367330 0.0288822
367330 0.0406937
367340 0.0185418
367340 0.0306131
367350 -0.0202374
367350 0.0306365
367360 0.0490592
367360 0.0562048
367370 -0.0127082
367370 0.0543379
368130 0
368140 0
368150 0.0333947
368150 0.0757875
368160 0.0193287
368160 0.0505867
368170 0.00872139
368170 0.073118
374030 0.00381782
374030 0.0371079
374040 0
374040 -0.0255724
374050 0.00735269
374050 -0.0196723
374060 0.00555667
374060 -0.0446798
374070 0.00107552
374070 -0.0143257
374830 0.00609765
374830 -0.023604
374840 0.011836
374840 -0.0156121
374850 -0.0552853
374850 0.0611683
374860 0.00403359
374860 -0.0263215
374870 0.0092596
374870 -0.0103298
375630 0.00529496
375630 -0.0246974
375640 -0.00853805
375640 0.0116712
375650 0.0390596
375650 0.0678559
375660 -0.0285644
375660 0.0287363
375670 0.0158922
375670 -0.0239209
376430 0.0114094
376430 0.0290011
376440 0.024768
376440 0.0490711
376450 -0.0023685
376450 0.0203539
376460 -0.0174343
376460 0.0293659
376470 -0.0301046
376470 0.032675
377230 0
377240 0
377250 -0.0369859
377250 0.0527191
377260 0.0212394
377260 0.0722063
377270 0.0492613
377270 -0.0508177
378050 0
378060 0
378070 0.0476369
378070 -0.0485598
38270 0
383930 0.00265066
383930 0.0235475
383940 0.00111099
383940 -0.00990645
383950 0.0278657
383950 -0.0309764
383960 0
383960 -0.0245811
383970 0.00121212
383970 0.0189902
384730 0.00445268
384730 -0.0117245
384740 0.000159383
384740 -0.0512099
384750 -0.0465248
384750 0.0539066
384760 0.00699733
384760 -0.00967661
384770 0.00478573
384770 0.0168793
385530 0.0270992
385530 -0.039645
385540 0.0140486
385540 -0.0243785
385550 0.017153
385550 0.0218632
385560 0.00770035
385560 -0.0510261
385570 0.0147547
385570 0.016299
386330 0
386340 0
386350 0.0294342
386350 -0.0320353
386360 -0.046326
386360 0.0564376
386370 0.0111159
386370 0.0354609
387150 0
387160 0
387170 -0.00924855
387170 0.0318056
39050 0
39060 0
39070 0.093592
39070 0.128689
394630 0.0155276
394630 -0.0187987
394640 0.00413461
394640 -0.0536087
394650 0.0133989
394650 -0.0167943
394660 0
394660 0.036376
394670 0.00609665
394670 0.0211953
395430 0
395440 0
395450 0.0161809
395450 0.0361554
395460 -0.0180711
395460 0.0222845
395470 0.0301614
395470 0.0422283
396250 0
396260 0
396270 0.0200877
396270 0.0679562
397070 0
39830 0
39840 0
39850 0.0858288
39850 0.0895606
39860 -0.0140338
39860 0.0982364
39870 0.0308548
39870 0.0583133
404530 0
404540 0
404550 0.00648002
404550 0.0338805
404560 0
404560 0.0642217
404570 -0.0198795
404570 0.0241743
405350 0
405360 0
405370 0.0073955
405370 0.0204153
406170 0
40630 0.0852824
40630 0.18269
40640 0.00748556
40640 0.119769
40650 0.00519031
40650 0.0242746
40660 0.0564984
40660 -0.0729771
40670 0.0232358
40670 0.0302576
406970 0
407750 0
407760 0
407770 -0.010757
407770 0.145362
408530 0
408540 0
408550 -0.0428608
408550 0.0884328
408560 0
408570 0
409330 -0.0439484
409330 0.134332
409340 0
409350 0
410130 0
41430 0.0376563
41430 0.0596169
41440 0.0596396
41440 -0.108925
414450 0
414460 0
414470 0.0208545
414470 -0.080998
41450 0.026936
41450 0.0341587
41460 0.0319859
41460 -0.0486453
41470 -0.00850412
41470 0.0163515
415270 0
416070 0
416850 0
416860 0
416870 -0.0595416
416870 0.127984
417630 0
417640 0
417650 -0.000606255
417650 0.121959
417660 0.0204243
417660 0.0912449
417670 0.0267929
417670 0.176064
418430 0.0198499
418430 0.191738
418440 -0.027838
418440 0.0691545
418450 -0.0232978
418450 0.0828479
418460 0
418470 0
419230 -0.0638856
419230 0.151467
419240 0
419250 0
420030 0
42230 0.0154089
42230 -0.0464676
42240 -0.0261171
42240 0.0305762
42250 0.0120534
42250 -0.0270825
42260 0
42270 0
424370 0
425170 0
425950 0
425960 0
425970 0.0550001
425970 0.084144
426730 0
426740 0
426750 0.0372311
426750 0.122612
426760 -0.0558787
426760 0.0828511
426770 -0.0191651
426770 0.109704
427530 0.0280636
427530 0.185203
427540 -0.010663
427540 0.0674802
427550 0.033274
427550 0.0700372
427560 0.0525268
427560 0.123264
427570 0.024217
427570 0.146161
428330 0.0273865
428330 0.117071
428340 0.0146541
428340 0.0871285
428350 0.0266218
428350 0.0793822
428360 0
428370 0
429130 0.0198717
429130 0.161739
429140 0
429150 0
43030 0.0126354
43030 -0.054293
43040 0
43050 0
435050 0
435060 0
435070 0.0333613
435070 0.0470788
435830 0
435840 0
435850 -0.0143309
435850 0.0848891
435860 0.0353095
435860 0.0440589
435870 0.0166451
435870 0.0673668
436630 -0.0340648
436630 0.122617
436640 0.0483698
436640 0.0486066
436650 -0.0247499
436650 0.053537
436660 -0.05186
436660 0.109187
436670 0.0115597
436670 0.0848429
437430 0.0277182
437430 0.0783333
437440 -0.0186308
437440 0.083662
437450 0.0629158
437450 0.0678642
437460 0.0205303
437460 0.0919244
437470 -0.0215838
437470 0.110586
438230 0.0362762
438230 0.106237
438240 0.0549358
438240 0.0675242
438250 0.00888593
438250 0.0833834
438260 0
438270 0
439030 0.0613027
439030 0.117436
439040 0
439050 0
444930 0
444940 0
444950 -0.0318799
444950 0.035406
444960 0.0137933
444960 0.0344267
444970 0.000563933
444970 0.0412573
445730 -0.00669918
445730 0.0620336
445740 -0.0225847
445740 0.0244339
445750 -0.000849032
445750 0.0409626
445760 0.0180363
445760 0.0625555
445770 -0.0168575
445770 0.0483776
446530 -0.0378503
446530 0.0433237
446540 0.0287716
446540 0.0627258
446550 0.0668919
446550 -0.0822155
446560 -0.0163937
446560 0.066403
446570 0.00756123
446570 0.0794518
447330 -0.0151378
447330 0.0578454
447340 -0.0268663
447340 0.0613713
447350 0.0327237
447350 0.0671707
447360 -0.0363184
447360 0.0554837
447370 -0.0276841
447370 0.103656
448130 -0.00192375
448130 0.0893577
448140 0.0279445
448140 0.0350115
448150 -0.0376865
448150 0.0827292
448160 0
448170 0
454830 0.0317711
454830 0.0371358
454840 0.00373011
454840 -0.0404699
454850 0.0209045
454850 0.0287614
454860 0.0216555
454860 0.0249342
454870 -0.00671256
454870 0.0216216
455630 -0.00759866
455630 0.0214163
455640 -0.0199
455640 0.0357704
455650 0.00947508
455650 0.0783198
455660 -0.00340716
455660 0.0253945
455670 -0.015249
455670 0.0511571
456430 0.0275432
456430 -0.0381503
456440 -0.0163593
456440 0.0371122
456450 0.0651909
456450 -0.0797815
456460 0.0208978
456460 0.045962
456470 0.00147546
456470 0.0736626
457230 0.0608555
457230 -0.0732797
457240 0.0320157
457240 -0.0416372
457250 0.0039861
457250 0.0527199
457260 -0.0345189
457260 0.043701
457270 0.0175306
457270 0.113033
458030 0
458040 0
458050 -0.0173937
458050 0.0730243
458060 0
458070 0
464730 0.0101221
464730 0.0387016
464740 0.011634
464740 -0.0226493
464750 0.0642224
464750 0.0793353
464760 0
464760 0.00676448
464770 0.00657957
464770 0.0221109
465530 0.015524
465530 0.0196519
465540 0.0021413
465540 0.00702241
465550 0.0286613
465550 0.075312
465560 -0.00681382
465560 0.0213847
465570 0.00690854
465570 0.0445537
466330 -0.0153018
466330 0.052294
466340 0.019284
466340 -0.0252803
466350 -0.0214548
466350 0.0329754
466360 0.0313359
466360 0.0440892
466370 0.00224786
466370 0.072517
467130 0
467140 0
467150 0.0356459
467150 0.0745795
467160 0.00602734
467160 0.0551937
467170 0.0289175
467170 0.0989584
47370 0
475430 0.0464801
475430 0.0792058
475440 0.00581981
475440 0.0393366
475450 0.0278101
475450 0.0292344
475460 0
475460 -0.00736045
475470 0.0086207
475470 0.0435152
476230 0
476240 0
476250 0.0205522
476250 0.0682787
476260 0.0340205
476260 0.0589304
476270 -0.0134688
476270 0.0616702
477050 0
477060 0
477070 -0.010615
477070 0.0564619
48150 0
48160 0
48170 -0.0508026
48170 0.0592698
485330 0
485340 0
485350 -0.0291899
485350 0.0580315
485360 0.0236307
485360 -0.0237339
485370 -0.00465813
485370 0.046967
486150 0
486160 0
486170 -0.030112
486170 0.0435681
48930 0
48940 0
48950 -0.0588782
48950 0.0665579
48960 0.0703062
48960 0.0966711
48970 0.0144835
48970 0.0258771
495250 0
495260 0
495270 0.013588
495270 0.0431294
496070 0
49730 -0.122823
49730 0.156779
49740 0.104617
49740 0.109165
49750 0.0129862
49750 0.0200072
49760 0.0321923
49760 0.0548777
49770 0.013842
49770 0.0422082
505170 0
50530 0.0299614
50530 0.0389387
50540 0.041221
50540 0.0597612
50550 -0.00924842
50550 0.0387462
50560 0.0112638
50560 0.0144176
50570 0.011637
50570 0.0613449
505970 0
506750 0
506760 0
506770 -0.00120557
506770 0.128875
507530 0
507540 0
507550 -0.0227627
507550 0.0919966
507560 0
507570 0
508330 -0.00249636
508330 0.151477
508340 0
508350 0
509130 0
51330 0.00553091
51330 0.0654427
51340 0.0142821
51340 -0.0410362
51350 0.0237381
51350 0.0446058
51360 0.00765979
51360 -0.0172106
51370 0.0151669
51370 0.0786405
515850 0
515860 0
515870 -0.0191806
515870 0.0882889
516630 0
516640 0
516650 0.0369297
516650 0.11824
516660 0.0124777
516660 0.0584867
516670 0.055096
516670 0.136507
517430 0.0577515
517430 0.170547
517440 -0.0317482
517440 0.0420832
517450 -0.00358976
517450 0.0900117
517460 0
517470 0
518230 -0.025864
518230 0.157742
518240 0
518250 0
519030 0
52130 0.00216299
52130 0.0262429
52140 0.00586406
52140 -0.0251971
52150 0.00173193
52150 0.0500214
52160 0
52170 0
525730 0
525740 0
525750 -0.012515
525750 0.103912
525760 0.0157904
525760 -0.0390691
525770 -0.046214
525770 0.0774367
526530 -0.0522149
526530 0.134567
526540 0.0198177
526540 0.0318838
526550 0.0110421
526550 0.0647958
526560 0.0551497
526560 0.0701812
526570 0.0107143
526570 0.120389
527330 0.00913677
527330 0.106932
527340 0.000851082
527340 0.0561434
527350 0.00744906
527350 0.097307
527360 0
527370 0
528130 -0.0146995
528130 0.14189
528140 0
528150 0
535630 -0.0236199
535630 0.0810563
535640 0.0126281
535640 0.0149198
535650 -0.0404365
535650 0.0421861
535660 0.033095
535660 -0.0611531
535670 -0.0170089
535670 0.0767069
536430 -0.0149564
536430 0.0691836
536440 -0.0101842
536440 0.0395335
536450 0.0369725
536450 0.0714098
536460 0.024692
536460 0.0387459
536470 -0.0534663
536470 0.119802
537230 0.090743
537230 6.86192e-05
537240 0.0410662
537240 0.0436165
537250 -0.0145161
537250 0.097783
537260 0
537270 0
538030 0.0161581
538030 0.100262
538040 0
538050 0
545530 0.00698524
545530 0.0377322
545540 0.00700307
545540 0.012372
545550 -0.0614506
545550 0.0677933
545560 0.0065991
545560 -0.030051
545570 0.0308393
545570 0.0810503
546330 0.00625705
546330 0.0594587
546340 0.0214892
546340 -0.026695
546350 0.0535512
546350 0.070153
546360 0.0182518
546360 -0.0405824
546370 -0.0149945
546370 0.128311
547130 0.018854
547130 0.0966598
547140 0.0169125
547140 0.0286712
547150 -0.0250356
547150 0.0855125
547160 0
547170 0
556230 -0.0049649
556230 0.0906601
556240 0.00289892
556240 -0.0286927
556250 0.0352372
556250 0.0556353
556260 0.00821055
556260 -0.0404917
556270 0.04907
556270 0.124519
557030 0
557040 0
557050 -0.000439075
557050 0.0755356
557060 0
557070 0
56470 0
566130 0
566140 0
566150 0.0238661
566150 0.0946239
566160 0.00419967
566160 0.01179
566170 0.0191409
566170 0.103243
57250 0
57260 0
57270 0.0292397
57270 -0.102339
576050 0
576060 0
576070 -0.0352949
576070 0.0783448
58030 0
58040 0
58050 0.0332219
58050 -0.04568
58060 -0.0401212
58060 0.0468081
58070 0.00714253
58070 -0.0647891
58830 0.00878109
58830 0.0865852
58840 -0.0764012
58840 0.0863666
58850 0.00583708
58850 0.0237613
58860 0.0210114
58860 0.0423338
58870 0.00959639
58870 -0.043417
59630 0.0179669
59630 -0.0689865
59640 0.0367528
59640 0.0727165
59650 0.00100345
59650 0.0385955
59660 0.00583089
59660 0.0564144
59670 0.0118246
59670 -0.0284895
60430 0.0031375
60430 0.0150685
60440 0.00826546
60440 0.0807949
60450 0.0247367
60450 -0.0248617
60460 0.0123457
60460 0.055263
60470 -0.0101541
60470 0.0181704
606530 0
606540 0
606550 -0.0370779
606550 0.0880484
606560 0
606570 0
607330 -0.0103501
607330 0.127009
607340 0
607350 0
608130 0
61230 0.00177527
61230 0.0705968
61240 0.00131785
61240 0.0216518
61250 0.00944199
61250 0.0111668
61260 0.000930174
61260 0.0268658
61270 0.0096729
61270 0.028725
616430 0.0234351
616430 0.124652
616440 0.0151642
616440 -0.0414673
616450 -0.0387182
616450 0.0905347
616460 0
616470 0
617230 -0.0596946
617230 0.128602
617240 0
617250 0
618030 0
62030 0
62040 0
62050 0.0076227
62050 0.0265798
62060 0
62070 0
626330 0.0440118
626330 0.0914299
626340 0.00859438
626340 -0.0304005
626350 0.0236418
626350 0.0994523
626360 0
626370 0
627130 -0.0153743
627130 0.119371
627140 0
627150 0
637030 0.0424703
637030 0.102377
637040 0
637050 0
65570 0
66350 0
66360 0
66370 0.00745469
66370 0.104366
67130 0
67140 0
67150 0.00787033
67150 0.0826385
67160 0.0241666
67160 -0.0845831
67170 0.00222567
67170 0.00459044
67930 0.0311183
67930 0.113191
67940 0.0455746
67940 -0.0626651
67950 -0.018276
67950 0.022459
67960 0.0147051
67960 -0.0816128
67970 0.00436029
67970 -0.0173759
68730 0.00557617
68730 0.00689119
68740 0.0286523
68740 -0.10294
68750 0.0268689
68750 0.0327003
68760 0.00441168
68760 -0.0427447
68770 0.0074962
68770 -0.035039
69530 0.00127878
69530 -0.0572531
69540 0.00839647
69540 0.00904982
69550 0.00296037
69550 0.0165617
69560 -0.0133112
69560 0.0235466
69570 0.0134449
69570 -0.0479595
70330 0.00476416
70330 -0.0215057
70340 0.00223892
70340 0.0449888
70350 0.00661247
70350 -0.0398506
70360 0.011827
70360 0.0133483
70370 0.0198369
70370 -0.0575468
707130 0
71130 0
71140 0
71150 0.0194819
71150 -0.0466773
71160 0.00317125
71160 0.0110579
71170 0.0256924
71170 -0.0633101
74670 0
75450 0
75460 0
75470 0
75470 0.0538943
76230 0
76240 0
76250 0
76250 -0.00434192
76260 0.00642359
76260 0.0899303
76270 0.000169102
76270 0.0590417
77030 0.00970871
77030 -0.0899924
77040 0.0113507
77040 0.119183
77050 0.0132968
77050 -0.0145319
77060 0.0067571
77060 -0.0079643
77070 0.000871346
77070 0.0436561
77830 0.00242184
77830 0.0522078
77840 0.0132468
77840 -0.0246817
77850 0.0236002
77850 -0.036265
77860 0.00258841
77860 -0.0424001
77870 0.00261346
77870 0.0363396
78630 0.000328401
78630 -0.00215373
78640 0.00669945
78640 -0.0959193
78650 0.0104532
78650 0.0196562
78660 0.0243055
78660 -0.0590867
78670 0.0055948
78670 0.0249137
79430 0.00591752
79430 -0.0757419
79440 0.00521947
79440 -0.0405322
79450 0.00260478
79450 0.0110705
79460 0.017656
79460 -0.0536065
79470 0.00882265
79470 0.0118276
80230 0
80240 0
80250 0.0209978
80250 -0.0320553
80260 0.0110824
80260 -0.0269596
80270 -0.00275037
80270 0.0107196
81050 0
81060 0
81070 -0.00904892
81070 0.0104655
83770 0
84550 0
84560 0
84570 0
84570 -0.142122
85330 0
85340 0
85350 0
85350 -0.078412
85360 0
85360 0.0482618
85370 0
85370 -0.027382
86130 0.00286862
86130 -0.0481046
86140 0
86140 -0.00655343
86150 0.00372553
86150 0.0380681
86160 0.00132376
86160 0.0923186
86170 0
86170 -0.000636134
86930 0.00111293
86930 -0.0322135
86940 0.00263965
86940 0.117478
86950 0.012289
86950 -0.0225053
86960 0.000611876
86960 0.0611348
86970 0.000399989
86970 0.017337
87730 0.000134601
87730 0.0449037
87740 0.00259672
87740 0.0198967
87750 0.00691248
87750 -0.0369047
87760 0.0134921
87760 0.0382664
87770 0.00105777
87770 0.0328108
88530 0.0037644
88530 0.00954534
88540 0.00607239
88540 -0.0541681
88550 0.00145858
88550 0.0222136
88560 0.00164017
88560 0.0114927
88570 0.00231616
88570 0.0464961
89330 0
89340 0
89350 0.0120269
89350 0.0524289
89360 0.0118184
89360 -0.017642
89370 0.00301432
89370 0.0565993
90150 0
90160 0
90170 0.0029776
90170 0.0632536
92870 0
93650 0
93660 0
93670 0
93670 0.0227363
94430 0
94440 0
94450 0
94450 0.0556104
94460 0
94460 -0.131898
94470 0
94470 -0.0468525
95230 0
95230 0.129435
95240 0
95240 -0.123388
95250 0
95250 0.00948576
95260 0
95260 -0.0291982
95270 0
95270 -0.0372135
96030 0.000264328
96030 -0.0226864
96040 0
96040 -0.0280793
96050 0.00323026
96050 0.0744673
96060 0
96060 0.0222464
96070 0
96070 -0.0368502
96830 -0.00184191
96830 3.89095e-05
96840 0.000437304
96840 0.0972092
96850 0.00137257
96850 0.00312852
96860 0.00332926
96860 0.0507895
96870 0
96870 -0.0307164
97630 0.00101444
97630 0.0777265
97640 0.00387379
97640 0.0525657
97650 0.000889441
97650 -0.0233114
97660 0.00305671
97660 0.0676535
97670 0.000795586
97670 -0.0224454
98430 0
98440 0
98450 0.00303485
98450 0.0341365
98460 0.00596057
98460 0.0462914
98470 0.00240742
98470 -0.00768
99250 0
99260 0
99270 0.0017286
99270 0.00974147
