2531
101460 0.0280099
101460 0.172303
104660 -0.0100551
104660 0.150049
105440 -0.0913492
113760 -0.113154
113760 0.18801
114540 -0.0617084
114540 0.301917
114550 0.0450306
114550 0.121446
114560 0.0554224
114560 0.211505
115340 -0.0108222
115340 0.167542
122860 0.086405
122860 0.291777
123640 0.154071
123640 0.478637
123650 -0.0858701
123650 0.141235
123660 -0.0355029
123660 0.199527
124440 -0.0128934
124440 0.197884
124450 0.0930155
124450 0.176873
124460 0.0741756
124460 0.233911
125240 0.0996077
131960 0.0896317
131960 0.208046
132740 -0.0323938
132740 0.317254
132750 0.0342992
132750 0.232028
132760 0.0288908
132760 0.220554
133540 0.0683806
133540 0.244778
133550 -0.090781
133550 0.221317
133560 -0.00242773
133560 0.177145
134340 0.00413778
134340 0.190978
134350 0.0933309
134350 0.171332
134360 0.0042702
134360 0.191973
135140 0.106302
135140 0.210125
141840 0.0545636
141840 -0.161119
141850 0.083248
141850 0.210807
141860 0.0120123
141860 0.125236
142640 -0.0396513
142640 0.140365
142650 0.0202431
142650 0.365467
142660 -0.0194635
142660 0.121039
143440 -0.00755
143440 0.185779
143450 -0.0873498
143450 0.206207
143460 -0.00639712
143460 0.153042
144240 -0.0341429
144240 0.137079
144250 0.0366165
144250 0.10043
144260 -0.0685457
144260 0.153159
145040 0.00602882
14760 -0.0866745
14760 0.173349
151740 0.025528
151740 -0.064382
151750 0.0698688
151750 0.352752
151760 -0.0114725
151760 0.0394398
152540 -0.0388719
152540 0.0944932
152550 -0.00757654
152550 0.362437
152560 -0.0313776
152560 0.0710495
153340 -0.0661647
153340 0.118616
153350 -0.0831945
153350 0.111796
153360 -0.0006568
153360 0.102929
154140 -0.104512
154140 0.116613
154150 -0.0165882
154150 0.0373935
154160 -0.0475243
154160 0.14653
15540 -0.114642
15540 0.127381
15550 0.114642
15560 0.176373
161640 0
161640 5.01652e-17
161650 0.0590297
161650 0.408781
161660 0
161660 3.58323e-17
162440 -0.0148644
162440 0.0604821
162450 -0.0157568
162450 0.246619
162460 -0.00259546
162460 0.0158475
163240 -0.0840404
163240 0.109702
163250 -0.0577843
163250 0.0636913
163260 0.0372855
163260 0.0798659
16340 0.193781
164060 0.0287461
164060 0.145886
172340 0.0341908
172340 0.0554906
172350 0.00711749
172350 0.138083
172360 0
172360 0.025694
173160 0.0718794
173160 0.155725
182260 0.00377108
182260 0.0319258
203660 0.0208155
203660 0.136122
204440 -0.0340831
212760 0.0355717
212760 -0.0440883
213540 0.0382452
213540 0.287934
213550 0.0312914
213550 0.124199
213560 0.105909
213560 0.206499
214340 0.0158428
214340 0.278954
222640 0.00155993
222640 0.157692
222650 -0.0562973
222650 0.128061
222660 0.0727363
222660 -0.0911092
223440 -0.0354233
223440 0.14327
223450 0.100528
223450 0.224662
223460 0.0586081
223460 0.169548
224240 0.0505164
232540 -0.0014548
232540 0.0254974
232550 -0.115552
232550 0.208381
232560 0.0469475
232560 -0.0759818
233340 -0.0591384
233340 0.103805
233350 0.107563
233350 0.229987
233360 -0.0610325
233360 0.0893095
234140 0.0345626
234140 0.148864
23860 -0.126596
23860 0.253192
242440 0
242440 1.07497e-17
242450 -0.142264
242450 0.241385
242460 0
242460 1.43329e-17
243240 0.0449416
243240 -0.0478421
243250 0.0442854
243250 0.156675
243260 0.0480108
243260 -0.0894716
244040 -0.00403366
24640 -0.0504869
24640 0.269264
24650 -0.05784
24650 0.11568
24660 0.0728453
24660 -0.129135
253140 0
253140 -0.0340773
253150 -0.011756
253150 0.0843537
253160 -0.000457949
253160 0.0512213
25440 0.0890057
25440 -0.134972
25450 0.135772
25460 -0.00825682
25460 0.0807325
26240 0.0891769
263060 0.0653384
263060 0.0735233
303440 -0.0865862
313340 0.105668
313340 -0.109433
323240 5.37484e-18
32960 0.130266
32960 0.390799
33740 0.13612
33740 0.408361
33750 -0.0907468
33750 0.181494
33760 -0.0436789
33760 0.164971
34540 -0.0274079
34540 0.202043
34550 0.0948382
34550 -0.125906
34560 0.0268178
34560 -0.10406
35340 0.0230252
35340 -0.142705
35350 0.0551038
35350 0.0678199
35360 0.0155538
35360 -0.147276
36140 0.0243004
36140 -0.0674339
42060 0.0945053
42060 0.283515
42840 -0.0270555
42840 0.279573
42850 0.0994081
42850 0.298224
42860 0.119535
42860 0.256002
43640 0.107978
43640 0.282385
43650 -0.072412
43650 0.217743
43660 0.0430537
43660 0.0979284
44440 0.00382392
44440 0.136301
44450 0.0230101
44450 -0.147486
44460 0.00324012
44460 0.0817207
45240 0.00819254
45240 -0.107241
45250 0.0126905
45250 -0.0352161
45260 0.0423884
45260 -0.0746089
46040 -0.105279
51160 0
51160 -0.216292
51940 0.117383
51940 -0.132056
51950 0.0762426
51950 0.228728
51960 0.0184578
51960 0.159605
52740 -0.0181668
52740 0.170989
52750 0.164703
52750 0.379239
52760 0.0756019
52760 0.113978
53540 0.102814
53540 0.199175
53550 0.00527265
53550 0.179887
53560 0.0829926
53560 0.127452
54340 0.0534533
54340 0.0993704
54350 0.0117685
54350 -0.089017
54360 0.101639
54360 0.126363
55140 -0.0221332
55140 0.0490989
55150 0
55150 -0.0425874
55160 0.0825119
55160 0.114299
5660 0.18676
61040 0.147499
61050 0
61050 -0.18345
61060 0
61060 -0.147144
61840 0.0576171
61840 -0.0849074
61850 0.0493119
61850 0.270668
61860 -0.0385377
61860 0.0488144
62640 -0.00811018
62640 0.105897
62650 0.183495
62650 0.335688
62660 -0.00640977
62660 0.0676144
63440 0.106549
63440 0.14008
63450 0.0825484
63450 0.133386
63460 0.036099
63460 0.102962
64240 0.126393
64240 0.139946
64250 -0.00180534
64250 0.0334836
64260 0.0891661
64260 0.116613
6440 0.148003
65060 0.0940284
65060 0.106476
70940 0.0673978
70950 0
70950 -0.25609
70960 0
70960 -0.0811948
71740 0.00457649
71740 -0.0780866
71750 -0.0193214
71750 0.227398
71760 0
71760 -0.0610126
72540 -0.0127787
72540 0.0734326
72550 0.135473
72550 0.210565
72560 0.028918
72560 -0.083483
73340 0.110892
73340 0.14229
73350 0.0938916
73350 0.0997267
73360 0.0458561
73360 -0.0646509
74160 -0.0287757
74160 0.0557396
80840 0
80840 1.0277e-16
80850 0
80850 -0.282197
80860 0
80860 2.13588e-17
81640 0
81640 -0.104882
81650 -0.0924981
81650 0.126133
81660 0
81660 -0.0309804
82440 0.053219
82440 -0.0633159
82450 0.0461944
82450 0.0918908
82460 0
82460 -0.103828
83260 0.00745471
83260 -0.15075
91540 0
91540 -0.189153
91550 0.0199957
91550 -0.124589
91560 0
91560 0.0469185
92360 0.0252755
92360 -0.0446788
