# mass number (A) = 108
# number of protons (Z) = 47
#units k = 1/fm , units n_1(k) = fm^3
# k (1/fm)	tot
0.0	0.0
0.01	0.00229738452455
0.02	0.00916491100686
0.03	0.0205289954755
0.04	0.0362679848773
0.05	0.0562136231057
0.06	0.0801530750325
0.07	0.107831480667
0.08	0.138955004354
0.09	0.173194337263
0.1	0.210188605382
0.11	0.249549629987
0.12	0.290866483036
0.13	0.333710276417
0.14	0.377639121251
0.15	0.422203191817
0.16	0.466949827889
0.17	0.511428609578
0.18	0.555196339936
0.19	0.597821872791
0.2	0.638890726241
0.21	0.678009426151
0.22	0.714809528558
0.23	0.748951275183
0.24	0.780126842083
0.25	0.808063147793
0.26	0.832524194002
0.27	0.853312918711
0.28	0.870272548942
0.29	0.883287447126
0.3	0.892283452367
0.31	0.897227724576
0.32	0.898128106051
0.33	0.895032021216
0.34	0.888024940962
0.35	0.877228443165
0.36	0.862797905516
0.37	0.844919870718
0.38	0.823809127254
0.39	0.799705551459
0.4	0.772870758324
0.41	0.743584609479
0.42	0.712141627044
0.43	0.678847361614
0.44	0.644014761508
0.45	0.607960588646
0.46	0.571001924098
0.47	0.533452803466
0.48	0.495621018921
0.49	0.457805121022
0.5	0.420291649384
0.51	0.383352616975
0.52	0.347243268383
0.53	0.31220012783
0.54	0.278439348165
0.55	0.246155367519
0.56	0.215519875935
0.57	0.186681090038
0.58	0.159763329833
0.59	0.134866888002
0.6	0.112068178671
0.61	0.0914201496208
0.62	0.0729529392275
0.63	0.0566747572129
0.64	0.0425729664364
0.65	0.030615341569
0.66	0.0207514794968
0.67	0.0129143357288
0.68	0.00702186089936
0.69	0.00297871165125
0.7	0.000678010725275
0.71	3.13194634876e-06
0.72	0.000829486945682
0.73	0.00302629186257
0.74	0.00645829388862
0.75	0.0109874393152
0.76	0.0164744666829
0.77	0.0227804106712
0.78	0.0297680044723
0.79	0.0373029705272
0.8	0.0452551916306
0.81	0.0534997565094
0.82	0.0619178760053
0.83	0.0703976679379
0.84	0.0788348105493
0.85	0.0871330661338
0.86	0.0952046780062
0.87	0.102970645355
0.88	0.110360881762
0.89	0.117314264205
0.9	0.123778580278
0.91	0.12971038202
0.92	0.135074755322
0.93	0.139845014242
0.94	0.144002329743
0.95	0.147535302489
0.96	0.15043948921
0.97	0.152716891991
0.98	0.154375419513
0.99	0.15542832889
1.0	0.155893656233
1.01	0.155793643558
1.02	0.155154169004
1.03	0.154004186711
1.04	0.152375182005
1.05	0.150300646865
1.06	0.147815579928
1.07	0.144956014617
1.08	0.14175857827
1.09	0.138260084543
1.1	0.134497160682
1.11	0.130505910714
1.12	0.126321615059
1.13	0.121978466536
1.14	0.117509342342
1.15	0.112945611117
1.16	0.108316973924
1.17	0.103651337623
1.18	0.0989747188985
1.19	0.0943111769962
1.2	0.0896827730531
1.21	0.0851095538182
1.22	0.0806095574738
1.23	0.0761988392422
1.24	0.071891514461
1.25	0.0676998168429
1.26	0.0636341696927
1.27	0.0597032679359
1.28	0.0559141689126
1.29	0.052272390006
1.3	0.0487820113044
1.31	0.0454457816305
1.32	0.0422652264179
1.33	0.0392407560602
1.34	0.0363717735067
1.35	0.0336567800265
1.36	0.0310934782066
1.37	0.0286788713878
1.38	0.0264093588795
1.39	0.0242808264148
1.4	0.0222887314322
1.41	0.0204281828748
1.42	0.0186940152996
1.43	0.0170808571831
1.44	0.0155831933851
1.45	0.014195421811
1.46	0.0129119043706
1.47	0.0117270123868
1.48	0.0106351666534
1.49	0.0096308723763
1.5	0.00870874926377
1.51	0.00786355705113
1.52	0.00709021676398
1.53	0.00638382803176
1.54	0.00573968276969
1.55	0.0051532755467
1.56	0.00462031095382
1.57	0.00413670827994
1.58	0.00369860379225
1.59	0.00330235090628
1.6	0.00294451851637
1.61	0.00262188774172
1.62	0.00233144732701
1.63	0.00207038791876
1.64	0.00183609542172
1.65	0.00162614362139
1.66	0.00143828624173
1.67	0.00127044858995
1.68	0.00112071892367
1.69	0.0009873396602
1.7	0.000868698532442
1.71	0.000763319781973
1.72	0.000669855466637
1.73	0.000587076947776
1.74	0.000513866611036
1.75	0.000449209864475
1.76	0.000392187448444
1.77	0.000341968083434
1.78	0.000297801474727
1.79	0.000259011686157
1.8	0.00022499088966
1.81	0.00019519349236
1.82	0.000169130638778
1.83	0.000146365082224
1.84	0.000126506416531
1.85	0.000109206656914
1.86	9.4156156875e-05
1.87	8.10798466341e-05
1.88	6.97337775422e-05
1.89	5.99019562047e-05
1.9	5.13934516614e-05
1.91	4.40397588023e-05
1.92	3.7692401267e-05
1.93	3.22207573129e-05
1.94	2.75100925306e-05
1.95	2.34597837903e-05
1.96	1.99817194033e-05
1.97	1.69988611566e-05
1.98	1.44439545964e-05
1.99	1.22583746933e-05
2.0	1.03910947953e-05
2.01	8.79776755165e-06
2.02	7.43990726495e-06
2.03	6.28416389207e-06
2.04	5.30167965075e-06
2.05	4.46751990608e-06
2.06	3.76017069352e-06
2.07	3.16109588646e-06
2.08	2.6543476314e-06
2.09	2.22622425253e-06
2.1	1.86497036878e-06
2.11	1.56051447037e-06
2.12	1.3042396692e-06
2.13	1.08878376887e-06
2.14	9.07865196666e-07
2.15	7.5613170359e-07
2.16	6.29029070187e-07
2.17	5.22687358197e-07
2.18	4.33822521917e-07
2.19	3.59651441016e-07
2.2	2.97818660036e-07
2.21	2.46333320684e-07
2.22	2.03514953233e-07
2.23	1.67946954492e-07
2.24	1.38436723532e-07
2.25	1.13981554285e-07
2.26	9.37394976809e-08
2.27	7.70045065153e-08
2.28	6.31852651138e-08
2.29	5.17871841571e-08
2.3	4.23971099251e-08
2.31	3.46703576849e-08
2.32	2.83197319013e-08
2.33	2.31062422373e-08
2.34	1.88312646834e-08
2.35	1.53299323014e-08
2.36	1.24655705979e-08
2.37	1.01250190243e-08
2.38	8.2147030067e-09
2.39	6.65734070652e-09
2.4	5.38918577687e-09
2.41	4.35772206626e-09
2.42	3.51973884028e-09
2.43	2.83972591123e-09
2.44	2.28853732868e-09
2.45	1.84228019897e-09
2.46	1.48139195407e-09
2.47	1.1898751408e-09
2.48	9.54663689823e-10
2.49	7.65098773838e-10
2.5	6.12495880116e-10
2.51	4.89787697209e-10
2.52	3.9122992785e-10
2.53	3.12159258486e-10
2.54	2.48794499328e-10
2.55	1.98073407929e-10
2.56	1.5751896737e-10
2.57	1.25129944315e-10
2.58	9.92914341907e-11
2.59	7.87018374444e-11
2.6	6.23133253594e-11
2.61	4.92833656497e-11
2.62	3.89353036028e-11
2.63	3.07263478816e-11
2.64	2.42216030386e-11
2.65	1.90730333103e-11
2.66	1.50024427297e-11
2.67	1.17877220707e-11
2.68	9.25174952534e-12
2.69	7.25344427189e-12
2.7	5.68056434626e-12
2.71	4.44391594654e-12
2.72	3.47270334764e-12
2.73	2.71079938363e-12
2.74	2.11375795183e-12
2.75	1.64642385779e-12
2.76	1.28102291695e-12
2.77	9.95637687915e-13
2.78	7.72992463479e-13
2.79	5.99485957781e-13
2.8	4.64422132481e-13
2.81	3.59399320507e-13
2.82	2.77825658541e-13
2.83	2.14535177625e-13
2.84	1.65484010266e-13
2.85	1.27510285011e-13
2.86	9.81445855943e-14
2.87	7.54605060044e-14
2.88	5.79569609014e-14
2.89	4.44656147521e-14
2.9	3.40781556116e-14
2.91	2.6089227602e-14
2.92	1.99517039645e-14
2.93	1.52416737909e-14
2.94	1.16310653886e-14
2.95	8.86626605071e-15
2.96	6.75144457652e-15
2.97	5.13555750569e-15
2.98	3.90223735042e-15
2.99	2.96193287094e-15
3.0	2.24580701371e-15
3.01	1.70100501026e-15
3.02	1.28698928161e-15
3.03	9.72703960368e-16
3.04	7.34383805266e-16
3.05	5.5386303931e-16
3.06	4.17271569041e-16
3.07	3.14031020387e-16
3.08	2.36082544019e-16
3.09	1.77293574546e-16
3.1	1.33002599804e-16
3.11	9.96702382731e-17
3.12	7.46121080984e-17
3.13	5.57945509162e-17
3.14	4.16786011323e-17
3.15	3.11009434122e-17
3.16	2.31831945246e-17
3.17	1.72628496104e-17
3.18	1.2840779501e-17
3.19	9.54135782153e-18
3.2	7.08221438129e-18
3.21	5.25131706789e-18
3.22	3.88962644031e-18
3.23	2.87798295654e-18
3.24	2.12720528209e-18
3.25	1.57062185457e-18
3.26	1.15844415755e-18
3.27	8.53532354747e-19
3.28	6.28212353856e-19
3.29	4.61885932847e-19
3.3	3.3923836041e-19
3.31	2.48895651159e-19
3.32	1.82419797238e-19
3.33	1.33557754521e-19
3.34	9.76807306477e-20
3.35	7.13660253477e-20
3.36	5.20855323579e-20
3.37	3.79739572931e-20
3.38	2.76565449914e-20
3.39	2.01211811471e-20
3.4	1.46235447077e-20
3.41	1.06168490502e-20
3.42	7.69985567487e-21
3.43	5.57845122336e-21
3.44	4.03728085869e-21
3.45	2.91882935879e-21
3.46	2.10801172053e-21
3.47	1.52083486014e-21
3.48	1.09606413497e-21
3.49	7.89105178889e-22
3.5	5.67517142095e-22
3.51	4.07725977813e-22
3.52	2.92619479304e-22
3.53	2.09789465545e-22
3.54	1.50248399159e-22
3.55	1.07493425524e-22
3.56	7.68245389572e-23
3.57	5.48484260121e-23
3.58	3.91178212244e-23
3.59	2.78696530278e-23
3.6	1.98351283345e-23
3.61	1.41021440846e-23
3.62	1.00157180623e-23
3.63	7.10601260352e-24
3.64	5.03636182394e-24
3.65	3.56578428893e-24
3.66	2.5219735678e-24
3.67	1.78185942249e-24
3.68	1.25763296547e-24
3.69	8.86710961063e-25
3.7	6.24536826355e-25
3.71	4.39422163217e-25
3.72	3.08854485605e-25
3.73	2.16857294959e-25
3.74	1.52104633389e-25
3.75	1.0657595956e-25
3.76	7.45975517746e-26
3.77	5.21601133588e-26
3.78	3.64335273898e-26
3.79	2.54221787459e-26
3.8	1.77203901723e-26
3.81	1.2339082463e-26
3.82	8.58304988606e-27
3.83	5.96416566581e-27
3.84	4.1400649883e-27
3.85	2.87087394282e-27
3.86	1.98870652471e-27
3.87	1.37618553363e-27
3.88	9.51334169876e-28
3.89	6.56960297458e-28
3.9	4.53205503611e-28
3.91	3.12321117158e-28
3.92	2.15009548487e-28
3.93	1.47864686787e-28
3.94	1.0158313446e-28
3.95	6.97154876884e-29
3.96	4.7795559054e-29
3.97	3.2733808205e-29
3.98	2.23952712991e-29
3.99	1.53061873068e-29
4.0	1.04502989467e-29
4.01	7.12757002556e-30
4.02	4.85629936977e-30
4.03	3.30537456727e-30
4.04	2.24743568896e-30
4.05	1.52652990666e-30
4.06	1.03579760457e-30
4.07	7.0209538326e-31
4.08	4.7541080691e-31
4.09	3.21583521699e-31
4.1	2.17305348216e-31
4.11	1.46689497236e-31
4.12	9.89189930694e-32
4.13	6.66365493573e-32
4.14	4.48432977484e-32
4.15	3.01463612299e-32
4.16	2.02453202092e-32
4.17	1.35820985933e-32
4.18	9.10252049817e-33
4.19	6.09409319334e-33
4.2	4.07576594103e-33
4.21	2.72309114755e-33
4.22	1.81747312442e-33
4.23	1.21178834596e-33
4.24	8.07120870934e-34
4.25	5.37036115644e-34
4.26	3.56961677345e-34
4.27	2.37024345227e-34
4.28	1.57223570107e-34
4.29	1.04182737004e-34
4.3	6.89647802309e-35
4.31	4.56050051245e-35
4.32	3.01266812449e-35
4.33	1.98812542671e-35
4.34	1.31065999094e-35
4.35	8.6315770567e-36
4.36	5.67863793232e-36
4.37	3.73209073776e-36
4.38	2.45027182801e-36
4.39	1.60705398555e-36
4.4	1.05293330082e-36
4.41	6.89168660553e-37
4.42	4.50613823324e-37
4.43	2.9433228318e-37
4.44	1.92055060013e-37
4.45	1.25189567821e-37
4.46	8.1520178887e-38
4.47	5.30294070081e-38
4.48	3.44606246295e-38
4.49	2.23709440529e-38
4.5	1.45077590568e-38
4.51	9.3987755042e-39
4.52	6.08271125254e-39
4.53	3.93258547302e-39
4.54	2.53988613623e-39
4.55	1.63872278927e-39
4.56	1.05621412086e-39
4.57	6.80070186795e-40
4.58	4.37432306841e-40
4.59	2.81075754357e-40
4.6	1.80422786468e-40
4.61	1.15695086972e-40
4.62	7.41129391706e-41
4.63	4.74273439834e-41
4.64	3.03193074132e-41
4.65	1.93626819376e-41
4.66	1.235286134e-41
4.67	7.87273255264e-42
4.68	5.01232661295e-42
4.69	3.18793322707e-42
4.7	2.02551337112e-42
4.71	1.28563329882e-42
4.72	8.15183283187e-43
4.73	5.16356474471e-43
4.74	3.26738455653e-43
4.75	2.06541436931e-43
4.76	1.30427901462e-43
4.77	8.22792345431e-44
4.78	5.18521125371e-44
4.79	3.26436862937e-44
4.8	2.05299795522e-44
4.81	1.28983592866e-44
4.82	8.09537752817e-45
4.83	5.07570622842e-45
4.84	3.17916182087e-45
4.85	1.98923286515e-45
4.86	1.24341328356e-45
4.87	7.76430012569e-46
4.88	4.84335286119e-46
4.89	3.01819253067e-46
4.9	1.87890512637e-46
4.91	1.16847625946e-46
4.92	7.25925601514e-47
4.93	4.50527763569e-47
4.94	2.79324017055e-47
4.95	1.73002476367e-47
4.96	1.07041879922e-47
4.97	6.61625979542e-48
4.98	4.08534589089e-48
4.99	2.52001207242e-48
5.0	1.55286593173e-48
5.01	9.55922975967e-49
5.02	5.87854004019e-49
5.03	3.61138465436e-49
5.04	2.21633674962e-49
5.05	1.35879995236e-49
5.06	8.32210360515e-50
5.07	5.09176764427e-50
5.08	3.11216018864e-50
5.09	1.90026101579e-50
5.1	1.15910443574e-50
5.11	7.06301148543e-51
5.12	4.29947408034e-51
5.13	2.61456159657e-51
5.14	1.58832942822e-51
5.15	9.6391888856e-52
5.16	5.84384439705e-52
5.17	3.53928130697e-52
5.18	2.14136079828e-52
5.19	1.29426432523e-52
5.2	7.8147397742e-53
5.21	4.71372789543e-53
5.22	2.84035735988e-53
5.23	1.70977903223e-53
5.24	1.02817148668e-53
5.25	6.17660360193e-54
5.26	3.70674362534e-54
5.27	2.2222558158e-54
5.28	1.33092712123e-54
5.29	7.9629366088e-55
5.3	4.75938721291e-55
5.31	2.84176169459e-55
5.32	1.69505246637e-55
5.33	1.01003760859e-55
5.34	6.01244188974e-56
5.35	3.57538836971e-56
5.36	2.12400030656e-56
5.37	1.26050619468e-56
5.38	7.47299147871e-57
5.39	4.42591551166e-57
5.4	2.61861057062e-57
5.41	1.54773967312e-57
5.42	9.13869429176e-58
5.43	5.3905075105e-58
5.44	3.17639473731e-58
5.45	1.86981492183e-58
5.46	1.09956814718e-58
5.47	6.45959202686e-59
5.48	3.79094491071e-59
5.49	2.22253871713e-59
5.5	1.30169941324e-59
5.51	7.61608230278e-60
5.52	4.4515589315e-60
5.53	2.59927504879e-60
5.54	1.51618429548e-60
5.55	8.83509915913e-61
5.56	5.14316637008e-61
5.57	2.99095212269e-61
5.58	1.73759326611e-61
5.59	1.00843194821e-61
5.6	5.8466205267e-62
5.61	3.386281743e-62
5.62	1.95930106323e-62
5.63	1.13250256271e-62
5.64	6.53938908697e-63
5.65	3.77220389803e-63
5.66	2.17376788491e-63
5.67	1.25138583606e-63
5.68	7.19663357348e-64
5.69	4.13454444729e-64
5.7	2.37293634796e-64
5.71	1.36051925244e-64
5.72	7.79262009179e-65
5.73	4.45884684138e-65
5.74	2.54871851704e-65
5.75	1.45539705348e-65
5.76	8.30235760078e-66
5.77	4.7313136091e-66
5.78	2.69353374509e-66
5.79	1.53187567426e-66
5.8	8.70332218907e-67
5.81	4.9397739216e-67
5.82	2.80084828082e-67
5.83	1.5864727706e-67
5.84	8.9771031632e-68
5.85	5.07458337876e-68
5.86	2.86566342012e-68
5.87	1.61662989524e-68
5.88	9.11080385734e-69
5.89	5.12936354974e-69
5.9	2.88490147442e-69
5.91	1.62091125203e-69
5.92	9.0980488071e-70
5.93	5.10150231537e-70
5.94	2.85764805825e-70
5.95	1.59911702625e-70
5.96	8.939487748e-71
5.97	4.99236035251e-71
5.98	2.78522413242e-71
5.99	1.5522988334e-71
6.0	8.64274095398e-72
#normalisation = 0.111111111111
#eerste moment n(k)k**2 = 0.0974963771075
#2e moment n(k)k**2 = 0.100637000163
#3e moment n(k)k**2 = 0.113212418295
#4e moment n(k)k**2 = 0.133912098935
#sigma**2 n(k)k**2 = 0.0911314566139
#kurtosis n(k)k**2 = 8.46660413375
#skewness n(k)k**2 = 3.11262667292
