# mass number (A) = 27
# number of protons (Z) = 13
#units k = 1/fm , units n_1(k) = fm^3
# k (1/fm)	tot
0.0	0.0
0.01	1.7636714688e-07
0.02	2.81900335228e-06
0.03	1.42470132805e-05
0.04	4.49207766581e-05
0.05	0.000109335468312
0.06	0.000225873402998
0.07	0.000416616604504
0.08	0.000707121373893
0.09	0.00112615698915
0.1	0.00170541100428
0.11	0.00247916392693
0.12	0.0034839363364
0.13	0.00475811175625
0.14	0.0063415388147
0.15	0.00827511640986
0.16	0.0106003657438
0.17	0.0133589931985
0.18	0.0165924480955
0.19	0.0203414794142
0.2	0.0246456955296
0.21	0.0295431309886
0.22	0.0350698242517
0.23	0.0412594102071
0.24	0.0481427311035
0.25	0.0557474693567
0.26	0.0640978054595
0.27	0.0732141039746
0.28	0.0831126303089
0.29	0.0938053006691
0.3	0.105299467277
0.31	0.117597740584
0.32	0.130697849884
0.33	0.144592543348
0.34	0.159269528166
0.35	0.174711451092
0.36	0.190895919339
0.37	0.207795561419
0.38	0.225378127158
0.39	0.243606625793
0.4	0.262439500739
0.41	0.281830839305
0.42	0.30173061536
0.43	0.322084962692
0.44	0.342836476571
0.45	0.36392454083
0.46	0.385285677575
0.47	0.40685391652
0.48	0.428561180806
0.49	0.450337686078
0.5	0.472112349551
0.51	0.49381320575
0.52	0.51536782564
0.53	0.53670373588
0.54	0.557748834991
0.55	0.578431803353
0.56	0.598682504022
0.57	0.618432371516
0.58	0.637614785888
0.59	0.656165429572
0.6	0.674022624683
0.61	0.691127648688
0.62	0.707425026562
0.63	0.7228627978
0.64	0.737392756888
0.65	0.750970666087
0.66	0.763556439645
0.67	0.775114298778
0.68	0.785612897039
0.69	0.795025415916
0.7	0.803329630747
0.71	0.810507947278
0.72	0.816547409379
0.73	0.82143967868
0.74	0.825180987047
0.75	0.827772063021
0.76	0.829218033489
0.77	0.829528302017
0.78	0.828716405385
0.79	0.826799850006
0.8	0.823799929956
0.81	0.819741528473
0.82	0.814652904796
0.83	0.80856546827
0.84	0.80151354167
0.85	0.793534115688
0.86	0.78466659653
0.87	0.774952548529
0.88	0.764435433641
0.89	0.753160349655
0.9	0.741173768842
0.91	0.728523278737
0.92	0.715257326617
0.93	0.701424969167
0.94	0.687075628714
0.95	0.672258857295
0.96	0.657024109726
0.97	0.641420526683
0.98	0.625496728734
0.99	0.609300622107
1.0	0.592879216849
1.01	0.57627845795
1.02	0.559543069839
1.03	0.542716414578
1.04	0.525840363946
1.05	0.50895518551
1.06	0.49209944267
1.07	0.475309908573
1.08	0.458621493688
1.09	0.442067186772
1.1	0.425678008855
1.11	0.409482979826
1.12	0.393509097112
1.13	0.377781325921
1.14	0.362322600441
1.15	0.34715383536
1.16	0.332293947055
1.17	0.317759883735
1.18	0.303566663845
1.19	0.289727421999
1.2	0.276253461706
1.21	0.263154314179
1.22	0.250437802482
1.23	0.238110110313
1.24	0.226175854724
1.25	0.214638162096
1.26	0.203498746718
1.27	0.192757991342
1.28	0.182415029105
1.29	0.17246782627
1.3	0.162913265227
1.31	0.153747227283
1.32	0.14496467476
1.33	0.136559731985
1.34	0.128525764781
1.35	0.120855458123
1.36	0.113540891627
1.37	0.106573612614
1.38	0.0999447065134
1.39	0.0936448643851
1.4	0.0876644474111
1.41	0.0819935482096
1.42	0.0766220488705
1.43	0.0715396756353
1.44	0.0667360501738
1.45	0.0622007374353
1.46	0.0579232900754
1.47	0.0538932894817
1.48	0.050100383441
1.49	0.0465343205105
1.5	0.0431849811681
1.51	0.0400424058339
1.52	0.0370968198668
1.53	0.0343386556489
1.54	0.0317585718807
1.55	0.0293474702174
1.56	0.0270965093809
1.57	0.0249971168872
1.58	0.0230409985317
1.59	0.0212201457756
1.6	0.0195268411784
1.61	0.0179536620185
1.62	0.0164934822458
1.63	0.0151394729038
1.64	0.0138851011582
1.65	0.0127241280645
1.66	0.0116506052014
1.67	0.0106588702947
1.68	0.00974354194673
1.69	0.00889951358619
1.7	0.00812194674205
1.71	0.00740626374316
1.72	0.00674813993687
1.73	0.00614349551453
1.74	0.00558848702557
1.75	0.00507949865544
1.76	0.00461313333696
1.77	0.00418620375855
1.78	0.00379572332704
1.79	0.00343889713725
1.8	0.00311311299523
1.81	0.0028159325369
1.82	0.00254508247874
1.83	0.00229844603307
1.84	0.00207405451545
1.85	0.00187007916828
1.86	0.00168482322039
1.87	0.00151671419916
1.88	0.00136429650829
1.89	0.00122622428133
1.9	0.00110125451859
1.91	0.000988240512023
1.92	0.000886125561071
1.93	0.000793936979826
1.94	0.000710780394531
1.95	0.000635834328555
1.96	0.000568345070712
1.97	0.000507621821534
1.98	0.000453032111113
1.99	0.000403997481194
2.0	0.000359989423538
2.01	0.000320525565924
2.02	0.000285166096754
2.03	0.000253510418823
2.04	0.000225194022611
2.05	0.000199885569282
2.06	0.000177284173509
2.07	0.000157116876253
2.08	0.000139136297683
2.09	0.000123118460573
2.1	0.000108860774652
2.11	9.61801726327e-05
2.12	8.49113888727e-05
2.13	7.49053719096e-05
2.14	6.60278224168e-05
2.15	5.81578484402e-05
2.16	5.11867301127e-05
2.17	4.50167863882e-05
2.18	3.95603366821e-05
2.19	3.47387506568e-05
2.2	3.04815797426e-05
2.21	2.67257643292e-05
2.22	2.34149109074e-05
2.23	2.04986337728e-05
2.24	1.79319562333e-05
2.25	1.56747665766e-05
2.26	1.36913243604e-05
2.27	1.19498128841e-05
2.28	1.0421933981e-05
2.29	9.08254154164e-06
2.3	7.90931043552e-06
2.31	6.88243774123e-06
2.32	5.98437342863e-06
2.33	5.19957785274e-06
2.34	4.51430362569e-06
2.35	3.91639962602e-06
2.36	3.39513508566e-06
2.37	2.94104186431e-06
2.38	2.54577317883e-06
2.39	2.2019772027e-06
2.4	1.90318408706e-06
2.41	1.64370508197e-06
2.42	1.41854255375e-06
2.43	1.22330980299e-06
2.44	1.0541596877e-06
2.45	9.07721148478e-07
2.46	7.81042817046e-07
2.47	6.71542967366e-07
2.48	5.76965139833e-07
2.49	4.95338834012e-07
2.5	4.24944725029e-07
2.51	3.6428391287e-07
2.52	3.12050763292e-07
2.53	2.67108943925e-07
2.54	2.28470299881e-07
2.55	1.95276250193e-07
2.56	1.66781419782e-07
2.57	1.42339251939e-07
2.58	1.21389373566e-07
2.59	1.03446510054e-07
2.6	8.80907687987e-08
2.61	7.49591302947e-08
2.62	6.37380036244e-08
2.63	5.41567192029e-08
2.64	4.5981846003e-08
2.65	3.90122333415e-08
2.66	3.307468879e-08
2.67	2.80202140218e-08
2.68	2.37207295408e-08
2.69	2.00662273702e-08
2.7	1.69622980087e-08
2.71	1.43279843861e-08
2.72	1.2093921244e-08
2.73	1.02007234193e-08
2.74	8.59759097248e-09
2.75	7.24110305758e-09
2.76	6.0941759136e-09
2.77	5.12516343977e-09
2.78	4.30708152493e-09
2.79	3.61693968967e-09
2.8	3.03516569749e-09
2.81	2.54511063448e-09
2.82	2.13262357386e-09
2.83	1.78568635847e-09
2.84	1.49410027522e-09
2.85	1.24921748002e-09
2.86	1.04371097991e-09
2.87	8.71377805852e-10
2.88	7.26970731269e-10
2.89	6.06054519064e-10
2.9	5.04883226589e-10
2.91	4.20295572831e-10
2.92	3.49625784526e-10
2.93	2.90627695613e-10
2.94	2.41410184378e-10
2.95	2.00382301013e-10
2.96	1.66206670342e-10
2.97	1.37759954958e-10
2.98	1.1409933709e-10
2.99	9.44341267096e-11
3.0	7.8101731929e-11
3.01	6.45473383922e-11
3.02	5.33067394423e-11
3.03	4.39918405654e-11
3.04	3.62784317137e-11
3.05	2.98958812146e-11
3.06	2.46184564542e-11
3.07	2.02580205754e-11
3.08	1.66578920902e-11
3.09	1.36876864712e-11
3.1	1.12389862337e-11
3.11	9.22170941684e-12
3.12	7.56106630397e-12
3.13	6.19501117555e-12
3.14	5.07211030918e-12
3.15	4.14975968329e-12
3.16	3.39269623334e-12
3.17	2.7717553186e-12
3.18	2.26283452006e-12
3.19	1.84603020474e-12
3.2	1.50491863146e-12
3.21	1.22595788368e-12
3.22	9.97990721608e-13
3.23	8.11831656435e-13
3.24	6.59924253467e-13
3.25	5.36056947867e-13
3.26	4.35127570929e-13
3.27	3.52948393568e-13
3.28	2.86084844142e-13
3.29	2.31722190449e-13
3.3	1.87555424979e-13
3.31	1.51698387324e-13
3.32	1.22608822521e-13
3.33	9.90266298799e-14
3.34	7.99230209216e-14
3.35	6.44586923085e-14
3.36	5.19494424735e-14
3.37	4.18379295405e-14
3.38	3.36704919115e-14
3.39	2.70781389646e-14
3.4	2.1760973897e-14
3.41	1.74754390616e-14
3.42	1.40238805728e-14
3.43	1.12460171445e-14
3.44	9.01197113976e-15
3.45	7.21658021587e-15
3.46	5.77475787293e-15
3.47	4.61771244759e-15
3.48	3.68986811481e-15
3.49	2.94635951084e-15
3.5	2.35099469766e-15
3.51	1.87460020694e-15
3.52	1.49367754265e-15
3.53	1.18931337258e-15
3.54	9.4629619079e-16
3.55	7.52400888073e-16
3.56	5.97809762341e-16
3.57	4.74644310461e-16
3.58	3.7658689754e-16
3.59	2.98575286592e-16
3.6	2.36556186988e-16
3.61	1.87286572034e-16
3.62	1.48173629948e-16
3.63	1.17145935178e-16
3.64	9.25498296576e-17
3.65	7.30661447339e-17
3.66	5.76433221673e-17
3.67	4.54437460631e-17
3.68	3.58007090872e-17
3.69	2.81839321922e-17
3.7	2.21719588526e-17
3.71	1.74300700851e-17
3.72	1.36926296547e-17
3.73	1.07489815477e-17
3.74	8.43219355435e-18
3.75	6.61007941402e-18
3.76	5.1780437364e-18
3.77	4.05338395607e-18
3.78	3.17075606307e-18
3.79	2.4785691578e-18
3.8	1.93612073991e-18
3.81	1.51132227385e-18
3.82	1.17889477213e-18
3.83	9.18938349595e-19
3.84	7.15799100001e-19
3.85	5.57172174153e-19
3.86	4.33392359389e-19
3.87	3.36873386897e-19
3.88	2.61665120908e-19
3.89	2.03104109556e-19
3.9	1.57538020955e-19
3.91	1.22108506331e-19
3.92	9.45802308144e-20
3.93	7.32063569961e-20
3.94	5.6622788579e-20
3.95	4.37650875855e-20
3.96	3.3803253029e-20
3.97	2.60905595326e-20
3.98	2.01234550436e-20
3.99	1.55101506496e-20
4.0	1.19460369237e-20
4.01	9.19445755418e-21
4.02	7.07168404497e-21
4.03	5.43518230532e-21
4.04	4.17445675665e-21
4.05	3.20391107893e-21
4.06	2.45728557456e-21
4.07	1.88332620564e-21
4.08	1.44241510233e-21
4.09	1.10395104963e-21
4.1	8.44314539342e-22
4.11	6.45288113537e-22
4.12	4.92831046383e-22
4.13	3.76129588163e-22
4.14	2.86861347204e-22
4.15	2.18625952023e-22
4.16	1.66504734553e-22
4.17	1.26720448874e-22
4.18	9.6374493395e-23
4.19	7.32441344977e-23
4.2	5.56261471045e-23
4.21	4.22163362914e-23
4.22	3.20167747428e-23
4.23	2.42644329025e-23
4.24	1.83763088842e-23
4.25	1.39072747957e-23
4.26	1.0517716306e-23
4.27	7.9487086096e-24
4.28	6.00298769542e-24
4.29	4.53037473607e-24
4.3	3.4166197063e-24
4.31	2.57486842228e-24
4.32	1.93914091286e-24
4.33	1.45935069539e-24
4.34	1.09750367741e-24
4.35	8.24799437688e-25
4.36	6.19422287929e-25
4.37	4.648592119e-25
4.38	3.48619951994e-25
4.39	2.61263813068e-25
4.4	1.95660225369e-25
4.41	1.4642733057e-25
4.42	1.09506043644e-25
4.43	8.18371356254e-26
4.44	6.11165992151e-26
4.45	4.56104553898e-26
4.46	3.40146607822e-26
4.47	2.53492098728e-26
4.48	1.88781440603e-26
4.49	1.40491739425e-26
4.5	1.04481391136e-26
4.51	7.7646843406e-27
4.52	5.76640847172e-27
4.53	4.27940882916e-27
4.54	3.17364955293e-27
4.55	2.35196584547e-27
4.56	1.74180664097e-27
4.57	1.2890382342e-27
4.58	9.53297861165e-28
4.59	7.04512067902e-28
4.6	5.20289773214e-28
4.61	3.83971696634e-28
4.62	2.83171956931e-28
4.63	2.08688449741e-28
4.64	1.53689345164e-28
4.65	1.13106175815e-28
4.66	8.31813804906e-29
4.67	6.11312405422e-29
4.68	4.48949620907e-29
4.69	3.29480228167e-29
4.7	2.41634248287e-29
4.71	1.77086329799e-29
4.72	1.29690759656e-29
4.73	9.49140518745e-30
4.74	6.94143896038e-30
4.75	5.07301390345e-30
4.76	3.70493145013e-30
4.77	2.70390802295e-30
4.78	1.97197451112e-30
4.79	1.43717070823e-30
4.8	1.04667807207e-30
4.81	7.61755563741e-31
4.82	5.54007846517e-31
4.83	4.02637294737e-31
4.84	2.92421914992e-31
4.85	2.12228497181e-31
4.86	1.53920113785e-31
4.87	1.1155395651e-31
4.88	8.0792777029e-32
4.89	5.84733639808e-32
4.9	4.22903849613e-32
4.91	3.05649185171e-32
4.92	2.20751122528e-32
4.93	1.59323817074e-32
4.94	1.14909680592e-32
4.95	8.28191357103e-33
4.96	5.96489716546e-33
4.97	4.2931241402e-33
4.98	3.08775035271e-33
4.99	2.21926512715e-33
5.0	1.59394929258e-33
5.01	1.14403192863e-33
5.02	8.20540739566e-34
5.03	5.88112673718e-34
5.04	4.21230047062e-34
5.05	3.01492552124e-34
5.06	2.15641479088e-34
5.07	1.54129763225e-34
5.08	1.10087812599e-34
5.09	7.85761095909e-35
5.1	5.60454521903e-35
5.11	3.99474290318e-35
5.12	2.84535145516e-35
5.13	2.02526405562e-35
5.14	1.44054248565e-35
5.15	1.02392746592e-35
5.16	7.2729574111e-36
5.17	5.16239999804e-36
5.18	3.66176981547e-36
5.19	2.59554901673e-36
5.2	1.83851111744e-36
5.21	1.30137404747e-36
5.22	9.20527788261e-37
5.23	6.50684662142e-37
5.24	4.59624494735e-37
5.25	3.24440240495e-37
5.26	2.28857548438e-37
5.27	1.61322435364e-37
5.28	1.1363793235e-37
5.29	7.99928049419e-38
5.3	5.62700887989e-38
5.31	3.95551805643e-38
5.32	2.7786142674e-38
5.33	1.95052847002e-38
5.34	1.36828161418e-38
5.35	9.59175058288e-39
5.36	6.71922948389e-39
5.37	4.70370746736e-39
5.38	3.29048860167e-39
5.39	2.30027497983e-39
5.4	1.60693541129e-39
5.41	1.12180251573e-39
5.42	7.82589006577e-40
5.43	5.4556995181e-40
5.44	3.80072573244e-40
5.45	2.64595241631e-40
5.46	1.84075911603e-40
5.47	1.27970935017e-40
5.48	8.89047982279e-41
5.49	6.17217958384e-41
5.5	4.28204693512e-41
5.51	2.96868303274e-41
5.52	2.05672295712e-41
5.53	1.42392573785e-41
5.54	9.85141204215e-42
5.55	6.81097440531e-42
5.56	4.70565033718e-42
5.57	3.24885043367e-42
5.58	2.24150372362e-42
5.59	1.54542848203e-42
5.6	1.06477557486e-42
5.61	7.33106363337e-43
5.62	5.04400674502e-43
5.63	3.46804008227e-43
5.64	2.38282614947e-43
5.65	1.63606451691e-43
5.66	1.12255681905e-43
5.67	7.69690447414e-44
5.68	5.27380099105e-44
5.69	3.61103147663e-44
5.7	2.4708064439e-44
5.71	1.68945298285e-44
5.72	1.15439236762e-44
5.73	7.88244146245e-45
5.74	5.37858518131e-45
5.75	3.6675441909e-45
5.76	2.49909454129e-45
5.77	1.70172767021e-45
5.78	1.15797050535e-45
5.79	7.87417413901e-46
5.8	5.35072499817e-46
5.81	3.6334598275e-46
5.82	2.46563183526e-46
5.83	1.67199989739e-46
5.84	1.13303788971e-46
5.85	7.67278107483e-47
5.86	5.19231921614e-47
5.87	3.51131816663e-47
5.88	2.37289882389e-47
5.89	1.60246485901e-47
5.9	1.08142917217e-47
5.91	7.29302893704e-48
5.92	4.91493862978e-48
5.93	3.31000450974e-48
5.94	2.22761129713e-48
5.95	1.49813377333e-48
5.96	1.00684391795e-48
5.97	6.76198334864e-49
5.98	4.53822944331e-49
5.99	3.04368163358e-49
6.0	2.0399167161e-49
#normalisation = 0.407407407407
#eerste moment n(k)k**2 = 0.399306597369
#2e moment n(k)k**2 = 0.420244473415
#3e moment n(k)k**2 = 0.470729615589
#4e moment n(k)k**2 = 0.557339174505
#sigma**2 n(k)k**2 = 0.260798714713
#kurtosis n(k)k**2 = -1.07036855493
#skewness n(k)k**2 = 0.710630385568
