# mass number (A) = 9
# number of protons (Z) = 4
#units k = 1/fm , units n_1(k) = fm^3
# k (1/fm)	tot
0.0	4.24268461326
0.01	4.24157507377
0.02	4.23824819599
0.03	4.23270919743
0.04	4.22496675878
0.05	4.21503300124
0.06	4.20292345492
0.07	4.18865701834
0.08	4.17225590934
0.09	4.15374560736
0.1	4.13315478753
0.11	4.11051524664
0.12	4.08586182132
0.13	4.05923229871
0.14	4.03066732001
0.15	4.00021027713
0.16	3.96790720288
0.17	3.93380665515
0.18	3.89795959532
0.19	3.86041926148
0.2	3.8212410369
0.21	3.78048231401
0.22	3.73820235465
0.23	3.69446214678
0.24	3.64932425841
0.25	3.60285268894
0.26	3.55511271867
0.27	3.50617075683
0.28	3.45609418861
0.29	3.40495122179
0.3	3.35281073334
0.31	3.29974211651
0.32	3.24581512892
0.33	3.19109974203
0.34	3.13566599251
0.35	3.07958383585
0.36	3.02292300279
0.37	2.96575285873
0.38	2.90814226676
0.39	2.85015945445
0.4	2.79187188491
0.41	2.73334613231
0.42	2.67464776224
0.43	2.6158412172
0.44	2.5569897073
0.45	2.49815510665
0.46	2.43939785547
0.47	2.38077686808
0.48	2.32234944704
0.49	2.26417120344
0.5	2.20629598358
0.51	2.14877580188
0.52	2.09166078037
0.53	2.03499909453
0.54	1.97883692558
0.55	1.92321841926
0.56	1.86818565091
0.57	1.81377859689
0.58	1.76003511223
0.59	1.70699091438
0.6	1.65467957293
0.61	1.60313250521
0.62	1.55237897748
0.63	1.50244611173
0.64	1.45335889771
0.65	1.40514021006
0.66	1.35781083037
0.67	1.31138947385
0.68	1.26589282045
0.69	1.22133555013
0.7	1.17773038209
0.71	1.13508811761
0.72	1.09341768633
0.73	1.05272619571
0.74	1.01301898326
0.75	0.974299671506
0.76	0.936570225167
0.77	0.89983101053
0.78	0.864080856563
0.79	0.829317117615
0.8	0.795535737418
0.81	0.762731314137
0.82	0.730897166241
0.83	0.700025398948
0.84	0.670106971019
0.85	0.64113176168
0.86	0.613088637471
0.87	0.585965518801
0.88	0.559749446036
0.89	0.534426644929
0.9	0.509982591219
0.91	0.486402074242
0.92	0.463669259403
0.93	0.441767749369
0.94	0.420680643853
0.95	0.400390597873
0.96	0.380879878385
0.97	0.362130419181
0.98	0.344123873983
0.99	0.326841667648
1.0	0.310265045422
1.01	0.294375120197
1.02	0.27915291771
1.03	0.264579419675
1.04	0.250635604793
1.05	0.237302487653
1.06	0.224561155489
1.07	0.212392802818
1.08	0.200778763947
1.09	0.18970054337
1.1	0.179139844085
1.11	0.169078593847
1.12	0.159498969393
1.13	0.150383418689
1.14	0.141714681217
1.15	0.13347580639
1.16	0.1256501701
1.17	0.118221489501
1.18	0.111173836044
1.19	0.104491646863
1.2	0.0981597345445
1.21	0.0921632953709
1.22	0.0864879160848
1.23	0.0811195792595
1.24	0.0760446673336
1.25	0.0712499653852
1.26	0.0667226627127
1.27	0.0624503532944
1.28	0.0584210351932
1.29	0.0546231089789
1.3	0.051045375232
1.31	0.047677031199
1.32	0.0445076666621
1.33	0.0415272590894
1.34	0.0387261681253
1.35	0.0360951294842
1.36	0.0336252483041
1.37	0.0313079920179
1.38	0.0291351827953
1.39	0.0270989896094
1.4	0.0251919199761
1.41	0.0234068114156
1.42	0.0217368226799
1.43	0.0201754247901
1.44	0.0187163919238
1.45	0.017353792191
1.46	0.0160819783341
1.47	0.0148955783862
1.48	0.013789486318
1.49	0.0127588527034
1.5	0.0117990754297
1.51	0.0109057904782
1.52	0.0100748627964
1.53	0.00930237728372
1.54	0.00858462990876
1.55	0.00791811897461
1.56	0.00729953654783
1.57	0.00672576006386
1.58	0.00619384412059
1.59	0.00570101247017
1.6	0.00524465021746
1.61	0.00482229623247
1.62	0.00443163578244
1.63	0.00407049338821
1.64	0.00373682590839
1.65	0.00342871585352
1.66	0.00314436493181
1.67	0.00288208782664
1.68	0.00264030620563
1.69	0.00241754295997
1.7	0.0022124166721
1.71	0.00202363630932
1.72	0.00184999614007
1.73	0.00169037086929
1.74	0.00154371098891
1.75	0.00140903833869
1.76	0.00128544187285
1.77	0.00117207362716
1.78	0.00106814488122
1.79	0.000972922510156
1.8	0.000885725520174
1.81	0.000805921761844
1.82	0.000732924815264
1.83	0.000666191040952
1.84	0.0006052167904
1.85	0.000549535770166
1.86	0.000498716553415
1.87	0.000452360232864
1.88	0.000410098209142
1.89	0.000371590108651
1.9	0.000336521825129
1.91	0.000304603679199
1.92	0.000275568690336
1.93	0.0002491709558
1.94	0.000225184131235
1.95	0.000203400007781
1.96	0.000183627180698
1.97	0.000165689804672
1.98	0.00014942643113
1.99	0.000134688923057
2.0	0.00012134144299
2.01	0.000109259510012
2.02	9.83291217617e-05
2.03	8.84459376336e-05
2.04	7.95145194984e-05
2.05	7.14476264644e-05
2.06	6.41655603415e-05
2.07	5.7595558638e-05
2.08	5.16712320756e-05
2.09	4.63320437589e-05
2.1	4.1522827284e-05
2.11	3.71933412144e-05
2.12	3.32978574914e-05
2.13	2.97947814806e-05
2.14	2.66463014846e-05
2.15	2.3818065678e-05
2.16	2.12788845393e-05
2.17	1.90004569698e-05
2.18	1.69571183968e-05
2.19	1.51256092686e-05
2.2	1.3484862441e-05
2.21	1.20158080584e-05
2.22	1.07011946155e-05
2.23	9.52542497786e-06
2.24	8.47440621569e-06
2.25	7.53541218647e-06
2.26	6.69695787187e-06
2.27	5.94868454479e-06
2.28	5.28125490659e-06
2.29	4.6862573957e-06
2.3	4.15611892622e-06
2.31	3.68402536885e-06
2.32	3.26384913747e-06
2.33	2.89008329144e-06
2.34	2.55778160877e-06
2.35	2.26250412611e-06
2.36	2.00026768061e-06
2.37	1.76750102484e-06
2.38	1.56100411928e-06
2.39	1.37791123855e-06
2.4	1.21565755657e-06
2.41	1.07194890284e-06
2.42	9.44734407141e-07
2.43	8.32181773348e-07
2.44	7.32654944475e-07
2.45	6.44693941044e-07
2.46	5.66996673353e-07
2.47	4.98402545163e-07
2.48	4.37877682084e-07
2.49	3.84501632384e-07
2.5	3.37455401261e-07
2.51	2.96010691917e-07
2.52	2.59520237983e-07
2.53	2.27409122249e-07
2.54	1.99166986109e-07
2.55	1.74341042838e-07
2.56	1.5252981581e-07
2.57	1.33377530035e-07
2.58	1.1656909207e-07
2.59	1.01825599461e-07
2.6	8.89003264181e-08
2.61	7.75751375079e-08
2.62	6.76572857583e-08
2.63	5.89765557913e-08
2.64	5.13827164135e-08
2.65	4.47432505813e-08
2.66	3.89413338138e-08
2.67	3.38740349946e-08
2.68	2.94507161054e-08
2.69	2.55916097872e-08
2.7	2.22265557615e-08
2.71	1.92938790692e-08
2.72	1.67393948335e-08
2.73	1.45155258246e-08
2.74	1.25805205278e-08
2.75	1.08977606984e-08
2.76	9.43514854269e-09
2.77	8.16456470297e-09
2.78	7.06138916324e-09
2.79	6.10407803169e-09
2.8	5.27378991368e-09
2.81	4.554056267e-09
2.82	3.93049074048e-09
2.83	3.39053304308e-09
2.84	2.92322337915e-09
2.85	2.51900392369e-09
2.86	2.16954420279e-09
2.87	1.86758759422e-09
2.88	1.6068164759e-09
2.89	1.38173382879e-09
2.9	1.18755934955e-09
2.91	1.02013834999e-09
2.92	8.75861917856e-10
2.93	7.51596989253e-10
2.94	6.44625139054e-10
2.95	5.52589034873e-10
2.96	4.73445623244e-10
2.97	4.05425226216e-10
2.98	3.46995823634e-10
2.99	2.96831882391e-10
3.0	2.53787170105e-10
3.01	2.16871058117e-10
3.02	1.85227878305e-10
3.03	1.58118950929e-10
3.04	1.34906947217e-10
3.05	1.15042291523e-10
3.06	9.8051344059e-11
3.07	8.35261371664e-11
3.08	7.11154661805e-11
3.09	6.05171607066e-11
3.1	5.14713838837e-11
3.11	4.37548263465e-11
3.12	3.71756784002e-11
3.13	3.15692786753e-11
3.14	2.67943504676e-11
3.15	2.27297483126e-11
3.16	1.92716472812e-11
3.17	1.63311161811e-11
3.18	1.38320234607e-11
3.19	1.17092312667e-11
3.2	9.90703891792e-12
3.21	8.37784213745e-12
3.22	7.0809788121e-12
3.23	5.98173591207e-12
3.24	5.0504955688e-12
3.25	4.2620012406e-12
3.26	3.5947274465e-12
3.27	3.03033876745e-12
3.28	2.55322574253e-12
3.29	2.15010696268e-12
3.3	1.80968811856e-12
3.31	1.52237002056e-12
3.32	1.27999870218e-12
3.33	1.07565166564e-12
3.34	9.034551487e-13
3.35	7.5842800125e-13
3.36	6.36348374158e-13
3.37	5.33639953041e-13
3.38	4.47274927651e-13
3.39	3.7469128286e-13
3.4	3.13722338144e-13
3.41	2.62536756354e-13
3.42	2.1958749568e-13
3.43	1.83568396677e-13
3.44	1.53377283671e-13
3.45	1.28084621103e-13
3.46	1.06906903866e-13
3.47	8.91840796194e-14
3.48	7.43604031752e-14
3.49	6.19682105555e-14
3.5	5.16141753817e-14
3.51	4.29676745109e-14
3.52	3.5750944861e-14
3.53	2.97307604314e-14
3.54	2.4711398769e-14
3.55	2.0528700514e-14
3.56	1.70450550192e-14
3.57	1.41451700969e-14
3.58	1.1732505312e-14
3.59	9.72626645794e-15
3.6	8.05887436452e-15
3.61	6.67383439479e-15
3.62	5.5239442236e-15
3.63	4.56978704491e-15
3.64	3.77846547174e-15
3.65	3.12253828657e-15
3.66	2.57912804985e-15
3.67	2.12917253687e-15
3.68	1.75679717843e-15
3.69	1.44878924427e-15
3.7	1.19415752431e-15
3.71	9.83763814915e-16
3.72	8.10014675512e-16
3.73	6.666037445e-16
3.74	5.48296443514e-16
3.75	4.50750199156e-16
3.76	3.70364407803e-16
3.77	3.04155293539e-16
3.78	2.49651588078e-16
3.79	2.04807617312e-16
3.8	1.67930930972e-16
3.81	1.37622075921e-16
3.82	1.12724503704e-16
3.83	9.22829305678e-17
3.84	7.55087432202e-17
3.85	6.17512743484e-17
3.86	5.04739653803e-17
3.87	4.12345961021e-17
3.88	3.36688965178e-17
3.89	2.74769699716e-17
3.9	2.24120516073e-17
3.91	1.82712056987e-17
3.92	1.48876317726e-17
3.93	1.21243048745e-17
3.94	9.86872158475e-18
3.95	8.02856196606e-18
3.96	6.52810977705e-18
3.97	5.3053000672e-18
3.98	4.30928556562e-18
3.99	3.49843182539e-18
4.0	2.83866650992e-18
4.01	2.30212102593e-18
4.02	1.86601335287e-18
4.03	1.51172975522e-18
4.04	1.22407039383e-18
4.05	9.90629929361e-19
4.06	8.01289246395e-19
4.07	6.47798595746e-19
4.08	5.23435903595e-19
4.09	4.22726849786e-19
4.1	3.41215676935e-19
4.11	2.75277640965e-19
4.12	2.21965622835e-19
4.13	1.78884749116e-19
4.14	1.44089964053e-19
4.15	1.16002398316e-19
4.16	9.33411230503e-20
4.17	7.50674898522e-20
4.18	6.03397608291e-20
4.19	4.84761469495e-20
4.2	3.89247131369e-20
4.21	3.12388880237e-20
4.22	2.50575456678e-20
4.23	2.00888147133e-20
4.24	1.60969247615e-20
4.25	1.28915261395e-20
4.26	1.03190227848e-20
4.27	8.25554269274e-21
4.28	6.60123969206e-21
4.29	5.27567696551e-21
4.3	4.21408903358e-21
4.31	3.36435671578e-21
4.32	2.68456043502e-21
4.33	2.14100238983e-21
4.34	1.7066086293e-21
4.35	1.35963877292e-21
4.36	1.08264472184e-21
4.37	8.6163077714e-22
4.38	6.85376583509e-22
4.39	5.4489163349e-22
4.4	4.3297601136e-22
4.41	3.43866881029e-22
4.42	2.7295413764e-22
4.43	2.1655181748e-22
4.44	1.71714433903e-22
4.45	1.36089491168e-22
4.46	1.07799115271e-22
4.47	8.53451058155e-23
4.48	6.75328167571e-23
4.49	5.34101657574e-23
4.5	4.22187922897e-23
4.51	3.33549661368e-23
4.52	2.63383170273e-23
4.53	2.07868343912e-23
4.54	1.63968909997e-23
4.55	1.29272897074e-23
4.56	1.01865300842e-23
4.57	8.02265064906e-24
4.58	6.31513019135e-24
4.59	4.96843433099e-24
4.6	3.90687591673e-24
4.61	3.07052403124e-24
4.62	2.4119494507e-24
4.63	1.89363695788e-24
4.64	1.48592900081e-24
4.65	1.1653924901e-24
4.66	9.13522376564e-25
4.67	7.15713127186e-25
4.68	5.6044318739e-25
4.69	4.38628679391e-25
4.7	3.43111498537e-25
4.71	2.68254082035e-25
4.72	2.09618797145e-25
4.73	1.63714417851e-25
4.74	1.277957615e-25
4.75	9.97054253585e-26
4.76	7.77488456061e-26
4.77	6.05957167349e-26
4.78	4.72022523586e-26
4.79	3.67499147994e-26
4.8	2.85971510353e-26
4.81	2.22413948443e-26
4.82	1.72891678029e-26
4.83	1.34325658181e-26
4.84	1.04307775466e-26
4.85	8.09556581984e-27
4.86	6.27986852068e-27
4.87	4.86885356153e-27
4.88	3.77290345839e-27
4.89	2.92211625994e-27
4.9	2.26199743239e-27
4.91	1.75008661312e-27
4.92	1.35331780716e-27
4.93	1.04595468218e-27
4.94	8.079765545e-28
4.95	6.23817376114e-28
4.96	4.8138105557e-28
4.97	3.71272977186e-28
4.98	2.86200576806e-28
4.99	2.2050603861e-28
5.0	1.69802190381e-28
5.01	1.30688961685e-28
5.02	1.00532699721e-28
5.03	7.7294501665e-29
5.04	5.93967491427e-29
5.05	4.5619400021e-29
5.06	3.50194467514e-29
5.07	2.68684003331e-29
5.08	2.06037920923e-29
5.09	1.57915705757e-29
5.1	1.20969618425e-29
5.11	9.26190056904e-30
5.12	7.08755980189e-30
5.13	5.42083485455e-30
5.14	4.14389207109e-30
5.15	3.16609187175e-30
5.16	2.41775009195e-30
5.17	1.84532184329e-30
5.18	1.40768555815e-30
5.19	1.07327745312e-30
5.2	8.17882988801e-31
5.21	6.22935617447e-31
5.22	4.74207009622e-31
5.23	3.60799223293e-31
5.24	2.7436962961e-31
5.25	2.08535164263e-31
5.26	1.58414663189e-31
5.27	1.20277467877e-31
5.28	9.12737708799e-32
5.29	6.92277997021e-32
5.3	5.2479281691e-32
5.31	3.97619847115e-32
5.32	3.01107133446e-32
5.33	2.27901326606e-32
5.34	1.72403262672e-32
5.35	1.30351768026e-32
5.36	9.85056611331e-33
5.37	7.44009143213e-33
5.38	5.61653117214e-33
5.39	4.2377066794e-33
5.4	3.19570314958e-33
5.41	2.40865604222e-33
5.42	1.81449577572e-33
5.43	1.36618638977e-33
5.44	1.02810333026e-33
5.45	7.73279319823e-34
5.46	5.81311405561e-34
5.47	4.36771317486e-34
5.48	3.27998755491e-34
5.49	2.46185856816e-34
5.5	1.84682957798e-34
5.51	1.38472445381e-34
5.52	1.03770215965e-34
5.53	7.77239561004e-35
5.54	5.81848465701e-35
5.55	4.35349156674e-35
5.56	3.25565472483e-35
5.57	2.43339040293e-35
5.58	1.8178500657e-35
5.59	1.35730405939e-35
5.6	1.0129057911e-35
5.61	7.55498799758e-36
5.62	5.63211250762e-36
5.63	4.19644642694e-36
5.64	3.12510679372e-36
5.65	2.32605972277e-36
5.66	1.73041263665e-36
5.67	1.28662300702e-36
5.68	9.56149421461e-37
5.69	7.1018752374e-37
5.7	5.2722152004e-37
5.71	3.91188462714e-37
5.72	2.90102696048e-37
5.73	2.15025670482e-37
5.74	1.59294827732e-37
5.75	1.17946717022e-37
5.76	8.72856515222e-38
5.77	6.45613610305e-38
5.78	4.77282284746e-38
5.79	3.52655589052e-38
5.8	2.60434818192e-38
5.81	1.92229545317e-38
5.82	1.41812348777e-38
5.83	1.04563660884e-38
5.84	7.70584604855e-39
5.85	5.67587333322e-39
5.86	4.17847569137e-39
5.87	3.07450981263e-39
5.88	2.26103198193e-39
5.89	1.66192088585e-39
5.9	1.22091886575e-39
5.91	8.9647066278e-40
5.92	6.57897411026e-40
5.93	4.82561968421e-40
5.94	3.53769855212e-40
5.95	2.59215743377e-40
5.96	1.89834325711e-40
5.97	1.38950761668e-40
5.98	1.01652938614e-40
5.99	7.43278828267e-41
6.0	5.43195802622e-41
#normalisation = 0.444444444444
#eerste moment n(k)k**2 = 0.310093838984
#2e moment n(k)k**2 = 0.254888318852
#3e moment n(k)k**2 = 0.237117891645
#4e moment n(k)k**2 = 0.243630206577
#sigma**2 n(k)k**2 = 0.158730129876
#kurtosis n(k)k**2 = -0.268000559032
#skewness n(k)k**2 = 0.943018796454
