# mass number (A) = 48
# number of protons (Z) = 20
#units k = 1/fm , units n_1(k) = fm^3
# k (1/fm)	tot
0.0	0.0
0.01	1.39167948309e-11
0.02	8.89619078831e-10
0.03	1.01133054706e-08
0.04	5.66661387372e-08
0.05	2.15396363739e-07
0.06	6.40379035187e-07
0.07	1.60651837822e-06
0.08	3.55845786624e-06
0.09	7.16568979723e-06
0.1	1.33826025808e-05
0.11	2.3512072872e-05
0.12	3.92711034709e-05
0.13	6.28569284924e-05
0.14	9.70119561704e-05
0.15	0.000145085897791
0.16	0.000211093439138
0.17	0.000299765848444
0.18	0.000416594981699
0.19	0.000567868241128
0.2	0.0007606931644
0.21	0.00100301046848
0.22	0.00130359454085
0.23	0.00167204055921
0.24	0.00211873762557
0.25	0.00265482751908
0.26	0.00329214889929
0.27	0.00404316702573
0.28	0.00492088929527
0.29	0.00593876713316
0.3	0.00711058500221
0.31	0.00845033751463
0.32	0.00997209583758
0.33	0.0116898647751
0.34	0.0136174320804
0.35	0.0157682117046
0.36	0.0181550828116
0.37	0.020790226492
0.38	0.0236849621806
0.39	0.0268495858257
0.4	0.0302932118745
0.41	0.0340236211236
0.42	0.0380471164405
0.43	0.0423683882898
0.44	0.046990391898
0.45	0.0519142377664
0.46	0.0571390970924
0.47	0.0626621234883
0.48	0.0684783921995
0.49	0.0745808578162
0.5	0.0809603312541
0.51	0.0876054765548
0.52	0.0945028278156
0.53	0.101636826324
0.54	0.108989877735
0.55	0.116542428885
0.56	0.124273063624
0.57	0.13215861681
0.58	0.140174305416
0.59	0.148293875498
0.6	0.156489763615
0.61	0.164733271105
0.62	0.172994749522
0.63	0.181243795407
0.64	0.189449452478
0.65	0.197580419259
0.66	0.205605260148
0.67	0.213492617876
0.68	0.22121142534
0.69	0.228731114827
0.7	0.236021822688
0.71	0.243054587603
0.72	0.249801540682
0.73	0.256236085746
0.74	0.262333068286
0.75	0.268068931708
0.76	0.273421859674
0.77	0.278371903468
0.78	0.282901093528
0.79	0.286993534455
0.8	0.290635482962
0.81	0.293815408459
0.82	0.296524036109
0.83	0.298754372388
0.84	0.300501713338
0.85	0.30176363589
0.86	0.302539972744
0.87	0.302832771494
0.88	0.302646238759
0.89	0.301986670239
0.9	0.300862367706
0.91	0.299283544014
0.92	0.297262217316
0.93	0.294812095712
0.94	0.291948453596
0.95	0.288688001015
0.96	0.285048747349
0.97	0.281049860633
0.98	0.276711523813
0.99	0.272054789229
1.0	0.267101432533
1.01	0.261873807263
1.02	0.256394701171
1.03	0.25068719538
1.04	0.244774527355
1.05	0.238679958584
1.06	0.232426647794
1.07	0.226037530425
1.08	0.219535205001
1.09	0.212941826939
1.1	0.206279010239
1.11	0.199567737421
1.12	0.19282827796
1.13	0.186080115399
1.14	0.179341883237
1.15	0.172631309587
1.16	0.16596517054
1.17	0.159359252108
1.18	0.152828320523
1.19	0.146386100638
1.2	0.140045262117
1.21	0.133817413039
1.22	0.127713100526
1.23	0.121741817942
1.24	0.115912018214
1.25	0.110231132783
1.26	0.104705595672
1.27	0.0993408721924
1.28	0.0941414917358
1.29	0.0891110841721
1.3	0.0842524193275
1.31	0.0795674490537
1.32	0.0750573514051
1.33	0.0707225764591
1.34	0.0665628933344
1.35	0.0625774379884
1.36	0.0587647613953
1.37	0.0551228777388
1.38	0.0516493122747
1.39	0.0483411485561
1.4	0.0451950747343
1.41	0.0422074286868
1.42	0.0393742417468
1.43	0.0366912808421
1.44	0.0341540888769
1.45	0.0317580232203
1.46	0.0294982921895
1.47	0.0273699894419
1.48	0.0253681262151
1.49	0.0234876613741
1.5	0.0217235292472
1.51	0.0200706652512
1.52	0.0185240293223
1.53	0.0170786271873
1.54	0.0157295295209
1.55	0.0144718890484
1.56	0.0133009556648
1.57	0.0122120896473
1.58	0.0112007730491
1.59	0.0102626193654
1.6	0.00939338156939
1.61	0.00858895861702
1.62	0.00784540052444
1.63	0.00715891211986
1.64	0.00652585557392
1.65	0.00594275181069
1.66	0.00540628090008
1.67	0.00491328153008
1.68	0.00446074965424
1.69	0.00404583640633
1.7	0.00366584537025
1.71	0.00331822928903
1.72	0.0030005862921
1.73	0.00271065571564
1.74	0.00244631358551
1.75	0.00220556782779
1.76	0.00198655326683
1.77	0.00178752646568
1.78	0.00160686045933
1.79	0.00144303942613
1.8	0.00129465333825
1.81	0.00116039262791
1.82	0.00103904290152
1.83	0.000929479730164
1.84	0.000830663540884
1.85	0.000741634629879
1.86	0.000661508315202
1.87	0.000589470243628
1.88	0.000524771863479
1.89	0.000466726072578
1.9	0.000414703048181
1.91	0.000368126263588
1.92	0.000326468694197
1.93	0.000289249214084
1.94	0.000256029182685
1.95	0.000226409219813
1.96	0.000200026166113
1.97	0.000176550225104
1.98	0.000155682282096
1.99	0.000137151394602
2.0	0.000120712448347
2.01	0.000106143972473
2.02	9.32461072876e-05
2.03	8.18387176185e-05
2.04	7.17596447217e-05
2.05	6.28630896044e-05
2.06	5.50181206356e-05
2.07	4.81072983602e-05
2.08	4.20254105446e-05
2.09	3.66783106248e-05
2.1	3.19818529088e-05
2.11	2.78609180983e-05
2.12	2.42485229241e-05
2.13	2.10850079429e-05
2.14	1.83172978038e-05
2.15	1.58982285695e-05
2.16	1.37859369506e-05
2.17	1.19433065944e-05
2.18	1.03374668471e-05
2.19	8.93933968497e-06
2.2	7.72323078137e-06
2.21	6.66646093948e-06
2.22	5.74903437892e-06
2.23	4.95334060954e-06
2.24	4.26388686399e-06
2.25	3.66705828637e-06
2.26	3.15090329022e-06
2.27	2.70494170274e-06
2.28	2.3199935051e-06
2.29	1.9880261597e-06
2.3	1.70201868553e-06
2.31	1.45584080133e-06
2.32	1.24414560464e-06
2.33	1.06227439248e-06
2.34	9.0617235675e-07
2.35	7.7231400602e-07
2.36	6.57637273618e-07
2.37	5.59485372562e-07
2.38	4.75555549598e-07
2.39	4.03853974925e-07
2.4	3.42656081162e-07
2.41	2.90471735334e-07
2.42	2.46014691568e-07
2.43	2.0817583026e-07
2.44	1.75999742105e-07
2.45	1.48664263013e-07
2.46	1.25462608969e-07
2.47	1.05787798676e-07
2.48	8.91190867193e-08
2.49	7.50101613667e-08
2.5	6.3078889229e-08
2.51	5.29984141977e-08
2.52	4.44894405745e-08
2.53	3.73135503975e-08
2.54	3.12674228624e-08
2.55	2.61778396534e-08
2.56	2.18973741362e-08
2.57	1.8300674903e-08
2.58	1.52812652557e-08
2.59	1.27487900326e-08
2.6	1.06266498411e-08
2.61	8.84997039996e-09
2.62	7.36386141485e-09
2.63	6.12192531878e-09
2.64	5.08498139621e-09
2.65	4.21997535407e-09
2.66	3.49904838184e-09
2.67	2.8987432202e-09
2.68	2.39932779343e-09
2.69	1.98421960664e-09
2.7	1.63949641263e-09
2.71	1.35348065589e-09
2.72	1.11638694012e-09
2.73	9.2002327337e-10
2.74	7.57538151039e-10
2.75	6.23206666014e-10
2.76	5.12249811051e-10
2.77	4.2068198004e-10
2.78	3.45182400022e-10
2.79	2.82986849886e-10
2.8	2.31796558054e-10
2.81	1.89701631914e-10
2.82	1.55116766556e-10
2.83	1.26727318441e-10
2.84	1.0344411878e-10
2.85	8.43656484657e-11
2.86	6.87464071351e-11
2.87	5.59704886385e-11
2.88	4.55295280702e-11
2.89	3.70043155657e-11
2.9	3.00494824871e-11
2.91	2.43807592938e-11
2.92	1.97643837618e-11
2.93	1.60083053915e-11
2.94	1.29548886233e-11
2.95	1.04748654347e-11
2.96	8.46232833128e-12
2.97	6.8305888172e-12
2.98	5.50875510569e-12
2.99	4.43890692961e-12
3.0	3.57376555348e-12
3.01	2.87477406112e-12
3.02	2.3105172152e-12
3.03	1.85542208625e-12
3.04	1.48869059841e-12
3.05	1.19342344724e-12
3.06	9.55901775274e-13
3.07	7.64998765575e-13
3.08	6.11698120069e-13
3.09	4.88700385563e-13
3.1	3.90101409526e-13
3.11	3.1112996142e-13
3.12	2.47933837592e-13
3.13	1.97405657163e-13
3.14	1.57041118978e-13
3.15	1.24823780589e-13
3.16	9.91314856419e-14
3.17	7.86604443171e-14
3.18	6.23636948255e-14
3.19	4.94012689971e-14
3.2	3.90998740628e-14
3.21	3.09203042125e-14
3.22	2.44311247865e-14
3.23	1.92874417256e-14
3.24	1.5213789688e-14
3.25	1.19903527572e-14
3.26	9.44187909963e-15
3.27	7.42877122415e-15
3.28	5.83993155049e-15
3.29	4.58702283072e-15
3.3	3.59986791298e-15
3.31	2.8227661111e-15
3.32	2.2115462851e-15
3.33	1.73121148117e-15
3.34	1.3540581273e-15
3.35	1.0581755618e-15
3.36	8.26250091231e-16
3.37	6.44612652013e-16
3.38	5.02481155095e-16
3.39	3.9135827073e-16
3.4	3.04553203828e-16
3.41	2.36802280461e-16
3.42	1.83968205485e-16
3.43	1.42801897517e-16
3.44	1.10754053203e-16
3.45	8.58261936582e-17
3.46	6.64530281894e-17
3.47	5.14096357226e-17
3.48	3.97382949664e-17
3.49	3.06908564445e-17
3.5	2.36833965004e-17
3.51	1.82605681293e-17
3.52	1.40676005247e-17
3.53	1.08283262321e-17
3.54	8.32795399395e-18
3.55	6.39957454843e-18
3.56	4.91360005631e-18
3.57	3.76950686016e-18
3.58	2.88938503681e-18
3.59	2.21290394095e-18
3.6	1.69338644726e-18
3.61	1.29475048931e-18
3.62	9.89128432839e-19
3.63	7.55015724175e-19
3.64	5.7583243614e-19
3.65	4.38806628287e-19
3.66	3.34108302094e-19
3.67	2.54178314904e-19
3.68	1.93208830386e-19
3.69	1.46741447302e-19
3.7	1.11356630292e-19
3.71	8.44339139818e-20
3.72	6.39669176872e-20
3.73	4.84207698283e-20
3.74	3.6622317152e-20
3.75	2.76756552886e-20
3.76	2.0897198549e-20
3.77	1.57658135794e-20
3.78	1.18845560749e-20
3.79	8.95133678427e-21
3.8	6.7364529776e-21
3.81	5.06539381194e-21
3.82	3.80569334201e-21
3.83	2.85688725378e-21
3.84	2.14284738539e-21
3.85	1.60593625642e-21
3.86	1.20255342019e-21
3.87	8.99745237967e-22
3.88	6.72626432724e-22
3.89	5.0242077313e-22
3.9	3.74973535574e-22
3.91	2.79623140469e-22
3.92	2.08345991344e-22
3.93	1.55108937957e-22
3.94	1.15379385379e-22
3.95	8.57549948677e-23
3.96	6.36840275333e-23
3.97	4.72543282627e-23
3.98	3.5034242056e-23
3.99	2.59527869436e-23
4.0	1.92094752772e-23
4.01	1.42065069889e-23
4.02	1.0497829256e-23
4.03	7.75090062749e-24
4.04	5.71801620182e-24
4.05	4.21482184313e-24
4.06	3.1042291244e-24
4.07	2.28438395498e-24
4.08	1.67967514336e-24
4.09	1.23402065506e-24
4.1	9.05858947646e-25
4.11	6.64415598155e-25
4.12	4.86922931327e-25
4.13	3.5655117989e-25
4.14	2.60870424047e-25
4.15	1.90708126699e-25
4.16	1.39301251811e-25
4.17	1.01667553709e-25
4.18	7.41397873912e-26
4.19	5.40209202471e-26
4.2	3.93291328063e-26
4.21	2.86093890707e-26
4.22	2.07943183517e-26
4.23	1.51015927373e-26
4.24	1.09582915097e-26
4.25	7.94520382553e-27
4.26	5.75584915111e-27
4.27	4.16635237433e-27
4.28	3.01331750358e-27
4.29	2.17759022624e-27
4.3	1.57235228924e-27
4.31	1.13439957776e-27
4.32	8.17758035982e-28
4.33	5.89014810835e-28
4.34	4.23906723443e-28
4.35	3.04829611862e-28
4.36	2.19021537673e-28
4.37	1.57238676489e-28
4.38	1.12791113365e-28
4.39	8.08413203189e-29
4.4	5.7894190293e-29
4.41	4.14266394116e-29
4.42	2.9618810862e-29
4.43	2.11591777921e-29
4.44	1.51033494981e-29
4.45	1.07718706988e-29
4.46	7.67630859238e-30
4.47	5.46584374543e-30
4.48	3.88870994473e-30
4.49	2.76437845302e-30
4.5	1.96350999042e-30
4.51	1.39351759455e-30
4.52	9.88178907447e-31
4.53	7.00168456866e-31
4.54	4.9569369893e-31
4.55	3.50645448464e-31
4.56	2.47837500124e-31
4.57	1.75028953097e-31
4.58	1.23508511211e-31
4.59	8.70819306324e-32
4.6	6.13484275849e-32
4.61	4.3184023269e-32
4.62	3.03729586162e-32
4.63	2.1344966642e-32
4.64	1.49881592878e-32
4.65	1.05158797027e-32
4.66	7.37203622373e-33
4.67	5.16385341143e-33
4.68	3.61414019256e-33
4.69	2.52743956817e-33
4.7	1.76604315689e-33
4.71	1.23301012002e-33
4.72	8.60155195506e-34
4.73	5.99558948613e-34
4.74	4.17572517469e-34
4.75	2.90587495228e-34
4.76	2.02053779753e-34
4.77	1.40378995044e-34
4.78	9.74501292729e-35
4.79	6.75939612717e-35
4.8	4.68466579361e-35
4.81	3.24410283003e-35
4.82	2.24468776998e-35
4.83	1.55189611465e-35
4.84	1.0720493421e-35
4.85	7.39967035419e-36
4.86	5.10335155255e-36
4.87	3.51677157736e-36
4.88	2.42146636651e-36
4.89	1.66593622823e-36
4.9	1.14520701568e-36
4.91	7.86602581446e-37
4.92	5.39849270835e-37
4.93	3.70199219813e-37
4.94	2.53655539438e-37
4.95	1.73659728703e-37
4.96	1.18795460043e-37
4.97	8.11982314963e-38
4.98	5.5454825215e-38
4.99	3.7842358641e-38
5.0	2.5802582895e-38
5.01	1.75790068995e-38
5.02	1.19666255806e-38
5.03	8.13945491229e-39
5.04	5.53178426612e-39
5.05	3.75648347283e-39
5.06	2.54884898782e-39
5.07	1.72803742604e-39
5.08	1.1706003208e-39
5.09	7.92338262927e-40
5.1	5.3586964247e-40
5.11	3.62121453406e-40
5.12	2.44509630247e-40
5.13	1.6496216048e-40
5.14	1.11203740174e-40
5.15	7.49033398621e-41
5.16	5.04115138806e-41
5.17	3.39004218774e-41
5.18	2.27786147848e-41
5.19	1.52931306693e-41
5.2	1.02591742799e-41
5.21	6.87662548036e-42
5.22	4.60559059947e-42
5.23	3.08206872054e-42
5.24	2.06084995154e-42
5.25	1.37688455947e-42
5.26	9.19169967748e-43
5.27	6.1311409088e-43
5.28	4.08633511175e-43
5.29	2.72128424562e-43
5.3	1.81076093655e-43
5.31	1.20391449397e-43
5.32	7.9979285586e-44
5.33	5.30892737303e-44
5.34	3.52114142394e-44
5.35	2.3334989397e-44
5.36	1.54518056269e-44
5.37	1.02234714365e-44
5.38	6.75872998247e-45
5.39	4.46456751659e-45
5.4	2.94673660203e-45
5.41	1.94334942891e-45
5.42	1.28058428052e-45
5.43	8.43166141691e-46
5.44	5.54709886373e-46
5.45	3.64641791594e-46
5.46	2.39505117424e-46
5.47	1.57184965881e-46
5.48	1.0307541623e-46
5.49	6.75378304099e-47
5.5	4.42167747059e-47
5.51	2.89251084025e-47
5.52	1.89064913304e-47
5.53	1.23479518066e-47
5.54	8.05799481928e-48
5.55	5.25420658953e-48
5.56	3.42322495249e-48
5.57	2.22849619741e-48
5.58	1.44956117942e-48
5.59	9.42126947817e-49
5.6	6.11829702336e-49
5.61	3.97008651739e-49
5.62	2.57405426937e-49
5.63	1.6675688337e-49
5.64	1.07943926736e-49
5.65	6.98169796275e-50
5.66	4.51203366323e-50
5.67	2.91361433134e-50
5.68	1.87992397204e-50
5.69	1.21198438179e-50
5.7	7.80732584615e-51
5.71	5.02523250594e-51
5.72	3.23190522131e-51
5.73	2.07687185437e-51
5.74	1.33355042484e-51
5.75	8.55574569754e-52
5.76	5.48472686248e-52
5.77	3.51318387683e-52
5.78	2.24851362448e-52
5.79	1.4379340215e-52
5.8	9.18821640319e-53
5.81	5.86640873015e-53
5.82	3.74250418767e-53
5.83	2.38561947675e-53
5.84	1.51945896251e-53
5.85	9.66998346077e-54
5.86	6.1490987316e-54
5.87	3.9070251428e-54
5.88	2.48044714068e-54
5.89	1.57348571059e-54
5.9	9.97343386118e-55
5.91	6.31648876595e-55
5.92	3.99719998238e-55
5.93	2.5274651931e-55
5.94	1.59684834658e-55
5.95	1.00807157818e-55
5.96	6.35869948204e-56
5.97	4.00769338412e-56
5.98	2.5238872915e-56
5.99	1.58816175105e-56
6.0	9.98547752439e-57
#normalisation = 0.166666666667
#eerste moment n(k)k**2 = 0.1729491201
#2e moment n(k)k**2 = 0.189699637032
#3e moment n(k)k**2 = 0.218722568721
#4e moment n(k)k**2 = 0.263896983462
#sigma**2 n(k)k**2 = 0.159788238889
#kurtosis n(k)k**2 = 2.63782341366
#skewness n(k)k**2 = 2.04536725493
