# mass number (A) = 208
# number of protons (Z) = 82
#units k = 1/fm , units n_1(k) = fm^3
# k (1/fm)	tot
0.0	0.0
0.01	3.10518062431e-07
0.02	4.95931646503e-06
0.03	2.5031016072e-05
0.04	7.8777409242e-05
0.05	0.000191287531488
0.06	0.000394033559391
0.07	0.000724300163561
0.08	0.00122450688769
0.09	0.00194143489545
0.1	0.00292537099508
0.11	0.00422918318966
0.12	0.00590734308715
0.13	0.00801491131975
0.14	0.0106065026555
0.15	0.0137352477279
0.16	0.0174517682626
0.17	0.0218031823423
0.18	0.02683215564
0.19	0.0325760136717
0.2	0.0390659289956
0.21	0.0463261959435
0.22	0.0543736039276
0.23	0.0632169186659
0.24	0.0728564788294
0.25	0.0832839136879
0.26	0.0944819853319
0.27	0.106424557033
0.28	0.119076687292
0.29	0.132394847171
0.3	0.146327256602
0.31	0.160814333611
0.32	0.17578924874
0.33	0.191178575489
0.34	0.206903026297
0.35	0.222878262488
0.36	0.239015765754
0.37	0.255223758052
0.38	0.271408156415
0.39	0.287473548933
0.4	0.303324178215
0.41	0.318864918883
0.42	0.334002236065
0.43	0.348645112549
0.44	0.362705933005
0.45	0.376101314694
0.46	0.388752875169
0.47	0.400587928638
0.48	0.411540104016
0.49	0.421549878967
0.5	0.430565025671
0.51	0.438540965406
0.52	0.445441030442
0.53	0.451236633066
0.54	0.455907342854
0.55	0.459440874522
0.56	0.461832989812
0.57	0.463087317882
0.58	0.463215099592
0.59	0.462234861849
0.6	0.460172028831
0.61	0.457058477426
0.62	0.45293204462
0.63	0.447835994809
0.64	0.441818455137
0.65	0.434931826957
0.66	0.427232181412
0.67	0.41877864688
0.68	0.409632795725
0.69	0.399858037368
0.7	0.389519024231
0.71	0.378681076526
0.72	0.367409631281
0.73	0.355769720365
0.74	0.343825481589
0.75	0.331639706302
0.76	0.319273426219
0.77	0.30678554154
0.78	0.294232491784
0.79	0.281667970115
0.8	0.269142681357
0.81	0.256704143356
0.82	0.244396530804
0.83	0.23226056023
0.84	0.220333414428
0.85	0.208648704241
0.86	0.19723646536
0.87	0.186123187514
0.88	0.17533187328
0.89	0.164882123585
0.9	0.154790246897
0.91	0.145069389085
0.92	0.135729680901
0.93	0.126778400116
0.94	0.118220145407
0.95	0.110057019218
0.96	0.102288816939
0.97	0.0949132199379
0.98	0.087925990123
0.99	0.081321163946
1.0	0.0750912439226
1.01	0.0692273859791
1.02	0.0637195811301
1.03	0.0585568302067
1.04	0.0537273105556
1.05	0.04921853383
1.06	0.0450174941787
1.07	0.0411108063221
1.08	0.037484833168
1.09	0.034125802774
1.1	0.0310199146048
1.11	0.0281534351572
1.12	0.0255127831367
1.13	0.0230846044671
1.14	0.0208558374975
1.15	0.0188137688394
1.16	0.0169460803223
1.17	0.0152408876012
1.18	0.0136867709783
1.19	0.0122727990266
1.2	0.0109885456102
1.21	0.00982410090256
1.22	0.00877007699561
1.23	0.00781760868488
1.24	0.00695834999441
1.25	0.00618446698589
1.26	0.00548862736902
1.27	0.00486398740124
1.28	0.00430417653346
1.29	0.00380328022552
1.3	0.00335582132096
1.31	0.00295674033651
1.32	0.00260137498753
1.33	0.00228543923708
1.34	0.00200500212367
1.35	0.00175646659146
1.36	0.00153654851687
1.37	0.00134225609749
1.38	0.00117086974281
1.39	0.00101992258208
1.4	0.000887181682368
1.41	0.000770630049242
1.42	0.000668449464596
1.43	0.000579004199443
1.44	0.000500825625166
1.45	0.000432597733977
1.46	0.000373143568369
1.47	0.000321412549972
1.48	0.000276468690329
1.49	0.000237479659585
1.5	0.000203706683819
1.51	0.000174495237618
1.52	0.000149266495337
1.53	0.00012750950229
1.54	0.000108774025664
1.55	9.26640441998e-05
1.56	7.88318355057e-05
1.57	6.6972620231e-05
1.58	5.68197230471e-05
1.59	4.81402114956e-05
1.6	4.07309751137e-05
1.61	3.44152088251e-05
1.62	2.90392663119e-05
1.63	2.44698509241e-05
1.64	2.05915135887e-05
1.65	1.730442912e-05
1.66	1.45224242759e-05
1.67	1.21712328256e-05
1.68	1.01869547679e-05
1.69	8.51469866323e-06
1.7	7.10738778351e-06
1.71	5.92471245175e-06
1.72	4.93221251951e-06
1.73	4.10047541322e-06
1.74	3.40443656995e-06
1.75	2.82277037567e-06
1.76	2.33736091729e-06
1.77	1.9328429645e-06
1.78	1.59620461245e-06
1.79	1.31644394429e-06
1.8	1.08427291847e-06
1.81	8.91862453595e-07
1.82	7.32623377996e-07
1.83	6.01018537586e-07
1.84	4.92401918374e-07
1.85	4.02881144059e-07
1.86	3.29200159508e-07
1.87	2.68639311918e-07
1.88	2.18930397526e-07
1.89	1.78184557039e-07
1.9	1.44831181472e-07
1.91	1.17566235293e-07
1.92	9.53086193114e-08
1.93	7.71633845512e-08
1.94	6.23907734264e-08
1.95	5.03802084987e-08
1.96	4.06284743188e-08
1.97	3.27214465635e-08
1.98	2.63188168045e-08
1.99	2.114134258e-08
2.0	1.6960222555e-08
2.01	1.35882568717e-08
2.02	1.08725045652e-08
2.03	8.68819426734e-09
2.04	6.93368232305e-09
2.05	5.52628478197e-09
2.06	4.39883724554e-09
2.07	3.49685993468e-09
2.08	2.77622516487e-09
2.09	2.20124118901e-09
2.1	1.7430805334e-09
2.11	1.37849289112e-09
2.12	1.08875268054e-09
2.13	8.58799809435e-10
2.14	6.76539252578e-10
2.15	5.32270962034e-10
2.16	4.18226565454e-10
2.17	3.28193421025e-10
2.18	2.57210019779e-10
2.19	2.0131956751e-10
2.2	1.573709338e-10
2.21	1.22858104499e-10
2.22	9.57908835491e-11
2.23	7.45909171386e-11
2.24	5.80082054109e-11
2.25	4.50541643558e-11
2.26	3.49480365471e-11
2.27	2.70740520554e-11
2.28	2.09472334685e-11
2.29	1.61861409171e-11
2.3	1.24911804536e-11
2.31	9.62736542805e-12
2.32	7.41063671398e-12
2.33	5.69702287621e-12
2.34	4.37406318362e-12
2.35	3.35403092832e-12
2.36	2.5685869124e-12
2.37	1.96456736457e-12
2.38	1.5006703618e-12
2.39	1.1448528376e-12
2.4	8.72288727432e-13
2.41	6.63769578062e-13
2.42	5.0445353067e-13
2.43	3.82888191898e-13
2.44	2.90248516611e-13
2.45	2.19743235042e-13
2.46	1.66153206118e-13
2.47	1.2547288382e-13
2.48	9.46322589998e-14
2.49	7.12815177089e-14
2.5	5.36245052107e-14
2.51	4.02901153787e-14
2.52	3.02331081946e-14
2.53	2.26577289953e-14
2.54	1.69589697703e-14
2.55	1.26774607824e-14
2.56	9.46487794448e-15
2.57	7.05745147353e-15
2.58	5.25570680996e-15
2.59	3.9089931518e-15
2.6	2.90368459387e-15
2.61	2.15419454177e-15
2.62	1.59614208469e-15
2.63	1.18116213702e-15
2.64	8.72969394922e-16
2.65	6.44377314335e-16
2.66	4.75043497021e-16
2.67	3.49766819971e-16
2.68	2.57203053117e-16
2.69	1.88897448587e-16
2.7	1.38557074587e-16
2.71	1.01504229067e-16
2.72	7.42664325456e-17
2.73	5.4269292011e-17
2.74	3.96067391672e-17
2.75	2.88693848357e-17
2.76	2.1016464007e-17
2.77	1.52804312104e-17
2.78	1.1095977807e-17
2.79	8.047291235e-18
2.8	5.82892126962e-18
2.81	4.21678200649e-18
2.82	3.04669344512e-18
2.83	2.19852379125e-18
2.84	1.58448648281e-18
2.85	1.14051504185e-18
2.86	8.19914858954e-19
2.87	5.8869711393e-19
2.88	4.22153713793e-19
2.89	3.02346555877e-19
2.9	2.16269504928e-19
2.91	1.54504644216e-19
2.92	1.1024119802e-19
2.93	7.8560200645e-20
2.94	5.59136259178e-20
2.95	3.97456202987e-20
2.96	2.82174385693e-20
2.97	2.00079557419e-20
2.98	1.41691827593e-20
2.99	1.00217594001e-20
3.0	7.07946369451e-21
3.01	4.99475386702e-21
3.02	3.51953508416e-21
3.03	2.47693212963e-21
3.04	1.74100749568e-21
3.05	1.22220772921e-21
3.06	8.56934020037e-22
3.07	6.000781849e-22
3.08	4.19687959026e-22
3.09	2.93159191739e-22
3.1	2.04521503183e-22
3.11	1.4250595329e-22
3.12	9.91712361595e-23
3.13	6.89282492955e-23
3.14	4.78484292475e-23
3.15	3.31739474094e-23
3.16	2.29713097939e-23
3.17	1.58866971642e-23
3.18	1.09733905431e-23
3.19	7.57020298026e-24
3.2	5.21595444519e-24
3.21	3.5893824784e-24
3.22	2.466979134e-24
3.23	1.69344504415e-24
3.24	1.16101207286e-24
3.25	7.94991460954e-25
3.26	5.43686304739e-25
3.27	3.71359574157e-25
3.28	2.5333853732e-25
3.29	1.7261097009e-25
3.3	1.17461658025e-25
3.31	7.98333872472e-26
3.32	5.41918251566e-26
3.33	3.67404006164e-26
3.34	2.4877972254e-26
3.35	1.68246929281e-26
3.36	1.13642422417e-26
3.37	7.6664636242e-27
3.38	5.16548408698e-27
3.39	3.47606924165e-27
3.4	2.33629318122e-27
3.41	1.56829545793e-27
3.42	1.05145365859e-27
3.43	7.04067316118e-28
3.44	4.70869016126e-28
3.45	3.1451981548e-28
3.46	2.09825353408e-28
3.47	1.39807365356e-28
3.48	9.30388557864e-29
3.49	6.18387886093e-29
3.5	4.10506437202e-29
3.51	2.72170741905e-29
3.52	1.8022932255e-29
3.53	1.1919885705e-29
3.54	7.87374669552e-30
3.55	5.19461748183e-30
3.56	3.42285553829e-30
3.57	2.25261259742e-30
3.58	1.48063313647e-30
3.59	9.72011749253e-31
3.6	6.37321740593e-31
3.61	4.17358436309e-31
3.62	2.72975064753e-31
3.63	1.78320038995e-31
3.64	1.16343141861e-31
3.65	7.58132233765e-32
3.66	4.93415451002e-32
3.67	3.20733414548e-32
3.68	2.08228140579e-32
3.69	1.3502010911e-32
3.7	8.74422608747e-33
3.71	5.65598514558e-33
3.72	3.65392113432e-33
3.73	2.35762198852e-33
3.74	1.51933428907e-33
3.75	9.77905151581e-34
3.76	6.2864349142e-34
3.77	4.03623527354e-34
3.78	2.58829008702e-34
3.79	1.65773044935e-34
3.8	1.06042372237e-34
3.81	6.77500425533e-35
3.82	4.32319067804e-35
3.83	2.75526866357e-35
3.84	1.7538333349e-35
3.85	1.11500690026e-35
3.86	7.07997489818e-36
3.87	4.49004682044e-36
3.88	2.84403587613e-36
3.89	1.79922045599e-36
3.9	1.13683872203e-36
3.91	7.17428396046e-37
3.92	4.52192705015e-37
3.93	2.84664876294e-37
3.94	1.78982107581e-37
3.95	1.12395987811e-37
3.96	7.04948699164e-38
3.97	4.41600736166e-38
3.98	2.76291605456e-38
3.99	1.72651864455e-38
4.0	1.07755784118e-38
4.01	6.71700545792e-39
4.02	4.1819290049e-39
4.03	2.60042006666e-39
4.04	1.61501408214e-39
4.05	1.00178638041e-39
4.06	6.2064032507e-40
4.07	3.84035140613e-40
4.08	2.3733845052e-40
4.09	1.46497917817e-40
4.1	9.03152450828e-41
4.11	5.56105245242e-41
4.12	3.41994626352e-41
4.13	2.10062237439e-41
4.14	1.28867426383e-41
4.15	7.89595812145e-42
4.16	4.83206845997e-42
4.17	2.95343849369e-42
4.18	1.80297390557e-42
4.19	1.09930361772e-42
4.2	6.69441491763e-43
4.21	4.07168709521e-43
4.22	2.47344929404e-43
4.23	1.50071602885e-43
4.24	9.09412606085e-44
4.25	5.50415181361e-44
4.26	3.3272609916e-44
4.27	2.00886341026e-44
4.28	1.21138186858e-44
4.29	7.29590036418e-45
4.3	4.38878118995e-45
4.31	2.63679408782e-45
4.32	1.58225253459e-45
4.33	9.48293390342e-46
4.34	5.67645278169e-46
4.35	3.39374151422e-46
4.36	2.02650630855e-46
4.37	1.2086057853e-46
4.38	7.19927774853e-47
4.39	4.28312532556e-47
4.4	2.54507315157e-47
4.41	1.51045375084e-47
4.42	8.95328296035e-48
4.43	5.30059892948e-48
4.44	3.13426256125e-48
4.45	1.85103078494e-48
4.46	1.09184196867e-48
4.47	6.43241181533e-49
4.48	3.78491257112e-49
4.49	2.22436399048e-49
4.5	1.30564133478e-49
4.51	7.65437958333e-50
4.52	4.48192110248e-50
4.53	2.62111794833e-50
4.54	1.53100674553e-50
4.55	8.93173571426e-51
4.56	5.20430668061e-51
4.57	3.0287134865e-51
4.58	1.76044244993e-51
4.59	1.02200692759e-51
4.6	5.92589906067e-52
4.61	3.43180891422e-52
4.62	1.98499958529e-52
4.63	1.14674340741e-52
4.64	6.61668756724e-53
4.65	3.81314731346e-53
4.66	2.19480101931e-53
4.67	1.26175597844e-53
4.68	7.24476448435e-54
4.69	4.15472122974e-54
4.7	2.37973313088e-54
4.71	1.36139267257e-54
4.72	7.77870636857e-55
4.73	4.43915385953e-55
4.74	2.53024107156e-55
4.75	1.4404312027e-55
4.76	8.19015439235e-56
4.77	4.65115312918e-56
4.78	2.63814219616e-56
4.79	1.49453058742e-56
4.8	8.45630214734e-57
4.81	4.77887074979e-57
4.82	2.69736188766e-57
4.83	1.52062567753e-57
4.84	8.56198818845e-58
4.85	4.81499855783e-58
4.86	2.70449984787e-58
4.87	1.51721474468e-58
4.88	8.5011263576e-59
4.89	4.7574610537e-59
4.9	2.65915342327e-59
4.91	1.484502597e-59
4.92	8.27728617407e-60
4.93	4.60961284285e-60
4.94	2.56395519742e-60
4.95	1.42438024842e-60
4.96	7.90334630091e-61
4.97	4.37991485341e-61
4.98	2.42431997057e-61
4.99	1.34024394486e-61
5.0	7.4002678659e-62
5.01	4.08113278926e-62
5.02	2.24793494504e-62
5.03	1.23667763339e-62
5.04	6.79515012135e-63
5.05	3.72916341297e-63
5.06	2.04405986006e-63
5.07	1.11904014882e-63
5.08	6.11881914458e-64
5.09	3.34163862258e-64
5.1	1.82272558575e-64
5.11	9.93008731145e-65
5.12	5.40324723276e-65
5.13	2.93647720345e-65
5.14	1.59392717404e-65
5.15	8.6413259829e-66
5.16	4.67910079699e-66
5.17	2.53054775064e-66
5.18	1.36690024543e-66
5.19	7.37444396914e-67
5.2	3.97367128326e-67
5.21	2.13857664218e-67
5.22	1.1495502194e-67
5.23	6.17165088383e-68
5.24	3.30936790404e-68
5.25	1.77238910398e-68
5.26	9.48076622247e-69
5.27	5.0652183739e-69
5.28	2.7028584529e-69
5.29	1.44051852738e-69
5.3	7.66804820877e-70
5.31	4.07681763232e-70
5.32	2.16485205284e-70
5.33	1.14816860921e-70
5.34	6.08210130689e-71
5.35	3.21789735225e-71
5.36	1.70043995896e-71
5.37	8.97472229427e-72
5.38	4.73098270154e-72
5.39	2.49087737271e-72
5.4	1.30985735644e-72
5.41	6.87965009652e-73
5.42	3.60893790591e-73
5.43	1.89087667208e-73
5.44	9.89504456414e-74
5.45	5.17181620992e-74
5.46	2.6998473586e-74
5.47	1.40768719533e-74
5.48	7.33067475799e-75
5.49	3.81287533743e-75
5.5	1.98076131435e-75
5.51	1.02773841488e-75
5.52	5.32603432123e-76
5.53	2.75674298731e-76
5.54	1.42514667457e-76
5.55	7.35857697301e-77
5.56	3.79488936235e-77
5.57	1.95467891934e-77
5.58	1.00559426648e-77
5.59	5.16703277885e-78
5.6	2.65173874145e-78
5.61	1.35922501705e-78
5.62	6.95861987798e-79
5.63	3.55816444302e-79
5.64	1.81718894072e-79
5.65	9.26926592292e-80
5.66	4.72238949969e-80
5.67	2.40297633018e-80
5.68	1.22126082409e-80
5.69	6.19924246058e-81
5.7	3.14296903019e-81
5.71	1.59152286389e-81
5.72	8.04927903069e-82
5.73	4.0660472562e-82
5.74	2.05144188356e-82
5.75	1.03375444517e-82
5.76	5.20291769565e-83
5.77	2.61545910534e-83
5.78	1.31316815457e-83
5.79	6.58512766182e-84
5.8	3.29821924648e-84
5.81	1.64993307508e-84
5.82	8.24374667064e-85
5.83	4.11390696407e-85
5.84	2.0504813873e-85
5.85	1.02077200672e-85
5.86	5.0754346909e-86
5.87	2.520515226e-86
5.88	1.2501928573e-86
5.89	6.19350261155e-87
5.9	3.06455399381e-87
5.91	1.51450212717e-87
5.92	7.47556758759e-88
5.93	3.68544681642e-88
5.94	1.81471250749e-88
5.95	8.92477428582e-89
5.96	4.38387731078e-89
5.97	2.15075677154e-89
5.98	1.05389169126e-89
5.99	5.15789447395e-90
6.0	2.5212779816e-90
#normalisation = 0.0961538461538
#eerste moment n(k)k**2 = 0.0707215832559
#2e moment n(k)k**2 = 0.0558541245562
#3e moment n(k)k**2 = 0.0469496663404
#4e moment n(k)k**2 = 0.0417146214746
#sigma**2 n(k)k**2 = 0.050852582218
#kurtosis n(k)k**2 = 8.61425742562
#skewness n(k)k**2 = 3.12245569787
