# mass number (A) = 208
# number of protons (Z) = 82
#units k = 1/fm , units n_1(k) = fm^3
# k (1/fm)	tot
0.0	0.0
0.01	1.28836146429e-14
0.02	3.29224891988e-12
0.03	8.41229234013e-11
0.04	8.36743828927e-10
0.05	4.96040959418e-09
0.06	2.11879564705e-08
0.07	7.21541977052e-08
0.08	2.08099980258e-07
0.09	5.28498462101e-07
0.1	1.21375717384e-06
0.11	2.56908277103e-06
0.12	5.08239058137e-06
0.13	9.4977993281e-06
0.14	1.6905779743e-05
0.15	2.88504367238e-05
0.16	4.74537160051e-05
0.17	7.55555603966e-05
0.18	0.000116868223797
0.19	0.000176142112714
0.2	0.0002593396962
0.21	0.000373813238219
0.22	0.000528481393346
0.23	0.000733999098191
0.24	0.00100291471501
0.25	0.0013498080654
0.26	0.00179140285102
0.27	0.00234664700996
0.28	0.00303675481094
0.29	0.00388520494607
0.3	0.00491768954295
0.31	0.00616200986824
0.32	0.00764791552207
0.33	0.00940688510255
0.34	0.011471847626
0.35	0.0138768453888
0.36	0.0166566404149
0.37	0.0198462681132
0.38	0.0234805432293
0.39	0.0275935245755
0.4	0.0322179463286
0.41	0.0373846248526
0.42	0.0431218510023
0.43	0.0494547786642
0.44	0.0564048208699
0.45	0.0639890651483
0.46	0.0722197198636
0.47	0.0811036030972
0.48	0.0906416851903
0.49	0.100828695354
0.5	0.111652801814
0.51	0.123095373791
0.52	0.135130832248
0.53	0.147726594807
0.54	0.160843118582
0.55	0.174434042892
0.56	0.188446432034
0.57	0.202821116436
0.58	0.217493128711
0.59	0.232392229393
0.6	0.247443515494
0.61	0.262568103507
0.62	0.277683877144
0.63	0.292706288961
0.64	0.30754920408
0.65	0.32212577353
0.66	0.33634932428
0.67	0.350134252805
0.68	0.363396909116
0.69	0.376056458415
0.7	0.388035708098
0.71	0.399261888533
0.72	0.409667376972
0.73	0.419190355068
0.74	0.427775391686
0.75	0.435373944073
0.76	0.441944771908
0.77	0.447454260219
0.78	0.45187664872
0.79	0.455194166611
0.8	0.457397073387
0.81	0.458483607609
0.82	0.458459846954
0.83	0.457339484061
0.84	0.455143523815
0.85	0.451899908677
0.86	0.447643079465
0.87	0.442413479654
0.88	0.436257011766
0.89	0.429224454712
0.9	0.421370851141
0.91	0.412754873859
0.92	0.40343818021
0.93	0.393484763075
0.94	0.382960306719
0.95	0.37193155521
0.96	0.360465700544
0.97	0.348629796908
0.98	0.336490206796
0.99	0.324112083892
1.0	0.311558896826
1.01	0.298891997092
1.02	0.286170233597
1.03	0.273449615498
1.04	0.260783024235
1.05	0.248219974907
1.06	0.235806426498
1.07	0.223584639791
1.08	0.211593081297
1.09	0.199866370994
1.1	0.188435271295
1.11	0.177326714264
1.12	0.166563863888
1.13	0.156166209949
1.14	0.146149689948
1.15	0.136526835429
1.16	0.127306939068
1.17	0.118496238903
1.18	0.110098116204
1.19	0.102113303584
1.2	0.0945401001575
1.21	0.087374590716
1.22	0.0806108661567
1.23	0.0742412426089
1.24	0.0682564769854
1.25	0.0626459769366
1.26	0.0573980034583
1.27	0.0524998646681
1.28	0.0479380995227
1.29	0.0436986505001
1.3	0.0397670245071
1.31	0.036128441496
1.32	0.0327679704787
1.33	0.0296706528156
1.34	0.0268216128277
1.35	0.0242061559256
1.36	0.0218098545845
1.37	0.0196186226023
1.38	0.0176187781701
1.39	0.0157970963618
1.4	0.0141408517033
1.41	0.0126378515267
1.42	0.0112764608391
1.43	0.0100456194522
1.44	0.00893485211987
1.45	0.00793427242269
1.46	0.00703458112198
1.47	0.00622705968089
1.48	0.00550355961974
1.49	0.00485648833688
1.5	0.00427879198699
1.51	0.0037639359666
1.52	0.00330588351266
1.53	0.00289907287537
1.54	0.0025383934818
1.55	0.00221916146236
1.56	0.00193709486942
1.57	0.00168828887594
1.58	0.00146919120233
1.59	0.00127657798306
1.6	0.00110753024941
1.61	0.000959411173341
1.62	0.000829844187596
1.63	0.000716692071212
1.64	0.000618037065414
1.65	0.000532162063926
1.66	0.000457532903155
1.67	0.000392781761536
1.68	0.000336691663552
1.69	0.00028818207228
1.7	0.000246295544618
1.71	0.000210185415488
1.72	0.000179104471116
1.73	0.00015239456669
1.74	0.000129477140321
1.75	0.000109844572868
1.76	9.30523419497e-05
1.77	7.87119179781e-05
1.78	6.64843503461e-05
1.79	5.60744927596e-05
1.8	4.72258180791e-05
1.81	3.97157747771e-05
1.82	3.33516391711e-05
1.83	2.79668198618e-05
1.84	2.34175732308e-05
1.85	1.95800913671e-05
1.86	1.63479263534e-05
1.87	1.3629717402e-05
1.88	1.13471898581e-05
1.89	9.43339754885e-06
1.9	7.83118233812e-06
1.91	6.49182701965e-06
1.92	5.37387984431e-06
1.93	4.44213101366e-06
1.94	3.66672338084e-06
1.95	3.02238137754e-06
1.96	2.48774383205e-06
1.97	2.04478786099e-06
1.98	1.67833240867e-06
1.99	1.37561127901e-06
2.0	1.12590666035e-06
2.01	9.20235189575e-07
2.02	7.51079546208e-07
2.03	6.12159415285e-07
2.04	4.98236417724e-07
2.05	4.04948285246e-07
2.06	3.28668160263e-07
2.07	2.66385436373e-07
2.08	2.1560502827e-07
2.09	1.74262377047e-07
2.1	1.40651863465e-07
2.11	1.13366623204e-07
2.12	9.12480389668e-08
2.13	7.33434292295e-08
2.14	5.88706663283e-08
2.15	4.7188641238e-08
2.16	3.77726521094e-08
2.17	3.01939314723e-08
2.18	2.41026456501e-08
2.19	1.92138018179e-08
2.2	1.52955854236e-08
2.21	1.21597253036e-08
2.22	9.6535474503e-09
2.23	7.65343253076e-09
2.24	6.05943822194e-09
2.25	4.79088636746e-09
2.26	3.78274787978e-09
2.27	2.98268607795e-09
2.28	2.34864252432e-09
2.29	1.84686905736e-09
2.3	1.45032617561e-09
2.31	1.13738169655e-09
2.32	8.90755109057e-10
2.33	6.96662615911e-10
2.34	5.44125827362e-10
2.35	4.24413676967e-10
2.36	3.30592606025e-10
2.37	2.57164589628e-10
2.38	1.99776312351e-10
2.39	1.54985877818e-10
2.4	1.20075965039e-10
2.41	9.2904419263e-11
2.42	7.17849642869e-11
2.43	5.53921122434e-11
2.44	4.26854803421e-11
2.45	3.28496472297e-11
2.46	2.52464322181e-11
2.47	1.93770897819e-11
2.48	1.48524052137e-11
2.49	1.13690764049e-11
2.5	8.69108888273e-12
2.51	6.63505085231e-12
2.52	5.05866383571e-12
2.53	3.85167222131e-12
2.54	2.92876948695e-12
2.55	2.22404646434e-12
2.56	1.68665297939e-12
2.57	1.27741276801e-12
2.58	9.66186161001e-13
2.59	7.29818427138e-13
2.6	5.50546100575e-13
2.61	4.14760900994e-13
2.62	3.12052432683e-13
2.63	2.34467886974e-13
2.64	1.75940403817e-13
2.65	1.31848318934e-13
2.66	9.86758287422e-14
2.67	7.37521206937e-14
2.68	5.50511194165e-14
2.69	4.10379890009e-14
2.7	3.05516465236e-14
2.71	2.27149695659e-14
2.72	1.68662695806e-14
2.73	1.25070706405e-14
2.74	9.26237155109e-15
2.75	6.85045099373e-15
2.76	5.05995710671e-15
2.77	3.73254923502e-15
2.78	2.7497652661e-15
2.79	2.02310018939e-15
2.8	1.48652142671e-15
2.81	1.09083053996e-15
2.82	7.99421916025e-16
2.83	5.85096864163e-16
2.84	4.27673910323e-16
2.85	3.12198862354e-16
2.86	2.27606021903e-16
2.87	1.65718255305e-16
2.88	1.20501214477e-16
2.89	8.75078987307e-17
2.9	6.34655629114e-17
2.91	4.59689255546e-17
2.92	3.32526444487e-17
2.93	2.40228165117e-17
2.94	1.73323654273e-17
2.95	1.24890154229e-17
2.96	8.9874252479e-18
2.97	6.45920954812e-18
2.98	4.63618456816e-18
2.99	3.3233768025e-18
3.0	2.37922895492e-18
3.01	1.70110426288e-18
3.02	1.21468572963e-18
3.03	8.66234505516e-19
3.04	6.16944126663e-19
3.05	4.3882892097e-19
3.06	3.11733839923e-19
3.07	2.21162861021e-19
3.08	1.56704054752e-19
3.09	1.10888955331e-19
3.1	7.83676114301e-20
3.11	5.53127718522e-20
3.12	3.89901549853e-20
3.13	2.74489323546e-20
3.14	1.92991035563e-20
3.15	1.35515891266e-20
3.16	9.50352995628e-21
3.17	6.65612584789e-21
3.18	4.65586280796e-21
3.19	3.25252853486e-21
3.2	2.26926158737e-21
3.21	1.58121427636e-21
3.22	1.10037273699e-21
3.23	7.64772134568e-22
3.24	5.3084488295e-22
3.25	3.67999108478e-22
3.26	2.54782533848e-22
3.27	1.76171841697e-22
3.28	1.21659910418e-22
3.29	8.39078984383e-23
3.3	5.77966604349e-23
3.31	3.97600928718e-23
3.32	2.73172496493e-23
3.33	1.87444059078e-23
3.34	1.28455204569e-23
3.35	8.79178853036e-24
3.36	6.00963991702e-24
3.37	4.10266013646e-24
3.38	2.79723328779e-24
3.39	1.90475038638e-24
3.4	1.29537009992e-24
3.41	8.79824921354e-25
3.42	5.96822818718e-25
3.43	4.04335173876e-25
3.44	2.73580250695e-25
3.45	1.84873750271e-25
3.46	1.24770873973e-25
3.47	8.41005448643e-26
3.48	5.66150891096e-26
3.49	3.8063922456e-26
3.5	2.55589499693e-26
3.51	1.71403924629e-26
3.52	1.14801341477e-26
3.53	7.67930242835e-27
3.54	5.1303305273e-27
3.55	3.42308626336e-27
3.56	2.2810742434e-27
3.57	1.51813443658e-27
3.58	1.00909122581e-27
3.59	6.69884867872e-28
3.6	4.44139700498e-28
3.61	2.94095827465e-28
3.62	1.94494855529e-28
3.63	1.28462837142e-28
3.64	8.47417017565e-29
3.65	5.58299551066e-29
3.66	3.67356683291e-29
3.67	2.41412261003e-29
3.68	1.58446100188e-29
3.69	1.03861544828e-29
3.7	6.79953373851e-30
3.71	4.44584950429e-30
3.72	2.90323230434e-30
3.73	1.89347841771e-30
3.74	1.23336212269e-30
3.75	8.02366270313e-31
3.76	5.21322731302e-31
3.77	3.38292783157e-31
3.78	2.19245660956e-31
3.79	1.41912814494e-31
3.8	9.1741255618e-32
3.81	5.92325369134e-32
3.82	3.81951923321e-32
3.83	2.45985726446e-32
3.84	1.5822098235e-32
3.85	1.01641562293e-32
3.86	6.52126419888e-33
3.87	4.17874229169e-33
3.88	2.67431667094e-33
3.89	1.70936042168e-33
3.9	1.09120951584e-33
3.91	6.95723143393e-34
3.92	4.43015252395e-34
3.93	2.81744174277e-34
3.94	1.78955629095e-34
3.95	1.13524618147e-34
3.96	7.19265311687e-35
3.97	4.5513755745e-35
3.98	2.87641031178e-35
3.99	1.81557299381e-35
4.0	1.14454116046e-35
4.01	7.20616248496e-36
4.02	4.53139297198e-36
4.03	2.84586668729e-36
4.04	1.78505923695e-36
4.05	1.1182684562e-36
4.06	6.99672786877e-37
4.07	4.37219437669e-37
4.08	2.72872401972e-37
4.09	1.70088731733e-37
4.1	1.05888147486e-37
4.11	6.5837773825e-38
4.12	4.08845295751e-38
4.13	2.53570689951e-38
4.14	1.57070772075e-38
4.15	9.71735528905e-39
4.16	6.00422916757e-39
4.17	3.70529687012e-39
4.18	2.28373352348e-39
4.19	1.40580345972e-39
4.2	8.64292305424e-40
4.21	5.30705560029e-40
4.22	3.25464537031e-40
4.23	1.99347525622e-40
4.24	1.21948160901e-40
4.25	7.45069838489e-41
4.26	4.54648877905e-41
4.27	2.7708484144e-41
4.28	1.68658022451e-41
4.29	1.0253188032e-41
4.3	6.22541933164e-42
4.31	3.77516689205e-42
4.32	2.2864496701e-42
4.33	1.3830732052e-42
4.34	8.35577633509e-43
4.35	5.04181199965e-43
4.36	3.03839879984e-43
4.37	1.82877920778e-43
4.38	1.09935063027e-43
4.39	6.60039188802e-44
4.4	3.9578728152e-44
4.41	2.37035093327e-44
4.42	1.41782374791e-44
4.43	8.47014232959e-45
4.44	5.05380073521e-45
4.45	3.01165031587e-45
4.46	1.79246249533e-45
4.47	1.06550328315e-45
4.48	6.32584821067e-46
4.49	3.75095693961e-46
4.5	2.22138995977e-46
4.51	1.31391424604e-46
4.52	7.76191361706e-47
4.53	4.57962830676e-47
4.54	2.69867989959e-47
4.55	1.58829917158e-47
4.56	9.33626371088e-48
4.57	5.48117729968e-48
4.58	3.21391660156e-48
4.59	1.88215523728e-48
4.6	1.10087100942e-48
4.61	6.43098739402e-49
4.62	3.7521412691e-49
4.63	2.18645767543e-49
4.64	1.27251646152e-49
4.65	7.39684050003e-50
4.66	4.29427327989e-50
4.67	2.48996792206e-50
4.68	1.44197769574e-50
4.69	8.34034697893e-51
4.7	4.81804162149e-51
4.71	2.77982781403e-51
4.72	1.60186617628e-51
4.73	9.21925058348e-52
4.74	5.29939298441e-52
4.75	3.04241054546e-52
4.76	1.74449913451e-52
4.77	9.99044913145e-53
4.78	5.7142685334e-53
4.79	3.26435753956e-53
4.8	1.86250008112e-53
4.81	1.06134468379e-53
4.82	6.0405742715e-54
4.83	3.43369488488e-54
4.84	1.94942678828e-54
4.85	1.10538603739e-54
4.86	6.26012344305e-55
4.87	3.54090078579e-55
4.88	2.00035289074e-55
4.89	1.12865584991e-55
4.9	6.3603142544e-56
4.91	3.57979196499e-56
4.92	2.01233017864e-56
4.93	1.12980368462e-56
4.94	6.33532773547e-57
4.95	3.54811426208e-57
4.96	1.9846712408e-57
4.97	1.10877156946e-57
4.98	6.18668734586e-58
4.99	3.44775895384e-58
5.0	1.91901476464e-58
5.01	1.06679872507e-58
5.02	5.92310546955e-59
5.03	3.28457592375e-59
5.04	1.81916486817e-59
5.05	1.0063007257e-59
5.06	5.55963827327e-60
5.07	3.06780933377e-60
5.08	1.69072636364e-60
5.09	9.30639474652e-61
5.1	5.11626290346e-61
5.11	2.80923147952e-61
5.12	1.54058456487e-61
5.13	8.43814439512e-62
5.14	4.61606387184e-62
5.15	2.52208758043e-62
5.16	1.37629669217e-62
5.17	7.50114512441e-63
5.18	4.08325703703e-63
5.19	2.2199825991e-63
5.2	1.20546934586e-63
5.21	6.53772383123e-64
5.22	3.54128450699e-64
5.23	1.91583880351e-64
5.24	1.03519235788e-64
5.25	5.58659442745e-65
5.26	3.01118385482e-65
5.27	1.62103164556e-65
5.28	8.71585208699e-66
5.29	4.68050156986e-66
5.3	2.51037829753e-66
5.31	1.34477686079e-66
5.32	7.19491404078e-67
5.33	3.84472572874e-67
5.34	2.05196305216e-67
5.35	1.0938006402e-67
5.36	5.82332889798e-68
5.37	3.09648528538e-68
5.38	1.6444903202e-68
5.39	8.72284724144e-69
5.4	4.62114825323e-69
5.41	2.44515429568e-69
5.42	1.2921930911e-69
5.43	6.82045552057e-70
5.44	3.59554072354e-70
5.45	1.89312787778e-70
5.46	9.95544415816e-71
5.47	5.22885169564e-71
5.48	2.74294465058e-71
5.49	1.43711936903e-71
5.5	7.52027569215e-72
5.51	3.93042799136e-72
5.52	2.051687112e-72
5.53	1.06966469638e-72
5.54	5.56992671916e-73
5.55	2.89678743685e-73
5.56	1.50469730763e-73
5.57	7.80633291617e-74
5.58	4.04492471629e-74
5.59	2.09333775772e-74
5.6	1.08201604376e-74
5.61	5.58590651383e-75
5.62	2.880177374e-75
5.63	1.48323666858e-75
5.64	7.62899551759e-76
5.65	3.919132907e-76
5.66	2.01084403899e-76
5.67	1.03046343823e-76
5.68	5.27415182477e-77
5.69	2.69611583301e-77
5.7	1.37654490419e-77
5.71	7.01953225228e-78
5.72	3.57513097241e-78
5.73	1.81861918551e-78
5.74	9.23969523232e-79
5.75	4.68856161328e-79
5.76	2.37622602635e-79
5.77	1.20282388987e-79
5.78	6.08110573262e-80
5.79	3.07064289473e-80
5.8	1.54861105289e-80
5.81	7.80048699117e-81
5.82	3.92434729887e-81
5.83	1.97187573894e-81
5.84	9.89596335968e-82
5.85	4.96024439075e-82
5.86	2.48321639295e-82
5.87	1.24163111965e-82
5.88	6.20064940569e-83
5.89	3.09277526198e-83
5.9	1.54072873661e-83
5.91	7.66603274356e-84
5.92	3.80962175368e-84
5.93	1.89086176717e-84
5.94	9.373558004e-85
5.95	4.64104696133e-85
5.96	2.29506129545e-85
5.97	1.13354687024e-85
5.98	5.59179929872e-86
5.99	2.7550570786e-86
6.0	1.35574056704e-86
#normalisation = 0.173076923077
#eerste moment n(k)k**2 = 0.161649333156
#2e moment n(k)k**2 = 0.157987380888
#3e moment n(k)k**2 = 0.160970284596
#4e moment n(k)k**2 = 0.170434024882
#sigma**2 n(k)k**2 = 0.131856873978
#kurtosis n(k)k**2 = 2.12315628093
#skewness n(k)k**2 = 1.93823253464
