# mass number (A) = 208
# number of protons (Z) = 82
#units k = 1/fm , units n_1(k) = fm^3
# k (1/fm)	tot
0.0	0.0
0.01	0.00193165389208
0.02	0.00770150986679
0.03	0.0172346182639
0.04	0.0304072816394
0.05	0.0470488613164
0.06	0.0669442641039
0.07	0.0898370677014
0.08	0.11543323281
0.09	0.143405340456
0.1	0.173397284671
0.11	0.205029343618
0.12	0.237903546613
0.13	0.271609250393
0.14	0.305728835437
0.15	0.339843432259
0.16	0.373538588237
0.17	0.406409787872
0.18	0.43806774309
0.19	0.468143375437
0.2	0.496292418467
0.21	0.52219957627
0.22	0.545582182712
0.23	0.566193315333
0.24	0.583824327924
0.25	0.598306776184
0.26	0.60951372151
0.27	0.617360408598
0.28	0.62180432294
0.29	0.622844644357
0.3	0.62052112216
0.31	0.614912406269
0.32	0.606133876503
0.33	0.594335019129
0.34	0.579696405562
0.35	0.562426332756
0.36	0.542757188269
0.37	0.520941605208
0.38	0.497248473276
0.39	0.471958871936
0.4	0.445361990402
0.41	0.417751096768
0.42	0.389419615181
0.43	0.360657365756
0.44	0.331747016852
0.45	0.302960793739
0.46	0.274557481467
0.47	0.246779753279
0.48	0.219851849121
0.49	0.193977621992
0.5	0.169338963029
0.51	0.146094609632
0.52	0.124379334503
0.53	0.104303507515
0.54	0.0859530167729
0.55	0.0693895302498
0.56	0.0546510749674
0.57	0.0417529069661
0.58	0.0306886422214
0.59	0.0214316162911
0.6	0.0139364387924
0.61	0.00814070779979
0.62	0.00396684890813
0.63	0.00132404397752
0.64	0.000110215422315
0.65	0.000214033278611
0.66	0.00151691411582
0.67	0.00389498308873
0.68	0.00722097298701
0.69	0.0113660369606
0.7	0.0162014546133
0.71	0.0216002142925
0.72	0.0274384576005
0.73	0.0335967753428
0.74	0.0399613472622
0.75	0.0464249209269
0.76	0.0528876280072
0.77	0.0592576388392
0.78	0.0654516586195
0.79	0.0713952707606
0.8	0.0770231348553
0.81	0.0822790483328
0.82	0.087115882239
0.83	0.0914954026324
0.84	0.0953879898662
0.85	0.0987722685395
0.86	0.10163466115
0.87	0.103968878497
0.88	0.105775359694
0.89	0.10706067423
0.9	0.107836898004
0.91	0.108120974489
0.92	0.107934071434
0.93	0.107300942537
0.94	0.106249302576
0.95	0.104809223462
0.96	0.103012557617
0.97	0.100892394061
0.98	0.0984825515318
0.99	0.0958171120118
1.0	0.0929299970399
1.01	0.0898545883445
1.02	0.0866233934833
1.03	0.0832677564453
1.04	0.0798176125022
1.05	0.076301286013
1.06	0.0727453293877
1.07	0.0691744010025
1.08	0.0656111795205
1.09	0.0620763118182
1.1	0.0585883915329
1.11	0.0551639651325
1.12	0.0518175623529
1.13	0.0485617478548
1.14	0.0454071910017
1.15	0.0423627507568
1.16	0.0394355728272
1.17	0.0366311963451
1.18	0.0339536675597
1.19	0.0314056582132
1.2	0.0289885864902
1.21	0.0267027386465
1.22	0.0245473896486
1.23	0.0225209213724
1.24	0.0206209371283
1.25	0.0188443714833
1.26	0.0171875945499
1.27	0.0156465100947
1.28	0.0142166469898
1.29	0.012893243685
1.3	0.0116713255192
1.31	0.0105457748138
1.32	0.00951139379804
1.33	0.00856296051025
1.34	0.00769527789789
1.35	0.0069032164017
1.36	0.00618175036237
1.37	0.00552598862578
1.38	0.00493119975166
1.39	0.00439283224774
1.4	0.00390653026116
1.41	0.00346814515972
1.42	0.00307374343063
1.43	0.00271961131333
1.44	0.00240225656745
1.45	0.00211840775797
1.46	0.00186501141734
1.47	0.00163922742053
1.48	0.00143842288339
1.49	0.00126016486859
1.5	0.00110221215698
1.51	0.000962506316055
1.52	0.00083916227167
1.53	0.000730458564477
1.54	0.000634827449141
1.55	0.000550844972248
1.56	0.000477221144209
1.57	0.00041279030144
1.58	0.000356501737643
1.59	0.000307410667287
1.6	0.000264669570179
1.61	0.000227519953478
1.62	0.000195284556406
1.63	0.00016736001331
1.64	0.000143209982444
1.65	0.000122358740818
1.66	0.000104385239609
1.67	8.8917609803e-05
1.68	7.56281038643e-05
1.69	6.42284562323e-05
1.7	5.44656431386e-05
1.71	4.61180206444e-05
1.72	3.89918187318e-05
1.73	3.29179687188e-05
1.74	2.77492411049e-05
1.75	2.33576711368e-05
1.76	1.96322498363e-05
1.77	1.64768589126e-05
1.78	1.38084288299e-05
1.79	1.15553002789e-05
1.8	9.65577036895e-06
1.81	8.05680598604e-06
1.82	6.71290791891e-06
1.83	5.58511052369e-06
1.84	4.6401028533e-06
1.85	3.84945830948e-06
1.86	3.18896096942e-06
1.87	2.63801778655e-06
1.88	2.17914685979e-06
1.89	1.79753290325e-06
1.9	1.48064192508e-06
1.91	1.21788794026e-06
1.92	1.00034529613e-06
1.93	8.20500883042e-07
1.94	6.72041137419e-07
1.95	5.49669322416e-07
1.96	4.48949095953e-07
1.97	3.66170849224e-07
1.98	2.98237724851e-07
1.99	2.42568605573e-07
2.0	1.97015705273e-07
2.01	1.59794697474e-07
2.02	1.29425585541e-07
2.03	1.04682756666e-07
2.04	8.45528713922e-08
2.05	6.81994246595e-08
2.06	5.493297575e-08
2.07	4.41861855612e-08
2.08	3.5492922475e-08
2.09	2.84708048676e-08
2.1	2.28066408181e-08
2.11	1.82443055534e-08
2.12	1.45746661192e-08
2.13	1.16272220799e-08
2.14	9.26318193326e-09
2.15	7.36973848602e-09
2.16	5.85534363352e-09
2.17	4.64581467659e-09
2.18	3.68113125134e-09
2.19	2.91280479664e-09
2.2	2.30172182304e-09
2.21	1.81637857799e-09
2.22	1.43143846385e-09
2.23	1.12655513758e-09
2.24	8.85413931633e-10
2.25	6.94952367433e-10
2.26	5.44727328847e-10
2.27	4.26402130724e-10
2.28	3.33331435411e-10
2.29	2.60225889145e-10
2.3	2.0288159943e-10
2.31	1.57962263194e-10
2.32	1.22823976041e-10
2.33	9.53745833624e-11
2.34	7.39609400786e-11
2.35	5.72786825344e-11
2.36	4.43001298734e-11
2.37	3.42167616517e-11
2.38	2.63933958657e-11
2.39	2.03317437969e-11
2.4	1.56414674365e-11
2.41	1.20172302653e-11
2.42	9.22052812452e-12
2.43	7.06532646071e-12
2.44	5.40672378004e-12
2.45	4.13201725622e-12
2.46	3.15367213046e-12
2.47	2.40379757108e-12
2.48	1.82981272543e-12
2.49	1.39105163097e-12
2.5	1.05610757839e-12
2.51	8.00758971941e-13
2.52	6.06351768264e-13
2.53	4.58539859841e-13
2.54	3.46305646968e-13
2.55	2.61199598155e-13
2.56	1.96750705863e-13
2.57	1.48010103901e-13
2.58	1.11198287311e-13
2.59	8.34328153256e-14
2.6	6.25184430754e-14
2.61	4.67856049524e-14
2.62	3.4966290705e-14
2.63	2.60987959438e-14
2.64	1.94547360264e-14
2.65	1.44832004044e-14
2.66	1.07680837423e-14
2.67	7.99553171257e-15
2.68	5.92913948883e-15
2.69	4.39108377236e-15
2.7	3.24778937039e-15
2.71	2.39905610707e-15
2.72	1.76982245823e-15
2.73	1.30393539635e-15
2.74	9.59444478644e-16
2.75	7.05052312498e-16
2.76	5.17441039864e-16
2.77	3.79261491679e-16
2.78	2.77622897809e-16
2.79	2.0296015127e-16
2.8	1.48185439984e-16
2.81	1.08053751112e-16
2.82	7.86889977071e-17
2.83	5.72306027596e-17
2.84	4.15702899309e-17
2.85	3.01563306718e-17
2.86	2.18481631009e-17
2.87	1.58085714597e-17
2.88	1.14238334264e-17
2.89	8.24466291871e-18
2.9	5.94259345233e-18
2.91	4.27780981368e-18
2.92	3.0754560238e-18
2.93	2.20821026272e-18
2.94	1.58348675155e-18
2.95	1.13404895592e-18
2.96	8.11134323167e-19
2.97	5.7942550397e-19
2.98	4.13377210483e-19
2.99	2.94536951869e-19
3.0	2.09593407146e-19
3.01	1.48956772378e-19
3.02	1.05727491236e-19
3.03	7.49481415084e-20
3.04	5.30614731201e-20
3.05	3.75183262614e-20
3.06	2.64943670195e-20
3.07	1.86857183966e-20
3.08	1.31617133051e-20
3.09	9.25894797257e-21
3.1	6.50515521182e-21
3.11	4.56457865213e-21
3.12	3.19882842155e-21
3.13	2.23886868726e-21
3.14	1.56499850429e-21
3.15	1.09256443777e-21
3.16	7.61777641903e-22
3.17	5.30466067345e-22
3.18	3.68922730292e-22
3.19	2.56248795006e-22
3.2	1.77761232278e-22
3.21	1.23157613266e-22
3.22	8.52186506904e-23
3.23	5.88921494902e-23
3.24	4.06471128875e-23
3.25	2.80189417245e-23
3.26	1.92896193614e-23
3.27	1.32631191356e-23
3.28	9.10789346163e-24
3.29	6.24655610658e-24
3.3	4.27872084133e-24
3.31	2.92710319795e-24
3.32	1.99992200394e-24
3.33	1.36470628903e-24
3.34	9.30072068559e-25
3.35	6.3306084e-25
3.36	4.30354053298e-25
3.37	2.92185127787e-25
3.38	1.98126348293e-25
3.39	1.34177112112e-25
3.4	9.07542303807e-26
3.41	6.13066665687e-26
3.42	4.13619558765e-26
3.43	2.78706515673e-26
3.44	1.87562501969e-26
3.45	1.26065979263e-26
3.46	8.46258262493e-27
3.47	5.67363278767e-27
3.48	3.79903199428e-27
3.49	2.54061142589e-27
3.5	1.69690391919e-27
3.51	1.13195746701e-27
3.52	7.54148642436e-28
3.53	5.01808397917e-28
3.54	3.33482585113e-28
3.55	2.2134147089e-28
3.56	1.46725958599e-28
3.57	9.71417188432e-29
3.58	6.42331776627e-29
3.59	4.24197355635e-29
3.6	2.79789595923e-29
3.61	1.84310614786e-29
3.62	1.2126192091e-29
3.63	7.96808529077e-30
3.64	5.22924589009e-30
3.65	3.42751872181e-30
3.66	2.24376005484e-30
3.67	1.46699594752e-30
3.68	9.57938133107e-31
3.69	6.24744115221e-31
3.7	4.0693324223e-31
3.71	2.64728416999e-31
3.72	1.72002386198e-31
3.73	1.11615629051e-31
3.74	7.23389656118e-32
3.75	4.68248542624e-32
3.76	3.02717510333e-32
3.77	1.95459026349e-32
3.78	1.26046592245e-32
3.79	8.11827549238e-33
3.8	5.22220441764e-33
3.81	3.35506906384e-33
3.82	2.15281485401e-33
3.83	1.37965221834e-33
3.84	8.83060371774e-34
3.85	5.6450670096e-34
3.86	3.604174782e-34
3.87	2.29826828403e-34
3.88	1.46370596696e-34
3.89	9.31033487684e-35
3.9	5.91473374836e-35
3.91	3.75287098368e-35
3.92	2.37821275668e-35
3.93	1.50520795922e-35
3.94	9.51483225094e-36
3.95	6.00709761451e-36
3.96	3.78780192555e-36
3.97	2.38544245048e-36
3.98	1.50040959035e-36
3.99	9.42562194305e-37
4.0	5.91384026836e-37
4.01	3.705856884e-37
4.02	2.31935521037e-37
4.03	1.44979149568e-37
4.04	9.0511461443e-38
4.05	5.64366780062e-38
4.06	3.51462691122e-38
4.07	2.18603457851e-38
4.08	1.35798483426e-38
4.09	8.42544781281e-39
4.1	5.22097160303e-39
4.11	3.23124596574e-39
4.12	1.99732683764e-39
4.13	1.23307295287e-39
4.14	7.60307023941e-40
4.15	4.68219947201e-40
4.16	2.87986135102e-40
4.17	1.76910693965e-40
4.18	1.08541922881e-40
4.19	6.65122949788e-41
4.2	4.07068438118e-41
4.21	2.48825039421e-41
4.22	1.51908460493e-41
4.23	9.26256246893e-42
4.24	5.64081322815e-42
4.25	3.4309449374e-42
4.26	2.08423799648e-42
4.27	1.26456884141e-42
4.28	7.66300881369e-43
4.29	4.63786312252e-43
4.3	2.80348576666e-43
4.31	1.69254678524e-43
4.32	1.02057512504e-43
4.33	6.14626549699e-44
4.34	3.69691755169e-44
4.35	2.22090711343e-44
4.36	1.33254927048e-44
4.37	7.98543311138e-45
4.38	4.77942955334e-45
4.39	2.85703860774e-45
4.4	1.70576294977e-45
4.41	1.01714726424e-45
4.42	6.05775424391e-46
4.43	3.60331465998e-46
4.44	2.14069855103e-46
4.45	1.27019879112e-46
4.46	7.52750050149e-47
4.47	4.45546332744e-47
4.48	2.63389222036e-47
4.49	1.55512833634e-47
4.5	9.17059769994e-48
4.51	5.4012251785e-48
4.52	3.1772414609e-48
4.53	1.8666870581e-48
4.54	1.09535836829e-48
4.55	6.41954760624e-49
4.56	3.75764853533e-49
4.57	2.19680490171e-49
4.58	1.28271590506e-49
4.59	7.48054411324e-50
4.6	4.35712152515e-50
4.61	2.5347200033e-50
4.62	1.47273362764e-50
4.63	8.54638324733e-51
4.64	4.95341290445e-51
4.65	2.86741637736e-51
4.66	1.65783426191e-51
4.67	9.57316700469e-52
4.68	5.52121158079e-52
4.69	3.18036840813e-52
4.7	1.82972074308e-52
4.71	1.05137243633e-52
4.72	6.03382640149e-53
4.73	3.45854584719e-53
4.74	1.97997095175e-53
4.75	1.1321102141e-53
4.76	6.46521928215e-54
4.77	3.68758910717e-54
4.78	2.10071217419e-54
4.79	1.19524076723e-54
4.8	6.79217881045e-55
4.81	3.85502982204e-55
4.82	2.18530139258e-55
4.83	1.2372571212e-55
4.84	6.99638420729e-56
4.85	3.95141330661e-56
4.86	2.2289300177e-56
4.87	1.25575704909e-56
4.88	7.06610491905e-57
4.89	3.97118255571e-57
4.9	2.22907655467e-57
4.91	1.24967052056e-57
4.92	6.99731656981e-58
4.93	3.91320881843e-58
4.94	2.18574792511e-58
4.95	1.21936218567e-58
4.96	6.79408558773e-59
4.97	3.78089827692e-59
4.98	2.10147731789e-59
4.99	1.16659524037e-59
5.0	6.46817137592e-60
5.01	3.58186081047e-60
5.02	1.98107905443e-60
5.03	1.09436164892e-60
5.04	6.03790013601e-61
5.05	3.32718563046e-61
5.06	1.83119345088e-61
5.07	1.00660145309e-61
5.08	5.52646029484e-62
5.09	3.03041964362e-62
5.1	1.65968148938e-62
5.11	9.07847766714e-63
5.12	4.95983983232e-63
5.13	2.70637927709e-63
5.14	1.47494590581e-63
5.15	8.02841831579e-64
5.16	4.36465982606e-64
5.17	2.36994003607e-64
5.18	1.28525973706e-64
5.19	6.96163222722e-65
5.2	3.76615264648e-65
5.21	2.0349393435e-65
5.22	1.0981755387e-65
5.23	5.9191432349e-66
5.24	3.18649145506e-66
5.25	1.71330045727e-66
5.26	9.20070710386e-67
5.27	4.93487118362e-67
5.28	2.64361017025e-67
5.29	1.4144448648e-67
5.3	7.55860561945e-68
5.31	4.03426515818e-68
5.32	2.15057365193e-68
5.33	1.1450155019e-68
5.34	6.088854741e-69
5.35	3.23390380968e-69
5.36	1.71548077855e-69
5.37	9.08891253979e-70
5.38	4.80955989948e-70
5.39	2.54194490088e-70
5.4	1.34182025594e-70
5.41	7.07440642272e-71
5.42	3.72523054657e-71
5.43	1.95922279901e-71
5.44	1.029157995e-71
5.45	5.39942942123e-72
5.46	2.82931504811e-72
5.47	1.48075227483e-72
5.48	7.74018248081e-73
5.49	4.04098944797e-73
5.5	2.10713321102e-73
5.51	1.09739773672e-73
5.52	5.70826272388e-74
5.53	2.96559407036e-74
5.54	1.53881831495e-74
5.55	7.97500403984e-75
5.56	4.12802607852e-75
5.57	2.13413525535e-75
5.58	1.10196922943e-75
5.59	5.68309670811e-76
5.6	2.92730994231e-76
5.61	1.50598443501e-76
5.62	7.73820808696e-77
5.63	3.97126164455e-77
5.64	2.03556420698e-77
5.65	1.04209988525e-77
5.66	5.32846550861e-78
5.67	2.72121758377e-78
5.68	1.38801035881e-78
5.69	7.07115740922e-79
5.7	3.5979629905e-79
5.71	1.82848455866e-79
5.72	9.2809909814e-80
5.73	4.70506775418e-80
5.74	2.38235194184e-80
5.75	1.20479870883e-80
5.76	6.08543505593e-81
5.77	3.06999285029e-81
5.78	1.54686252534e-81
5.79	7.78457169967e-82
5.8	3.91278880044e-82
5.81	1.96429539015e-82
5.82	9.84908585328e-83
5.83	4.93234914995e-83
5.84	2.46706442545e-83
5.85	1.23246895398e-83
5.86	6.14950743542e-84
5.87	3.0645982308e-84
5.88	1.52537162018e-84
5.89	7.58309862382e-85
5.9	3.76518829924e-85
5.91	1.86722080119e-85
5.92	9.2485502437e-86
5.93	4.57531160142e-86
5.94	2.26066782593e-86
5.95	1.11563444771e-86
5.96	5.49890465535e-87
5.97	2.70707071812e-87
5.98	1.33104327709e-87
5.99	6.53663056266e-88
6.0	3.20615798522e-88
#normalisation = 0.0576923076923
#eerste moment n(k)k**2 = 0.0459690291162
#2e moment n(k)k**2 = 0.0430874675148
#3e moment n(k)k**2 = 0.0440153121941
#4e moment n(k)k**2 = 0.0472765710046
#sigma**2 n(k)k**2 = 0.0409743158769
#kurtosis n(k)k**2 = 20.6561086848
#skewness n(k)k**2 = 4.61384284565
