# mass number (A) = 40
# number of protons (Z) = 18
# k (1/fm)	P (1/fm)	relative two_body (fm^3)

0.0	0.0	13.0858003638
0.0	0.02	13.0661099998
0.0	0.04	13.0073487951
0.0	0.06	12.9104378596
0.0	0.08	12.7768842159
0.0	0.1	12.6087397514
0.0	0.12	12.408546073
0.0	0.14	12.1792674378
0.0	0.16	11.9242143531
0.0	0.18	11.6469607274
0.0	0.2	11.3512575945
0.0	0.22	11.0409464295
0.0	0.24	10.7198749283
0.0	0.26	10.3918178466
0.0	0.28	10.0604051149
0.0	0.3	9.72905898351
0.0	0.32	9.40094144039
0.0	0.34	9.07891261328
0.0	0.36	8.76550034841
0.0	0.38	8.46288067851
0.0	0.4	8.17286847696
0.0	0.42	7.89691726072
0.0	0.44	7.6361268645
0.0	0.46	7.39125756714
0.0	0.48	7.16274920696
0.0	0.5	6.9507438675
0.0	0.52	6.75511083678
0.0	0.54	6.5754727234
0.0	0.56	6.41123183359
0.0	0.58	6.26159615336
0.0	0.6	6.12560451988
0.0	0.62	6.00215078789
0.0	0.64	5.89000698595
0.0	0.66	5.787845602
0.0	0.68	5.69426123187
0.0	0.7	5.60779186566
0.0	0.72	5.52694007712
0.0	0.74	5.45019432658
0.0	0.76	5.37605049734
0.0	0.78	5.30303366926
0.0	0.8	5.22972000537
0.0	0.82	5.15475849794
0.0	0.84	5.07689220353
0.0	0.86	4.99497850064
0.0	0.88	4.90800783775
0.0	0.9	4.8151204083
0.0	0.92	4.71562019607
0.0	0.94	4.60898587835
0.0	0.96	4.49487815285
0.0	0.98	4.37314316217
0.0	1.0	4.24381182012
0.0	1.02	4.10709498908
0.0	1.04	3.96337460784
0.0	1.06	3.81319101749
0.0	1.08	3.65722686918
0.0	1.1	3.49628811678
0.0	1.12	3.33128269235
0.0	1.14	3.16319753002
0.0	1.16	2.99307464193
0.0	1.18	2.82198695717
0.0	1.2	2.65101461363
0.0	1.22	2.48122234446
0.0	1.24	2.31363853078
0.0	1.26	2.14923640365
0.0	1.28	1.9889177771
0.0	1.3	1.83349958595
0.0	1.32	1.68370339085
0.0	1.34	1.54014790575
0.0	1.36	1.40334450195
0.0	1.38	1.27369555281
0.0	1.4	1.15149540656
0.0	1.42	1.03693371294
0.0	1.44	0.930100783742
0.0	1.46	0.830994638099
0.0	1.48	0.739529369126
0.0	1.5	0.655544469037
0.0	1.52	0.578814762587
0.0	1.54	0.50906062205
0.0	1.56	0.445958168503
0.0	1.58	0.389149201788
0.0	1.6	0.338250642797
0.0	1.62	0.292863314758
0.0	1.64	0.252579932971
0.0	1.66	0.216992213565
0.0	1.68	0.185697049864
0.0	1.7	0.158301739102
0.0	1.72	0.13442827169
0.0	1.74	0.113716719839
0.0	1.76	0.0958277818044
0.0	1.78	0.0804445526334
0.0	1.8	0.0672736022039
0.0	1.82	0.0560454471107
0.0	1.84	0.0465145049862
0.0	1.86	0.038458618787
0.0	1.88	0.0316782349901
0.0	1.9	0.025995314105
0.0	1.92	0.0212520449836
0.0	1.94	0.0173094265756
0.0	1.96	0.0140457724905
0.0	1.98	0.0113551853432
0.0	2.0	0.00914603969019
0.0	2.02	0.00733950463287
0.0	2.04	0.00586813005193
0.0	2.06	0.00467451404554
0.0	2.08	0.00371006354418
0.0	2.1	0.0029338552823
0.0	2.12	0.0023116003099
0.0	2.14	0.00181471198598
0.0	2.16	0.0014194748522
0.0	2.18	0.00110630986831
0.0	2.2	0.000859130124306
0.0	2.22	0.000664780247585
0.0	2.24	0.000512552219306
0.0	2.26	0.000393770127893
0.0	2.28	0.000301436452114
0.0	2.3	0.000229932720064
0.0	2.32	0.000174767781112
0.0	2.34	0.000132367410492
0.0	2.36	9.9899503515e-05
0.0	2.38	7.51296784668e-05
0.0	2.4	5.63026707754e-05
0.0	2.42	4.20454484074e-05
0.0	2.44	3.12884971392e-05
0.0	2.46	2.32022059515e-05
0.0	2.48	1.71457223326e-05
0.0	2.5	1.26260424851e-05
0.0	2.52	9.26545211549e-06
0.0	2.54	6.77574098528e-06
0.0	2.56	4.93788113287e-06
0.0	2.58	3.58608774e-06
0.0	2.6	2.59537652029e-06
0.0	2.62	1.87189590525e-06
0.0	2.64	1.34544983672e-06
0.0	2.66	9.63741141126e-07
0.0	2.68	6.87959527896e-07
0.0	2.7	4.89415211441e-07
0.0	2.72	3.46981685877e-07
0.0	2.74	2.45161654581e-07
0.0	2.76	1.72630598535e-07
0.0	2.78	1.21144735405e-07
0.0	2.8	8.4725687823e-08
0.0	2.82	5.90543178317e-08
0.0	2.84	4.1021956862e-08
0.0	2.86	2.83995447179e-08
0.0	2.88	1.9594706132e-08
0.0	2.9	1.34741243054e-08
0.0	2.92	9.23418922764e-09
0.0	2.94	6.30718231623e-09
0.0	2.96	4.29350850439e-09
0.0	2.98	2.91293969796e-09
0.0	3.0	1.96967578935e-09
0.0	3.02	1.32740641533e-09
0.0	3.04	8.91580957834e-10
0.0	3.06	5.96852646299e-10
0.0	3.08	3.98221458885e-10
0.0	3.1	2.64810430564e-10
0.0	3.12	1.75509276261e-10
0.0	3.14	1.15936786672e-10
0.0	3.16	7.63308759218e-11
0.0	3.18	5.0088567845e-11
0.0	3.2	3.27595489997e-11
0.0	3.22	2.13550045621e-11
0.0	3.24	1.38747566041e-11
0.0	3.26	8.98496724565e-12
0.0	3.28	5.79928546924e-12
0.0	3.3	3.73078961891e-12
0.0	3.32	2.39219572228e-12
0.0	3.34	1.52884587959e-12
0.0	3.36	9.73874735775e-13
0.0	3.38	6.18324152012e-13
0.0	3.4	3.91295038861e-13
0.0	3.42	2.46813421231e-13
0.0	3.44	1.55171071781e-13
0.0	3.46	9.72369978531e-14
0.0	3.48	6.07340627684e-14
0.0	3.5	3.78106664745e-14
0.0	3.52	2.34627392364e-14
0.0	3.54	1.451197879e-14
0.0	3.56	8.94662499419e-15
0.0	3.58	5.4976568686e-15
0.0	3.6	3.36730864691e-15
0.0	3.62	2.05577795026e-15
0.0	3.64	1.25100351747e-15
0.0	3.66	7.58806349958e-16
0.0	3.68	4.58769474969e-16
0.0	3.7	2.76471404345e-16
0.0	3.72	1.66073015598e-16
0.0	3.74	9.94356365368e-17
0.0	3.76	5.93444552289e-17
0.0	3.78	3.53032179632e-17
0.0	3.8	2.09336730982e-17
0.0	3.82	1.23729855151e-17
0.0	3.84	7.28957829981e-18
0.0	3.86	4.2808502672e-18
0.0	3.88	2.50586855124e-18
0.0	3.9	1.46213684197e-18
0.0	3.92	8.50393827196e-19
0.0	3.94	4.9300958978e-19
0.0	3.96	2.84901448094e-19
0.0	3.98	1.64111414299e-19
0.0	4.0	9.42298652097e-20

0.02	0.0	13.076603182
0.02	0.02	13.0569828099
0.02	0.04	12.9984303214
0.02	0.06	12.9018630799
0.02	0.08	12.7687819715
0.02	0.1	12.6012305147
0.02	0.12	12.401739927
0.02	0.14	12.1732623158
0.02	0.16	11.9190945771
0.02	0.18	11.6427958727
0.02	0.2	11.3481016992
0.02	0.22	11.0388375549
0.02	0.24	10.7188350659
0.02	0.26	10.3918531569
0.02	0.28	10.0615064759
0.02	0.3	9.73120281619
0.02	0.32	9.40409077506
0.02	0.34	9.0830183548
0.02	0.36	8.77050269618
0.02	0.38	8.46871065639
0.02	0.4	8.17944952904
0.02	0.42	7.90416687105
0.02	0.44	7.64395816263
0.02	0.46	7.39958088564
0.02	0.48	7.17147356214
0.02	0.5	6.95977834024
0.02	0.52	6.7643658357
0.02	0.54	6.58486111814
0.02	0.56	6.42066995091
0.02	0.58	6.27100463324
0.02	0.6	6.13490903254
0.02	0.62	6.01128261588
0.02	0.64	5.89890347761
0.02	0.66	5.7964505043
0.02	0.68	5.70252491174
0.02	0.7	5.61567142919
0.02	0.72	5.53439939616
0.02	0.74	5.45720398193
0.02	0.76	5.38258764711
0.02	0.78	5.30908185055
0.02	0.8	5.23526887667
0.02	0.82	5.15980352905
0.02	0.84	5.08143431962
0.02	0.86	4.99902368644
0.02	0.88	4.91156670794
0.02	0.9	4.81820775006
0.02	0.92	4.7182544899
0.02	0.94	4.61118880341
0.02	0.96	4.49667408316
0.02	0.98	4.37455866039
0.02	1.0	4.24487513548
0.02	1.02	4.10783556615
0.02	1.04	3.96382261271
0.02	1.06	3.81337688746
0.02	1.08	3.65718089182
0.02	1.1	3.49604004337
0.02	1.12	3.33086139014
0.02	1.14	3.16263067666
0.02	1.16	2.99238846466
0.02	1.18	2.82120601818
0.02	1.2	2.65016164194
0.02	1.22	2.48031811382
0.02	1.24	2.31270178195
0.02	1.26	2.14828380858
0.02	1.28	1.98796394195
0.02	1.3	1.83255708891
0.02	1.32	1.6827828507
0.02	1.34	1.53925807642
0.02	1.36	1.40249238832
0.02	1.38	1.27288654306
0.02	1.4	1.15073341629
0.02	1.42	1.03622133674
0.02	1.44	0.929439450105
0.02	1.46	0.830384763918
0.02	1.48	0.738970510687
0.02	1.5	0.655035466722
0.02	1.52	0.578353877123
0.02	1.54	0.508645660599
0.02	1.56	0.445586599411
0.02	1.58	0.388818257231
0.02	1.6	0.337957409
0.02	1.62	0.292604809795
0.02	1.64	0.252353172487
0.02	1.66	0.216794264984
0.02	1.68	0.185525075854
0.02	1.7	0.158153031201
0.02	1.72	0.134300275097
0.02	1.74	0.113607050412
0.02	1.76	0.0957342363178
0.02	1.78	0.0803651133319
0.02	1.8	0.0672064366406
0.02	1.82	0.055988904186
0.02	1.84	0.0464671080302
0.02	1.86	0.038419056437
0.02	1.88	0.031645350521
0.02	1.9	0.025968093781
0.02	1.92	0.0212296059037
0.02	1.94	0.0172910044054
0.02	1.96	0.0140307093891
0.02	1.98	0.0113429183256
0.02	2.0	0.00913608960066
0.02	2.02	0.00733146585195
0.02	2.04	0.00586166101233
0.02	2.06	0.00466932859489
0.02	2.08	0.00370592316188
0.02	2.1	0.00293056213375
0.02	2.12	0.00230899110365
0.02	2.14	0.00181265258665
0.02	2.16	0.00141785559336
0.02	2.18	0.00110504150499
0.02	2.2	0.000858140362798
0.02	2.22	0.000664010790458
0.02	2.24	0.000511956265669
0.02	2.26	0.000393310272135
0.02	2.28	0.000301082928394
0.02	2.3	0.000229661944364
0.02	2.32	0.000174561147386
0.02	2.34	0.000132210302205
0.02	2.36	9.97804864833e-05
0.02	2.38	7.50398452728e-05
0.02	2.4	5.62351110839e-05
0.02	2.42	4.19948232048e-05
0.02	2.44	3.12506982333e-05
0.02	2.46	2.3174085007e-05
0.02	2.48	1.71248762948e-05
0.02	2.5	1.26106444728e-05
0.02	2.52	9.25411877933e-06
0.02	2.54	6.76742895433e-06
0.02	2.56	4.93180654265e-06
0.02	2.58	3.58166398228e-06
0.02	2.6	2.59216630519e-06
0.02	2.62	1.86957450934e-06
0.02	2.64	1.34377705104e-06
0.02	2.66	9.62539953053e-07
0.02	2.68	6.87099990327e-07
0.02	2.7	4.88802289337e-07
0.02	2.72	3.46546138299e-07
0.02	2.74	2.44853222837e-07
0.02	2.76	1.72412938426e-07
0.02	2.78	1.20991662615e-07
0.02	2.8	8.46184076322e-08
0.02	2.82	5.89793894444e-08
0.02	2.84	4.096980361e-08
0.02	2.86	2.83633681517e-08
0.02	2.88	1.95696976723e-08
0.02	2.9	1.34568951954e-08
0.02	2.92	9.22235996633e-09
0.02	2.94	6.29908811846e-09
0.02	2.96	4.28798882486e-09
0.02	2.98	2.90918841186e-09
0.02	3.0	1.96713496214e-09
0.02	3.02	1.32569126974e-09
0.02	3.04	8.90427079519e-10
0.02	3.06	5.96078978744e-10
0.02	3.08	3.9770446399e-10
0.02	3.1	2.64466114158e-10
0.02	3.12	1.75280731734e-10
0.02	3.14	1.15785595099e-10
0.02	3.16	7.62311908883e-11
0.02	3.18	5.00230620277e-11
0.02	3.2	3.27166468359e-11
0.02	3.22	2.13269999358e-11
0.02	3.24	1.38565372311e-11
0.02	3.26	8.97315338348e-12
0.02	3.28	5.79165050638e-12
0.02	3.3	3.72587171309e-12
0.02	3.32	2.3890384401e-12
0.02	3.34	1.52682561558e-12
0.02	3.36	9.72586290467e-13
0.02	3.38	6.17505143255e-13
0.02	3.4	3.90776146435e-13
0.02	3.42	2.46485753367e-13
0.02	3.44	1.54964838109e-13
0.02	3.46	9.71076211892e-14
0.02	3.48	6.06531672628e-14
0.02	3.5	3.77602507165e-14
0.02	3.52	2.34314220285e-14
0.02	3.54	1.44925888736e-14
0.02	3.56	8.93465906788e-15
0.02	3.58	5.49029656913e-15
0.02	3.6	3.36279606926e-15
0.02	3.62	2.05302032543e-15
0.02	3.64	1.24932383116e-15
0.02	3.66	7.57786573702e-16
0.02	3.68	4.58152359402e-16
0.02	3.7	2.76099171958e-16
0.02	3.72	1.65849221307e-16
0.02	3.74	9.93015231417e-17
0.02	3.76	5.92643456001e-17
0.02	3.78	3.52555213249e-17
0.02	3.8	2.09053668459e-17
0.02	3.82	1.23562411158e-17
0.02	3.84	7.27970527116e-18
0.02	3.86	4.27504762417e-18
0.02	3.88	2.50246919297e-18
0.02	3.9	1.46015182316e-18
0.02	3.92	8.49238433803e-19
0.02	3.94	4.92339252084e-19
0.02	3.96	2.84513782867e-19
0.02	3.98	1.63887943694e-19
0.02	4.0	9.41014592382e-20

0.04	0.0	13.0490569133
0.04	0.02	13.0296453497
0.04	0.04	12.9717155291
0.04	0.06	12.8761736411
0.04	0.08	12.7445022688
0.04	0.1	12.5787199688
0.04	0.12	12.3813269712
0.04	0.14	12.1552391455
0.04	0.16	11.9037127894
0.04	0.18	11.6302630812
0.04	0.2	11.3385791755
0.04	0.22	11.0324389171
0.04	0.24	10.7156260002
0.04	0.26	10.3918521315
0.04	0.28	10.0646863741
0.04	0.3	9.73749339927
0.04	0.32	9.41338186157
0.04	0.34	9.09516359319
0.04	0.36	8.78532379914
0.04	0.38	8.48600196297
0.04	0.4	8.19898276292
0.04	0.42	7.92569597061
0.04	0.44	7.6672240686
0.04	0.46	7.42431618555
0.04	0.48	7.19740690614
0.04	0.5	6.98663855901
0.04	0.52	6.79188570785
0.04	0.54	6.61278075045
0.04	0.56	6.44873974981
0.04	0.58	6.298987859
0.04	0.6	6.16258393919
0.04	0.62	6.03844418877
0.04	0.64	5.9253647877
0.04	0.66	5.82204370304
0.04	0.68	5.7271018934
0.04	0.7	5.63910418873
0.04	0.72	5.55658011092
0.04	0.74	5.47804484437
0.04	0.76	5.40202047437
0.04	0.78	5.32705749483
0.04	0.8	5.25175645834
0.04	0.82	5.17478951327
0.04	0.84	5.09492145529
0.04	0.86	5.01102982612
0.04	0.88	4.92212352636
0.04	0.9	4.8273593793
0.04	0.92	4.72605608926
0.04	0.94	4.61770508263
0.04	0.96	4.5019777983
0.04	0.98	4.378729102
0.04	1.0	4.24799662906
0.04	1.02	4.10999600488
0.04	1.04	3.96511204191
0.04	1.06	3.81388615938
0.04	1.08	3.65700040797
0.04	1.1	3.49525859969
0.04	1.12	3.32956513797
0.04	1.14	3.16090221004
0.04	1.16	2.99030604115
0.04	1.18	2.81884291776
0.04	1.2	2.64758566512
0.04	1.22	2.47759121716
0.04	1.24	2.30987984629
0.04	1.26	2.1454165326
0.04	1.28	1.98509485159
0.04	1.3	1.82972365119
0.04	1.32	1.68001667904
0.04	1.34	1.53658521379
0.04	1.36	1.39993365392
0.04	1.38	1.27045792823
0.04	1.4	1.14844651578
0.04	1.42	1.03408380202
0.04	1.44	0.927455452566
0.04	1.46	0.828555456967
0.04	1.48	0.737294481128
0.04	1.5	0.653509167343
0.04	1.52	0.576972033921
0.04	1.54	0.507401649619
0.04	1.56	0.444472789602
0.04	1.58	0.3878263171
0.04	1.6	0.337078576064
0.04	1.62	0.291830122903
0.04	1.64	0.251673667992
0.04	1.66	0.216201138485
0.04	1.68	0.185009811824
0.04	1.7	0.157707503192
0.04	1.72	0.133916819538
0.04	1.74	0.113278517102
0.04	1.76	0.0954540187988
0.04	1.78	0.0801271622145
0.04	1.8	0.0670052588435
0.04	1.82	0.0558195508407
0.04	1.84	0.046325153562
0.04	1.86	0.0383005710729
0.04	1.88	0.0315468681939
0.04	1.9	0.025886577122
0.04	1.92	0.0211624097445
0.04	1.94	0.0172358389532
0.04	1.96	0.0139856040045
0.04	1.98	0.0113061866151
0.04	2.0	0.00910629635213
0.04	2.02	0.00730739617464
0.04	2.04	0.00584229190729
0.04	2.06	0.00465380306774
0.04	2.08	0.00369352689813
0.04	2.1	0.00292070268607
0.04	2.12	0.00230117948679
0.04	2.14	0.00180648713791
0.04	2.16	0.00141300793144
0.04	2.18	0.00110124440578
0.04	2.2	0.000855177364916
0.04	2.22	0.00066170734471
0.04	2.24	0.000510172248326
0.04	2.26	0.000391933691974
0.04	2.28	0.000300024669455
0.04	2.3	0.000228851399979
0.04	2.32	0.000173942615265
0.04	2.34	0.000131740024623
0.04	2.36	9.94242334113e-05
0.04	2.38	7.47709514385e-05
0.04	2.4	5.60328900475e-05
0.04	2.42	4.18432926262e-05
0.04	2.44	3.11375604342e-05
0.04	2.46	2.30899157415e-05
0.04	2.48	1.70624823513e-05
0.04	2.5	1.25645574139e-05
0.04	2.52	9.22019785733e-06
0.04	2.54	6.74255111258e-06
0.04	2.56	4.91362551922e-06
0.04	2.58	3.56842396419e-06
0.04	2.6	2.58255842909e-06
0.04	2.62	1.8626268487e-06
0.04	2.64	1.33877064688e-06
0.04	2.66	9.58945002374e-07
0.04	2.68	6.84527562474e-07
0.04	2.7	4.86967948106e-07
0.04	2.72	3.45242650291e-07
0.04	2.74	2.43930168682e-07
0.04	2.76	1.71761544493e-07
0.04	2.78	1.2053356324e-07
0.04	2.8	8.42973535849e-08
0.04	2.82	5.87551551781e-08
0.04	2.84	4.08137283597e-08
0.04	2.86	2.82551058869e-08
0.04	2.88	1.94948576526e-08
0.04	2.9	1.3405335892e-08
0.04	2.92	9.18696030292e-09
0.04	2.94	6.2748659686e-09
0.04	2.96	4.27147110241e-09
0.04	2.98	2.89796269799e-09
0.04	3.0	1.9595315865e-09
0.04	3.02	1.32055875869e-09
0.04	3.04	8.86974159261e-10
0.04	3.06	5.9376383156e-10
0.04	3.08	3.96157400248e-10
0.04	3.1	2.63435781539e-10
0.04	3.12	1.74596838386e-10
0.04	3.14	1.15333173839e-10
0.04	3.16	7.59328977343e-11
0.04	3.18	4.98270461985e-11
0.04	3.2	3.25882694706e-11
0.04	3.22	2.12432012767e-11
0.04	3.24	1.38020193739e-11
0.04	3.26	8.93780290061e-12
0.04	3.28	5.76880459363e-12
0.04	3.3	3.71115604572e-12
0.04	3.32	2.37959106072e-12
0.04	3.34	1.52078050403e-12
0.04	3.36	9.68730970334e-13
0.04	3.38	6.15054493195e-13
0.04	3.4	3.8922351486e-13
0.04	3.42	2.45505308251e-13
0.04	3.44	1.5434774969e-13
0.04	3.46	9.67205042426e-14
0.04	3.48	6.04111150438e-14
0.04	3.5	3.76093992831e-14
0.04	3.52	2.3337716618e-14
0.04	3.54	1.44345717643e-14
0.04	3.56	8.89885560668e-15
0.04	3.58	5.46827375882e-15
0.04	3.6	3.34929399384e-15
0.04	3.62	2.04476926759e-15
0.04	3.64	1.2442980767e-15
0.04	3.66	7.54735331833e-16
0.04	3.68	4.56305912105e-16
0.04	3.7	2.74985433366e-16
0.04	3.72	1.65179619171e-16
0.04	3.74	9.89002512675e-17
0.04	3.76	5.90246555325e-17
0.04	3.78	3.51128121605e-17
0.04	3.8	2.08206742861e-17
0.04	3.82	1.23061418606e-17
0.04	3.84	7.25016524191e-18
0.04	3.86	4.25768620497e-18
0.04	3.88	2.49229839168e-18
0.04	3.9	1.45421270814e-18
0.04	3.92	8.45781541225e-19
0.04	3.94	4.90333632516e-19
0.04	3.96	2.83353909203e-19
0.04	3.98	1.63219333201e-19
0.04	4.0	9.37172772856e-20

0.06	0.0	13.0032981147
0.06	0.02	12.9842307018
0.06	0.04	12.9273271438
0.06	0.06	12.8334752216
0.06	0.08	12.7041273665
0.06	0.1	12.5412610125
0.06	0.12	12.3473253407
0.06	0.14	12.1251765218
0.06	0.16	11.8780039717
0.06	0.18	11.6092504094
0.06	0.2	11.3225286445
0.06	0.22	11.0215380152
0.06	0.24	10.7099832507
0.06	0.26	10.3914982652
0.06	0.28	10.0695770201
0.06	0.3	9.74751313882
0.06	0.32	9.428349463
0.06	0.34	9.11483822408
0.06	0.36	8.80941199849
0.06	0.38	8.51416515301
0.06	0.4	8.23084508419
0.06	0.42	7.9608522352
0.06	0.44	7.70524764381
0.06	0.46	7.46476664213
0.06	0.48	7.23983729038
0.06	0.5	7.03060217497
0.06	0.52	6.83694232302
0.06	0.54	6.65850216478
0.06	0.56	6.49471469244
0.06	0.58	6.3448261988
0.06	0.6	6.20792021394
0.06	0.62	6.08294047264
0.06	0.64	5.96871292832
0.06	0.66	5.8639669673
0.06	0.68	5.76735606582
0.06	0.7	5.67747816878
0.06	0.72	5.59289605529
0.06	0.74	5.51215789895
0.06	0.76	5.43381813805
0.06	0.78	5.35645865423
0.06	0.8	5.27871012983
0.06	0.82	5.19927332561
0.06	0.84	5.11693990447
0.06	0.86	5.03061233243
0.06	0.88	4.93932232311
0.06	0.9	4.84224726269
0.06	0.92	4.7387240593
0.06	0.94	4.62825990611
0.06	0.96	4.51053952552
0.06	0.98	4.38542856994
0.06	1.0	4.25297298424
0.06	1.02	4.11339427894
0.06	1.04	3.96708081225
0.06	1.06	3.81457532582
0.06	1.08	3.65655911393
0.06	1.1	3.49383332329
0.06	1.12	3.3272979747
0.06	1.14	3.15792936423
0.06	1.16	2.98675653854
0.06	1.18	2.81483754644
0.06	1.2	2.64323614687
0.06	1.22	2.47299960623
0.06	1.24	2.30513814768
0.06	1.26	2.14060652793
0.06	1.28	1.98028811654
0.06	1.3	1.82498174557
0.06	1.32	1.67539148836
0.06	1.34	1.53211941937
0.06	1.36	1.39566130807
0.06	1.38	1.26640511068
0.06	1.4	1.14463204842
0.06	1.42	1.03051999994
0.06	1.44	0.924148891254
0.06	1.46	0.825507737454
0.06	1.48	0.734502977165
0.06	1.5	0.650967741291
0.06	1.52	0.574671710482
0.06	1.54	0.50533123908
0.06	1.56	0.442619454702
0.06	1.58	0.38617607984
0.06	1.6	0.335616762835
0.06	1.62	0.290541748071
0.06	1.64	0.250543757589
0.06	1.66	0.215214996881
0.06	1.68	0.184153235194
0.06	1.7	0.156966944319
0.06	1.72	0.133279508879
0.06	1.74	0.112732545339
0.06	1.76	0.0949883860997
0.06	1.78	0.0797317993369
0.06	1.8	0.0666710249712
0.06	1.82	0.0555382127154
0.06	1.84	0.0460893500743
0.06	1.86	0.0381037670333
0.06	1.88	0.0313833005479
0.06	1.9	0.0257511964071
0.06	1.92	0.0210508191398
0.06	1.94	0.0171442328465
0.06	1.96	0.0139107076085
0.06	1.98	0.0112451978126
0.06	2.0	0.00905683063645
0.06	2.02	0.00726743528198
0.06	2.04	0.00581013651072
0.06	2.06	0.00462802971356
0.06	2.08	0.00367294921476
0.06	2.1	0.0029043367779
0.06	2.12	0.0022882133372
0.06	2.14	0.00179625378309
0.06	2.16	0.00140496212555
0.06	2.18	0.00109494247452
0.06	2.2	0.00085025993571
0.06	2.22	0.00065788464344
0.06	2.24	0.000507211663203
0.06	2.26	0.000389649321293
0.06	2.28	0.000298268590387
0.06	2.3	0.000227506418178
0.06	2.32	0.000172916278794
0.06	2.34	0.00013095970941
0.06	2.36	9.88331305217e-05
0.06	2.38	7.43248081824e-05
0.06	2.4	5.56973771768e-05
0.06	2.42	4.15918882552e-05
0.06	2.44	3.09498578429e-05
0.06	2.46	2.29502768556e-05
0.06	2.48	1.69589715067e-05
0.06	2.5	1.24881011166e-05
0.06	2.52	9.16392576981e-06
0.06	2.54	6.70128159066e-06
0.06	2.56	4.88346584396e-06
0.06	2.58	3.54646111197e-06
0.06	2.6	2.56662095101e-06
0.06	2.62	1.851102323e-06
0.06	2.64	1.33046635072e-06
0.06	2.66	9.52982033899e-07
0.06	2.68	6.80260729706e-07
0.06	2.7	4.8392541321e-07
0.06	2.72	3.4308065036e-07
0.06	2.74	2.42399189872e-07
0.06	2.76	1.70681157788e-07
0.06	2.78	1.19773781414e-07
0.06	2.8	8.37648761852e-08
0.06	2.82	5.8383261339e-08
0.06	2.84	4.05548801549e-08
0.06	2.86	2.80755571007e-08
0.06	2.88	1.93707399759e-08
0.06	2.9	1.33198289667e-08
0.06	2.92	9.12825355711e-09
0.06	2.94	6.23469647971e-09
0.06	2.96	4.24407879344e-09
0.06	2.98	2.87934665325e-09
0.06	3.0	1.94692275133e-09
0.06	3.02	1.31204750389e-09
0.06	3.04	8.81248235947e-10
0.06	3.06	5.89924700298e-10
0.06	3.08	3.93591982865e-10
0.06	3.1	2.61727250644e-10
0.06	3.12	1.73462795659e-10
0.06	3.14	1.14582969142e-10
0.06	3.16	7.54382729417e-11
0.06	3.18	4.95020190477e-11
0.06	3.2	3.23754002179e-11
0.06	3.22	2.110425158e-11
0.06	3.24	1.37116220771e-11
0.06	3.26	8.87918797482e-12
0.06	3.28	5.73092392316e-12
0.06	3.3	3.68675629169e-12
0.06	3.32	2.36392667927e-12
0.06	3.34	1.51075738963e-12
0.06	3.36	9.62338696779e-13
0.06	3.38	6.10991250109e-13
0.06	3.4	3.86649230155e-13
0.06	3.42	2.43879728926e-13
0.06	3.44	1.53324623862e-13
0.06	3.46	9.6078673279e-14
0.06	3.48	6.00098009316e-14
0.06	3.5	3.73592946483e-14
0.06	3.52	2.31823584998e-14
0.06	3.54	1.43383834292e-14
0.06	3.56	8.83949635476e-15
0.06	3.58	5.43176195602e-15
0.06	3.6	3.32690893463e-15
0.06	3.62	2.03108994555e-15
0.06	3.64	1.23596599581e-15
0.06	3.66	7.49676780541e-16
0.06	3.68	4.53244767871e-16
0.06	3.7	2.7313902593e-16
0.06	3.72	1.64069528283e-16
0.06	3.74	9.82350119603e-17
0.06	3.76	5.86272931661e-17
0.06	3.78	3.48762277576e-17
0.06	3.8	2.0680271058e-17
0.06	3.82	1.22230878274e-17
0.06	3.84	7.20119434736e-18
0.06	3.86	4.22890492972e-18
0.