# 2014-03-25.17:16:13
# qmax = 9
# E = 0
# A= 12	 T1= 0	 T2= 0	 A1= 12	 A2= 12
# central = 1	 tensor = 1	 spinisospin = 0
# norm = 1.28634
# k 	 mf 	 corr 	 total
0	21.544	5.27224	26.8162
0.1	21.1817	5.18042	26.3621
0.2	20.1256	4.91476	25.0404
0.3	18.4643	4.50289	22.9672
0.4	16.3356	3.98547	20.3211
0.5	13.9125	3.4094	17.3219
0.6	11.3824	2.82092	14.2033
0.7	8.92557	2.25972	11.1853
0.8	6.69286	1.75532	8.44817
0.9	4.78792	1.32526	6.11317
1	3.26081	0.976277	4.23709
1.1	2.11027	0.706098	2.81637
1.2	1.2956	0.506216	1.80181
1.3	0.75356	0.364698	1.11826
1.4	0.414745	0.268655	0.6834
1.5	0.215804	0.205736	0.42154
1.6	0.106078	0.165777	0.271854
1.7	0.0492293	0.140386	0.189615
1.8	0.0215599	0.123868	0.145428
1.9	0.00890698	0.112208	0.121115
2	0.00347012	0.102973	0.106443
2.1	0.00127475	0.094817	0.0960918
2.2	0.000441419	0.0870983	0.0875398
2.3	0.000144118	0.07959	0.0797341
2.4	4.43612e-05	0.0722777	0.0723221
2.5	1.28632e-05	0.0652402	0.0652531
2.6	3.50289e-06	0.05857	0.0585735
2.7	8.96891e-07	0.052345	0.0523459
2.8	2.16296e-07	0.0466108	0.046611
2.9	4.92238e-08	0.0413835	0.0413835
3	1.05811e-08	0.036655	0.036655
3.1	2.1474e-09	0.0323987	0.0323987
3.2	4.10862e-10	0.0285781	0.0285781
3.3	7.17849e-11	0.0251525	0.0251525
3.4	1.25522e-11	0.0220819	0.0220819
3.5	2.00744e-12	0.0193289	0.0193289
3.6	3.0368e-13	0.0168609	0.0168609
3.7	4.35947e-14	0.0146501	0.0146501
3.8	6.22134e-15	0.0126732	0.0126732
3.9	1.07172e-15	0.0109105	0.0109105
4	3.32376e-16	0.0093447	0.0093447
4.1	4.35891e-16	0.00796086	0.00796086
4.2	9.90176e-17	0.00674474	0.00674474
4.3	2.11021e-16	0.00568287	0.00568287
4.4	5.80743e-17	0.00476207	0.00476207
4.5	1.45811e-16	0.00396931	0.00396931
4.6	3.95227e-17	0.0032918	0.0032918
4.7	2.3092e-15	0.00271698	0.00271698
4.8	1.01077e-16	0.00223274	0.00223274
4.9	3.75085e-17	0.00182756	0.00182756
5	7.60964e-17	0.00149063	0.00149063
5.1	8.85081e-17	0.00121207	0.00121207
5.2	4.91963e-17	0.000982878	0.000982878
5.3	2.24486e-16	0.000795127	0.000795127
5.4	4.95433e-15	0.000641836	0.000641836
5.5	2.73423e-15	0.000517001	0.000517001
5.6	8.28957e-14	0.000415524	0.000415524
5.7	9.71165e-15	0.000333129	0.000333129
5.8	3.03275e-12	0.000266269	0.000266269
5.9	5.83321e-15	0.000212041	0.000212041
# mf integral is 3.61938
# cor integral is 1.9818
# tot integral is 5.60118
