# Mass = 0.0480256 Mev*(hbarc)^2/2 
# R = 7.46549 fm 
# a = 0.662 fm 
# V0 = 45.1811 MeV 
# RSO = 6.86114 fm 
# aSO = 0.662 fm 
# VSO = 27.8547 MeV fm^2
# l = 4 
# two_j = 9 
# two_t = -1 
# Energy = -22.0132 MeV
# r 	 V_eff [2m/hbar/hbar]
0.1 	41599.2
0.10238 	39685.5
0.10476 	37900.8
0.10714 	36233.7
0.10952 	34674
0.1119 	33212.8
0.11428 	31842
0.11666 	30554.2
0.11904 	29342.9
0.12142 	28202.1
0.1238 	27126.4
0.12618 	26111.1
0.12856 	25151.6
0.13094 	24243.9
0.13332 	23384.5
0.1357 	22569.8
0.13808 	21796.9
0.14046 	21063
0.14284 	20365.5
0.14522 	19701.9
0.1476 	19070.2
0.14998 	18468.4
0.15236 	17894.5
0.15474 	17346.9
0.15712 	16824
0.1595 	16324.3
0.16188 	15846.5
0.16426 	15389.3
0.16664 	14951.6
0.16902 	14532.2
0.1714 	14130.2
0.17378 	13744.6
0.17616 	13374.5
0.17854 	13019.1
0.18092 	12677.6
0.1833 	12349.4
0.18568 	12033.7
0.18806 	11729.9
0.19044 	11437.4
0.19282 	11155.7
0.1952 	10884.2
0.19758 	10622.5
0.19996 	10370.1
0.20234 	10126.5
0.20472 	9891.37
0.2071 	9664.3
0.20948 	9444.93
0.21186 	9232.9
0.21424 	9027.91
0.21662 	8829.63
0.219 	8637.78
0.22138 	8452.09
0.22376 	8272.29
0.22614 	8098.14
0.22852 	7929.4
0.2309 	7765.85
0.23328 	7607.28
0.23566 	7453.49
0.23804 	7304.29
0.24042 	7159.5
0.2428 	7018.95
0.24518 	6882.47
0.24756 	6749.91
0.24994 	6621.11
0.25232 	6495.95
0.2547 	6374.27
0.25708 	6255.96
0.25946 	6140.89
0.26184 	6028.95
0.26422 	5920.01
0.2666 	5813.98
0.26898 	5710.75
0.27136 	5610.23
0.27374 	5512.32
0.27612 	5416.93
0.2785 	5323.97
0.28088 	5233.36
0.28326 	5145.03
0.28564 	5058.9
0.28802 	4974.9
0.2904 	4892.95
0.29278 	4812.99
0.29516 	4734.96
0.29754 	4658.79
0.29992 	4584.43
0.3023 	4511.82
0.30468 	4440.91
0.30706 	4371.63
0.30944 	4303.95
0.31182 	4237.82
0.3142 	4173.18
0.31658 	4109.99
0.31896 	4048.21
0.32134 	3987.8
0.32372 	3928.72
0.3261 	3870.92
0.32848 	3814.38
0.33086 	3759.05
0.33324 	3704.91
0.33562 	3651.91
0.338 	3600.03
0.34038 	3549.23
0.34276 	3499.48
0.34514 	3450.77
0.34752 	3403.05
0.3499 	3356.3
0.35228 	3310.49
0.35466 	3265.6
0.35704 	3221.61
0.35942 	3178.49
0.3618 	3136.22
0.36418 	3094.77
0.36656 	3054.13
0.36894 	3014.27
0.37132 	2975.18
0.3737 	2936.83
0.37608 	2899.21
0.37846 	2862.29
0.38084 	2826.06
0.38322 	2790.51
0.3856 	2755.61
0.38798 	2721.36
0.39036 	2687.72
0.39274 	2654.7
0.39512 	2622.27
0.3975 	2590.43
0.39988 	2559.15
0.40226 	2528.42
0.40464 	2498.24
0.40702 	2468.58
0.4094 	2439.44
0.41178 	2410.8
0.41416 	2382.65
0.41654 	2354.99
0.41892 	2327.79
0.4213 	2301.06
0.42368 	2274.77
0.42606 	2248.92
0.42844 	2223.51
0.43082 	2198.51
0.4332 	2173.92
0.43558 	2149.74
0.43796 	2125.95
0.44034 	2102.54
0.44272 	2079.51
0.4451 	2056.85
0.44748 	2034.55
0.44986 	2012.6
0.45224 	1991
0.45462 	1969.74
0.457 	1948.81
0.45938 	1928.2
0.46176 	1907.91
0.46414 	1887.93
0.46652 	1868.26
0.4689 	1848.88
0.47128 	1829.8
0.47366 	1811
0.47604 	1792.49
0.47842 	1774.25
0.4808 	1756.28
0.48318 	1738.58
0.48556 	1721.14
0.48794 	1703.95
0.49032 	1687.01
0.4927 	1670.31
0.49508 	1653.86
0.49746 	1637.64
0.49984 	1621.65
0.50222 	1605.89
0.5046 	1590.35
0.50698 	1575.03
0.50936 	1559.93
0.51174 	1545.03
0.51412 	1530.34
0.5165 	1515.86
0.51888 	1501.57
0.52126 	1487.48
0.52364 	1473.58
0.52602 	1459.86
0.5284 	1446.34
0.53078 	1432.99
0.53316 	1419.82
0.53554 	1406.83
0.53792 	1394.01
0.5403 	1381.36
0.54268 	1368.87
0.54506 	1356.55
0.54744 	1344.39
0.54982 	1332.39
0.5522 	1320.54
0.55458 	1308.84
0.55696 	1297.29
0.55934 	1285.89
0.56172 	1274.64
0.5641 	1263.52
0.56648 	1252.55
0.56886 	1241.71
0.57124 	1231.01
0.57362 	1220.44
0.576 	1210.01
0.57838 	1199.7
0.58076 	1189.52
0.58314 	1179.46
0.58552 	1169.52
0.5879 	1159.71
0.59028 	1150.01
0.59266 	1140.43
0.59504 	1130.96
0.59742 	1121.61
0.5998 	1112.37
0.60218 	1103.24
0.60456 	1094.21
0.60694 	1085.3
0.60932 	1076.48
0.6117 	1067.77
0.61408 	1059.16
0.61646 	1050.65
0.61884 	1042.24
0.62122 	1033.92
0.6236 	1025.7
0.62598 	1017.57
0.62836 	1009.54
0.63074 	1001.59
0.63312 	993.736
0.6355 	985.969
0.63788 	978.289
0.64026 	970.694
0.64264 	963.183
0.64502 	955.755
0.6474 	948.41
0.64978 	941.144
0.65216 	933.958
0.65454 	926.851
0.65692 	919.82
0.6593 	912.865
0.66168 	905.986
0.66406 	899.18
0.66644 	892.447
0.66882 	885.786
0.6712 	879.195
0.67358 	872.674
0.67596 	866.222
0.67834 	859.838
0.68072 	853.52
0.6831 	847.269
0.68548 	841.082
0.68786 	834.96
0.69024 	828.901
0.69262 	822.904
0.695 	816.969
0.69738 	811.094
0.69976 	805.279
0.70214 	799.523
0.70452 	793.826
0.7069 	788.186
0.70928 	782.602
0.71166 	777.075
0.71404 	771.602
0.71642 	766.185
0.7188 	760.82
0.72118 	755.509
0.72356 	750.251
0.72594 	745.043
0.72832 	739.887
0.7307 	734.781
0.73308 	729.725
0.73546 	724.718
0.73784 	719.759
0.74022 	714.848
0.7426 	709.984
0.74498 	705.166
0.74736 	700.395
0.74974 	695.669
0.75212 	690.987
0.7545 	686.35
0.75688 	681.757
0.75926 	677.207
0.76164 	672.699
0.76402 	668.233
0.7664 	663.809
0.76878 	659.426
0.77116 	655.084
0.77354 	650.781
0.77592 	646.518
0.7783 	642.294
0.78068 	638.109
0.78306 	633.962
0.78544 	629.852
0.78782 	625.78
0.7902 	621.744
0.79258 	617.744
0.79496 	613.781
0.79734 	609.853
0.79972 	605.96
0.8021 	602.101
0.80448 	598.277
0.80686 	594.487
0.80924 	590.729
0.81162 	587.005
0.814 	583.314
0.81638 	579.655
0.81876 	576.027
0.82114 	572.431
0.82352 	568.867
0.8259 	565.333
0.82828 	561.829
0.83066 	558.356
0.83304 	554.912
0.83542 	551.498
0.8378 	548.112
0.84018 	544.756
0.84256 	541.428
0.84494 	538.128
0.84732 	534.855
0.8497 	531.61
0.85208 	528.393
0.85446 	525.202
0.85684 	522.038
0.85922 	518.899
0.8616 	515.787
0.86398 	512.701
0.86636 	509.64
0.86874 	506.604
0.87112 	503.593
0.8735 	500.607
0.87588 	497.645
0.87826 	494.707
0.88064 	491.792
0.88302 	488.901
0.8854 	486.034
0.88778 	483.19
0.89016 	480.368
0.89254 	477.569
0.89492 	474.792
0.8973 	472.037
0.89968 	469.304
0.90206 	466.593
0.90444 	463.903
0.90682 	461.234
0.9092 	458.586
0.91158 	455.959
0.91396 	453.353
0.91634 	450.766
0.91872 	448.2
0.9211 	445.654
0.92348 	443.127
0.92586 	440.62
0.92824 	438.131
0.93062 	435.662
0.933 	433.212
0.93538 	430.781
0.93776 	428.368
0.94014 	425.973
0.94252 	423.597
0.9449 	421.238
0.94728 	418.897
0.94966 	416.574
0.95204 	414.268
0.95442 	411.98
0.9568 	409.708
0.95918 	407.454
0.96156 	405.216
0.96394 	402.994
0.96632 	400.789
0.9687 	398.6
0.97108 	396.428
0.97346 	394.271
0.97584 	392.13
0.97822 	390.005
0.9806 	387.895
0.98298 	385.8
0.98536 	383.72
0.98774 	381.656
0.99012 	379.606
0.9925 	377.572
0.99488 	375.551
0.99726 	373.545
0.99964 	371.554
1.00202 	369.576
1.0044 	367.613
1.00678 	365.664
1.00916 	363.728
1.01154 	361.806
1.01392 	359.898
1.0163 	358.003
1.01868 	356.121
1.02106 	354.252
1.02344 	352.396
1.02582 	350.554
1.0282 	348.724
1.03058 	346.906
1.03296 	345.102
1.03534 	343.309
1.03772 	341.529
1.0401 	339.762
1.04248 	338.006
1.04486 	336.262
1.04724 	334.53
1.04962 	332.81
1.052 	331.102
1.05438 	329.405
1.05676 	327.72
1.05914 	326.045
1.06152 	324.383
1.0639 	322.731
1.06628 	321.09
1.06866 	319.461
1.07104 	317.842
1.07342 	316.234
1.0758 	314.636
1.07818 	313.05
1.08056 	311.473
1.08294 	309.907
1.08532 	308.352
1.0877 	306.806
1.09008 	305.271
1.09246 	303.745
1.09484 	302.23
1.09722 	300.724
1.0996 	299.229
1.10198 	297.742
1.10436 	296.266
1.10674 	294.799
1.10912 	293.341
1.1115 	291.893
1.11388 	290.454
1.11626 	289.024
1.11864 	287.604
1.12102 	286.192
1.1234 	284.79
1.12578 	283.396
1.12816 	282.011
1.13054 	280.635
1.13292 	279.267
1.1353 	277.908
1.13768 	276.558
1.14006 	275.216
1.14244 	273.882
1.14482 	272.557
1.1472 	271.24
1.14958 	269.931
1.15196 	268.63
1.15434 	267.337
1.15672 	266.053
1.1591 	264.776
1.16148 	263.507
1.16386 	262.246
1.16624 	260.992
1.16862 	259.746
1.171 	258.508
1.17338 	257.277
1.17576 	256.054
1.17814 	254.838
1.18052 	253.629
1.1829 	252.428
1.18528 	251.234
1.18766 	250.047
1.19004 	248.867
1.19242 	247.695
1.1948 	246.529
1.19718 	245.37
1.19956 	244.219
1.20194 	243.074
1.20432 	241.935
1.2067 	240.804
1.20908 	239.679
1.21146 	238.561
1.21384 	237.449
1.21622 	236.344
1.2186 	235.245
1.22098 	234.153
1.22336 	233.067
1.22574 	231.988
1.22812 	230.914
1.2305 	229.847
1.23288 	228.787
1.23526 	227.732
1.23764 	226.683
1.24002 	225.64
1.2424 	224.604
1.24478 	223.573
1.24716 	222.548
1.24954 	221.529
1.25192 	220.516
1.2543 	219.509
1.25668 	218.507
1.25906 	217.511
1.26144 	216.521
1.26382 	215.536
1.2662 	214.557
1.26858 	213.583
1.27096 	212.615
1.27334 	211.652
1.27572 	210.694
1.2781 	209.742
1.28048 	208.795
1.28286 	207.854
1.28524 	206.918
1.28762 	205.986
1.29 	205.06
1.29238 	204.14
1.29476 	203.224
1.29714 	202.313
1.29952 	201.407
1.3019 	200.506
1.30428 	199.611
1.30666 	198.72
1.30904 	197.834
1.31142 	196.952
1.3138 	196.076
1.31618 	195.204
1.31856 	194.337
1.32094 	193.474
1.32332 	192.617
1.3257 	191.764
1.32808 	190.915
1.33046 	190.071
1.33284 	189.232
1.33522 	188.397
1.3376 	187.566
1.33998 	186.74
1.34236 	185.918
1.34474 	185.101
1.34712 	184.288
1.3495 	183.479
1.35188 	182.675
1.35426 	181.875
1.35664 	181.079
1.35902 	180.287
1.3614 	179.499
1.36378 	178.715
1.36616 	177.936
1.36854 	177.161
1.37092 	176.389
1.3733 	175.622
1.37568 	174.858
1.37806 	174.099
1.38044 	173.344
1.38282 	172.592
1.3852 	171.844
1.38758 	171.1
1.38996 	170.36
1.39234 	169.624
1.39472 	168.891
1.3971 	168.163
1.39948 	167.437
1.40186 	166.716
1.40424 	165.998
1.40662 	165.284
1.409 	164.574
1.41138 	163.867
1.41376 	163.164
1.41614 	162.464
1.41852 	161.768
1.4209 	161.075
1.42328 	160.386
1.42566 	159.7
1.42804 	159.017
1.43042 	158.338
1.4328 	157.663
1.43518 	156.991
1.43756 	156.322
1.43994 	155.656
1.44232 	154.994
1.4447 	154.335
1.44708 	153.679
1.44946 	153.026
1.45184 	152.377
1.45422 	151.731
1.4566 	151.088
1.45898 	150.448
1.46136 	149.811
1.46374 	149.178
1.46612 	148.547
1.4685 	147.919
1.47088 	147.295
1.47326 	146.674
1.47564 	146.055
1.47802 	145.44
1.4804 	144.827
1.48278 	144.218
1.48516 	143.611
1.48754 	143.007
1.48992 	142.407
1.4923 	141.809
1.49468 	141.214
1.49706 	140.621
1.49944 	140.032
1.50182 	139.445
1.5042 	138.862
1.50658 	138.281
1.50896 	137.702
1.51134 	137.127
1.51372 	136.554
1.5161 	135.984
1.51848 	135.416
1.52086 	134.851
1.52324 	134.289
1.52562 	133.729
1.528 	133.172
1.53038 	132.618
1.53276 	132.066
1.53514 	131.517
1.53752 	130.97
1.5399 	130.426
1.54228 	129.885
1.54466 	129.346
1.54704 	128.809
1.54942 	128.275
1.5518 	127.743
1.55418 	127.214
1.55656 	126.687
1.55894 	126.163
1.56132 	125.641
1.5637 	125.121
1.56608 	124.604
1.56846 	124.089
1.57084 	123.576
1.57322 	123.066
1.5756 	122.558
1.57798 	122.052
1.58036 	121.549
1.58274 	121.048
1.58512 	120.549
1.5875 	120.052
1.58988 	119.558
1.59226 	119.066
1.59464 	118.576
1.59702 	118.088
1.5994 	117.602
1.60178 	117.119
1.60416 	116.638
1.60654 	116.159
1.60892 	115.682
1.6113 	115.207
1.61368 	114.734
1.61606 	114.263
1.61844 	113.794
1.62082 	113.328
1.6232 	112.863
1.62558 	112.401
1.62796 	111.94
1.63034 	111.482
1.63272 	111.025
1.6351 	110.571
1.63748 	110.118
1.63986 	109.668
1.64224 	109.219
1.64462 	108.773
1.647 	108.328
1.64938 	107.885
1.65176 	107.445
1.65414 	107.006
1.65652 	106.569
1.6589 	106.133
1.66128 	105.7
1.66366 	105.269
1.66604 	104.839
1.66842 	104.411
1.6708 	103.985
1.67318 	103.561
1.67556 	103.139
1.67794 	102.718
1.68032 	102.3
1.6827 	101.883
1.68508 	101.468
1.68746 	101.054
1.68984 	100.642
1.69222 	100.233
1.6946 	99.8243
1.69698 	99.4178
1.69936 	99.013
1.70174 	98.6099
1.70412 	98.2085
1.7065 	97.8087
1.70888 	97.4107
1.71126 	97.0143
1.71364 	96.6195
1.71602 	96.2264
1.7184 	95.8349
1.72078 	95.445
1.72316 	95.0568
1.72554 	94.6701
1.72792 	94.2851
1.7303 	93.9016
1.73268 	93.5198
1.73506 	93.1395
1.73744 	92.7607
1.73982 	92.3835
1.7422 	92.0079
1.74458 	91.6338
1.74696 	91.2612
1.74934 	90.8901
1.75172 	90.5206
1.7541 	90.1525
1.75648 	89.7859
1.75886 	89.4209
1.76124 	89.0573
1.76362 	88.6952
1.766 	88.3345
1.76838 	87.9753
1.77076 	87.6176
1.77314 	87.2612
1.77552 	86.9064
1.7779 	86.5529
1.78028 	86.2009
1.78266 	85.8502
1.78504 	85.501
1.78742 	85.1532
1.7898 	84.8067
1.79218 	84.4616
1.79456 	84.1179
1.79694 	83.7756
1.79932 	83.4346
1.8017 	83.095
1.80408 	82.7567
1.80646 	82.4198
1.80884 	82.0841
1.81122 	81.7498
1.8136 	81.4169
1.81598 	81.0852
1.81836 	80.7548
1.82074 	80.4257
1.82312 	80.098
1.8255 	79.7714
1.82788 	79.4462
1.83026 	79.1222
1.83264 	78.7995
1.83502 	78.4781
1.8374 	78.1579
1.83978 	77.8389
1.84216 	77.5212
1.84454 	77.2047
1.84692 	76.8894
1.8493 	76.5754
1.85168 	76.2625
1.85406 	75.9509
1.85644 	75.6404
1.85882 	75.3312
1.8612 	75.0231
1.86358 	74.7162
1.86596 	74.4105
1.86834 	74.106
1.87072 	73.8026
1.8731 	73.5003
1.87548 	73.1993
1.87786 	72.8993
1.88024 	72.6005
1.88262 	72.3029
1.885 	72.0063
1.88738 	71.7109
1.88976 	71.4166
1.89214 	71.1234
1.89452 	70.8313
1.8969 	70.5403
1.89928 	70.2504
1.90166 	69.9616
1.90404 	69.6739
1.90642 	69.3872
1.9088 	69.1016
1.91118 	68.8171
1.91356 	68.5337
1.91594 	68.2513
1.91832 	67.9699
1.9207 	67.6896
1.92308 	67.4104
1.92546 	67.1321
1.92784 	66.8549
1.93022 	66.5788
1.9326 	66.3036
1.93498 	66.0295
1.93736 	65.7563
1.93974 	65.4842
1.94212 	65.2131
1.9445 	64.943
1.94688 	64.6738
1.94926 	64.4057
1.95164 	64.1385
1.95402 	63.8723
1.9564 	63.6071
1.95878 	63.3428
1.96116 	63.0795
1.96354 	62.8172
1.96592 	62.5558
1.9683 	62.2953
1.97068 	62.0358
1.97306 	61.7773
1.97544 	61.5196
1.97782 	61.2629
1.9802 	61.0072
1.98258 	60.7523
1.98496 	60.4984
1.98734 	60.2453
1.98972 	59.9932
1.9921 	59.742
1.99448 	59.4917
1.99686 	59.2423
1.99924 	58.9937
2.00162 	58.7461
2.004 	58.4993
2.00638 	58.2534
2.00876 	58.0084
2.01114 	57.7643
2.01352 	57.521
2.0159 	57.2786
2.01828 	57.037
2.02066 	56.7963
2.02304 	56.5564
2.02542 	56.3174
2.0278 	56.0792
2.03018 	55.8419
2.03256 	55.6054
2.03494 	55.3697
2.03732 	55.1349
2.0397 	54.9008
2.04208 	54.6676
2.04446 	54.4352
2.04684 	54.2036
2.04922 	53.9728
2.0516 	53.7429
2.05398 	53.5137
2.05636 	53.2853
2.05874 	53.0577
2.06112 	52.8309
2.0635 	52.6049
2.06588 	52.3796
2.06826 	52.1552
2.07064 	51.9315
2.07302 	51.7086
2.0754 	51.4864
2.07778 	51.265
2.08016 	51.0444
2.08254 	50.8245
2.08492 	50.6054
2.0873 	50.387
2.08968 	50.1694
2.09206 	49.9525
2.09444 	49.7364
2.09682 	49.5209
2.0992 	49.3063
2.10158 	49.0923
2.10396 	48.8791
2.10634 	48.6666
2.10872 	48.4548
2.1111 	48.2437
2.11348 	48.0334
2.11586 	47.8237
2.11824 	47.6148
2.12062 	47.4066
2.123 	47.199
2.12538 	46.9922
2.12776 	46.786
2.13014 	46.5806
2.13252 	46.3758
2.1349 	46.1717
2.13728 	45.9683
2.13966 	45.7656
2.14204 	45.5635
2.14442 	45.3622
2.1468 	45.1614
2.14918 	44.9614
2.15156 	44.762
2.15394 	44.5633
2.15632 	44.3652
2.1587 	44.1678
2.16108 	43.9711
2.16346 	43.775
2.16584 	43.5795
2.16822 	43.3847
2.1706 	43.1905
2.17298 	42.997
2.17536 	42.8041
2.17774 	42.6118
2.18012 	42.4202
2.1825 	42.2291
2.18488 	42.0387
2.18726 	41.849
2.18964 	41.6598
2.19202 	41.4713
2.1944 	41.2834
2.19678 	41.096
2.19916 	40.9093
2.20154 	40.7232
2.20392 	40.5377
2.2063 	40.3528
2.20868 	40.1685
2.21106 	39.9848
2.21344 	39.8017
2.21582 	39.6192
2.2182 	39.4372
2.22058 	39.2559
2.22296 	39.0751
2.22534 	38.8949
2.22772 	38.7153
2.2301 	38.5363
2.23248 	38.3578
2.23486 	38.1799
2.23724 	38.0026
2.23962 	37.8258
2.242 	37.6496
2.24438 	37.4739
2.24676 	37.2989
2.24914 	37.1243
2.25152 	36.9503
2.2539 	36.7769
2.25628 	36.604
2.25866 	36.4317
2.26104 	36.2599
2.26342 	36.0887
2.2658 	35.918
2.26818 	35.7478
2.27056 	35.5782
2.27294 	35.4091
2.27532 	35.2405
2.2777 	35.0724
2.28008 	34.9049
2.28246 	34.7379
2.28484 	34.5714
2.28722 	34.4055
2.2896 	34.24
2.29198 	34.0751
2.29436 	33.9107
2.29674 	33.7468
2.29912 	33.5834
2.3015 	33.4205
2.30388 	33.2582
2.30626 	33.0963
2.30864 	32.9349
2.31102 	32.774
2.3134 	32.6136
2.31578 	32.4537
2.31816 	32.2943
2.32054 	32.1354
2.32292 	31.977
2.3253 	31.8191
2.32768 	31.6616
2.33006 	31.5047
2.33244 	31.3482
2.33482 	31.1922
2.3372 	31.0366
2.33958 	30.8816
2.34196 	30.727
2.34434 	30.5729
2.34672 	30.4192
2.3491 	30.2661
2.35148 	30.1133
2.35386 	29.9611
2.35624 	29.8093
2.35862 	29.658
2.361 	29.5071
2.36338 	29.3567
2.36576 	29.2067
2.36814 	29.0572
2.37052 	28.9081
2.3729 	28.7595
2.37528 	28.6113
2.37766 	28.4636
2.38004 	28.3163
2.38242 	28.1695
2.3848 	28.0231
2.38718 	27.8771
2.38956 	27.7316
2.39194 	27.5865
2.39432 	27.4418
2.3967 	27.2976
2.39908 	27.1538
2.40146 	27.0104
2.40384 	26.8675
2.40622 	26.7249
2.4086 	26.5828
2.41098 	26.4412
2.41336 	26.2999
2.41574 	26.159
2.41812 	26.0186
2.4205 	25.8786
2.42288 	25.739
2.42526 	25.5998
2.42764 	25.461
2.43002 	25.3226
2.4324 	25.1847
2.43478 	25.0471
2.43716 	24.9099
2.43954 	24.7732
2.44192 	24.6368
2.4443 	24.5008
2.44668 	24.3652
2.44906 	24.2301
2.45144 	24.0953
2.45382 	23.9609
2.4562 	23.8269
2.45858 	23.6933
2.46096 	23.5601
2.46334 	23.4272
2.46572 	23.2948
2.4681 	23.1627
2.47048 	23.031
2.47286 	22.8997
2.47524 	22.7688
2.47762 	22.6382
2.48 	22.508
2.48238 	22.3782
2.48476 	22.2488
2.48714 	22.1197
2.48952 	21.991
2.4919 	21.8627
2.49428 	21.7348
2.49666 	21.6072
2.49904 	21.48
2.50142 	21.3531
2.5038 	21.2266
2.50618 	21.1004
2.50856 	20.9747
2.51094 	20.8492
2.51332 	20.7242
2.5157 	20.5995
2.51808 	20.4751
2.52046 	20.3511
2.52284 	20.2274
2.52522 	20.1041
2.5276 	19.9812
2.52998 	19.8585
2.53236 	19.7363
2.53474 	19.6144
2.53712 	19.4928
2.5395 	19.3715
2.54188 	19.2506
2.54426 	19.1301
2.54664 	19.0098
2.54902 	18.89
2.5514 	18.7704
2.55378 	18.6512
2.55616 	18.5323
2.55854 	18.4138
2.56092 	18.2955
2.5633 	18.1776
2.56568 	18.0601
2.56806 	17.9428
2.57044 	17.8259
2.57282 	17.7093
2.5752 	17.5931
2.57758 	17.4771
2.57996 	17.3615
2.58234 	17.2462
2.58472 	17.1312
2.5871 	17.0165
2.58948 	16.9022
2.59186 	16.7881
2.59424 	16.6744
2.59662 	16.561
2.599 	16.4479
2.60138 	16.3351
2.60376 	16.2226
2.60614 	16.1104
2.60852 	15.9986
2.6109 	15.887
2.61328 	15.7757
2.61566 	15.6648
2.61804 	15.5541
2.62042 	15.4438
2.6228 	15.3337
2.62518 	15.224
2.62756 	15.1145
2.62994 	15.0054
2.63232 	14.8965
2.6347 	14.7879
2.63708 	14.6797
2.63946 	14.5717
2.64184 	14.464
2.64422 	14.3566
2.6466 	14.2495
2.64898 	14.1427
2.65136 	14.0361
2.65374 	13.9299
2.65612 	13.8239
2.6585 	13.7183
2.66088 	13.6129
2.66326 	13.5078
2.66564 	13.4029
2.66802 	13.2984
2.6704 	13.1941
2.67278 	13.0901
2.67516 	12.9864
2.67754 	12.883
2.67992 	12.7798
2.6823 	12.6769
2.68468 	12.5743
2.68706 	12.472
2.68944 	12.3699
2.69182 	12.2681
2.6942 	12.1666
2.69658 	12.0653
2.69896 	11.9643
2.70134 	11.8636
2.70372 	11.7631
2.7061 	11.6629
2.70848 	11.563
2.71086 	11.4633
2.71324 	11.3639
2.71562 	11.2647
2.718 	11.1659
2.72038 	11.0672
2.72276 	10.9689
2.72514 	10.8708
2.72752 	10.7729
2.7299 	10.6753
2.73228 	10.578
2.73466 	10.4809
2.73704 	10.384
2.73942 	10.2874
2.7418 	10.1911
2.74418 	10.095
2.74656 	9.99918
2.74894 	9.9036
2.75132 	9.80826
2.7537 	9.71317
2.75608 	9.61832
2.75846 	9.52372
2.76084 	9.42937
2.76322 	9.33526
2.7656 	9.24139
2.76798 	9.14776
2.77036 	9.05437
2.77274 	8.96123
2.77512 	8.86832
2.7775 	8.77565
2.77988 	8.68322
2.78226 	8.59103
2.78464 	8.49908
2.78702 	8.40735
2.7894 	8.31587
2.79178 	8.22461
2.79416 	8.13359
2.79654 	8.04281
2.79892 	7.95225
2.8013 	7.86192
2.80368 	7.77183
2.80606 	7.68196
2.80844 	7.59232
2.81082 	7.50291
2.8132 	7.41373
2.81558 	7.32477
2.81796 	7.23604
2.82034 	7.14753
2.82272 	7.05924
2.8251 	6.97118
2.82748 	6.88334
2.82986 	6.79572
2.83224 	6.70832
2.83462 	6.62114
2.837 	6.53419
2.83938 	6.44744
2.84176 	6.36092
2.84414 	6.27462
2.84652 	6.18853
2.8489 	6.10265
2.85128 	6.01699
2.85366 	5.93155
2.85604 	5.84632
2.85842 	5.7613
2.8608 	5.67649
2.86318 	5.5919
2.86556 	5.50751
2.86794 	5.42334
2.87032 	5.33937
2.8727 	5.25561
2.87508 	5.17207
2.87746 	5.08872
2.87984 	5.00559
2.88222 	4.92266
2.8846 	4.83993
2.88698 	4.75741
2.88936 	4.6751
2.89174 	4.59298
2.89412 	4.51107
2.8965 	4.42936
2.89888 	4.34785
2.90126 	4.26654
2.90364 	4.18544
2.90602 	4.10453
2.9084 	4.02381
2.91078 	3.9433
2.91316 	3.86299
2.91554 	3.78287
2.91792 	3.70294
2.9203 	3.62321
2.92268 	3.54368
2.92506 	3.46434
2.92744 	3.38519
2.92982 	3.30624
2.9322 	3.22748
2.93458 	3.14891
2.93696 	3.07053
2.93934 	2.99234
2.94172 	2.91434
2.9441 	2.83653
2.94648 	2.75891
2.94886 	2.68147
2.95124 	2.60423
2.95362 	2.52717
2.956 	2.45029
2.95838 	2.3736
2.96076 	2.2971
2.96314 	2.22078
2.96552 	2.14464
2.9679 	2.06869
2.97028 	1.99292
2.97266 	1.91733
2.97504 	1.84192
2.97742 	1.76669
2.9798 	1.69164
2.98218 	1.61678
2.98456 	1.54209
2.98694 	1.46758
2.98932 	1.39324
2.9917 	1.31909
2.99408 	1.24511
2.99646 	1.17131
2.99884 	1.09768
3.00122 	1.02423
3.0036 	0.950951
3.00598 	0.877847
3.00836 	0.804917
3.01074 	0.732159
3.01312 	0.659574
3.0155 	0.58716
3.01788 	0.514918
3.02026 	0.442846
3.02264 	0.370945
3.02502 	0.299212
3.0274 	0.227649
3.02978 	0.156255
3.03216 	0.0850283
3.03454 	0.0139692
3.03692 	-0.056923
3.0393 	-0.127649
3.04168 	-0.198209
3.04406 	-0.268603
3.04644 	-0.338833
3.04882 	-0.408898
3.0512 	-0.4788
3.05358 	-0.548538
3.05596 	-0.618113
3.05834 	-0.687527
3.06072 	-0.756778
3.0631 	-0.825868
3.06548 	-0.894797
3.06786 	-0.963566
3.07024 	-1.03218
3.07262 	-1.10063
3.075 	-1.16892
3.07738 	-1.23705
3.07976 	-1.30502
3.08214 	-1.37284
3.08452 	-1.4405
3.0869 	-1.50801
3.08928 	-1.57535
3.09166 	-1.64255
3.09404 	-1.70959
3.09642 	-1.77647
3.0988 	-1.8432
3.10118 	-1.90977
3.10356 	-1.9762
3.10594 	-2.04247
3.10832 	-2.10859
3.1107 	-2.17455
3.11308 	-2.24037
3.11546 	-2.30603
3.11784 	-2.37155
3.12022 	-2.43691
3.1226 	-2.50213
3.12498 	-2.56719
3.12736 	-2.63211
3.12974 	-2.69688
3.13212 	-2.7615
3.1345 	-2.82598
3.13688 	-2.89031
3.13926 	-2.95449
3.14164 	-3.01853
3.14402 	-3.08242
3.1464 	-3.14617
3.14878 	-3.20977
3.15116 	-3.27323
3.15354 	-3.33654
3.15592 	-3.39971
3.1583 	-3.46274
3.16068 	-3.52563
3.16306 	-3.58837
3.16544 	-3.65097
3.16782 	-3.71344
3.1702 	-3.77576
3.17258 	-3.83794
3.17496 	-3.89998
3.17734 	-3.96188
3.17972 	-4.02365
3.1821 	-4.08527
3.18448 	-4.14676
3.18686 	-4.20811
3.18924 	-4.26932
3.19162 	-4.33039
3.194 	-4.39133
3.19638 	-4.45213
3.19876 	-4.5128
3.20114 	-4.57333
3.20352 	-4.63373
3.2059 	-4.69399
3.20828 	-4.75412
3.21066 	-4.81411
3.21304 	-4.87397
3.21542 	-4.9337
3.2178 	-4.9933
3.22018 	-5.05276
3.22256 	-5.11209
3.22494 	-5.17129
3.22732 	-5.23036
3.2297 	-5.2893
3.23208 	-5.34811
3.23446 	-5.40679
3.23684 	-5.46534
3.23922 	-5.52376
3.2416 	-5.58206
3.24398 	-5.64022
3.24636 	-5.69826
3.24874 	-5.75617
3.25112 	-5.81395
3.2535 	-5.8716
3.25588 	-5.92913
3.25826 	-5.98653
3.26064 	-6.04381
3.26302 	-6.10096
3.2654 	-6.15799
3.26778 	-6.21489
3.27016 	-6.27167
3.27254 	-6.32832
3.27492 	-6.38485
3.2773 	-6.44126
3.27968 	-6.49755
3.28206 	-6.55371
3.28444 	-6.60975
3.28682 	-6.66567
3.2892 	-6.72147
3.29158 	-6.77714
3.29396 	-6.8327
3.29634 	-6.88813
3.29872 	-6.94345
3.3011 	-6.99864
3.30348 	-7.05372
3.30586 	-7.10868
3.30824 	-7.16352
3.31062 	-7.21824
3.313 	-7.27284
3.31538 	-7.32733
3.31776 	-7.38169
3.32014 	-7.43595
3.32252 	-7.49008
3.3249 	-7.5441
3.32728 	-7.598
3.32966 	-7.65179
3.33204 	-7.70546
3.33442 	-7.75902
3.3368 	-7.81246
3.33918 	-7.86579
3.34156 	-7.919
3.34394 	-7.9721
3.34632 	-8.02509
3.3487 	-8.07796
3.35108 	-8.13072
3.35346 	-8.18337
3.35584 	-8.23591
3.35822 	-8.28833
3.3606 	-8.34065
3.36298 	-8.39285
3.36536 	-8.44494
3.36774 	-8.49692
3.37012 	-8.54879
3.3725 	-8.60056
3.37488 	-8.65221
3.37726 	-8.70375
3.37964 	-8.75518
3.38202 	-8.80651
3.3844 	-8.85773
3.38678 	-8.90884
3.38916 	-8.95984
3.39154 	-9.01073
3.39392 	-9.06152
3.3963 	-9.1122
3.39868 	-9.16277
3.40106 	-9.21324
3.40344 	-9.2636
3.40582 	-9.31386
3.4082 	-9.36401
3.41058 	-9.41405
3.41296 	-9.46399
3.41534 	-9.51383
3.41772 	-9.56356
3.4201 	-9.61319
3.42248 	-9.66271
3.42486 	-9.71213
3.42724 	-9.76145
3.42962 	-9.81067
3.432 	-9.85978
3.43438 	-9.90879
3.43676 	-9.9577
3.43914 	-10.0065
3.44152 	-10.0552
3.4439 	-10.1038
3.44628 	-10.1523
3.44866 	-10.2007
3.45104 	-10.249
3.45342 	-10.2972
3.4558 	-10.3453
3.45818 	-10.3933
3.46056 	-10.4413
3.46294 	-10.4891
3.46532 	-10.5368
3.4677 	-10.5844
3.47008 	-10.6319
3.47246 	-10.6793
3.47484 	-10.7266
3.47722 	-10.7738
3.4796 	-10.821
3.48198 	-10.868
3.48436 	-10.9149
3.48674 	-10.9617
3.48912 	-11.0085
3.4915 	-11.0551
3.49388 	-11.1017
3.49626 	-11.1481
3.49864 	-11.1945
3.50102 	-11.2407
3.5034 	-11.2869
3.50578 	-11.333
3.50816 	-11.379
3.51054 	-11.4248
3.51292 	-11.4706
3.5153 	-11.5163
3.51768 	-11.5619
3.52006 	-11.6075
3.52244 	-11.6529
3.52482 	-11.6982
3.5272 	-11.7434
3.52958 	-11.7886
3.53196 	-11.8336
3.53434 	-11.8786
3.53672 	-11.9235
3.5391 	-11.9683
3.54148 	-12.0129
3.54386 	-12.0575
3.54624 	-12.1021
3.54862 	-12.1465
3.551 	-12.1908
3.55338 	-12.235
3.55576 	-12.2792
3.55814 	-12.3233
3.56052 	-12.3672
3.5629 	-12.4111
3.56528 	-12.4549
3.56766 	-12.4986
3.57004 	-12.5423
3.57242 	-12.5858
3.5748 	-12.6292
3.57718 	-12.6726
3.57956 	-12.7159
3.58194 	-12.7591
3.58432 	-12.8022
3.5867 	-12.8452
3.58908 	-12.8881
3.59146 	-12.931
3.59384 	-12.9737
3.59622 	-13.0164
3.5986 	-13.059
3.60098 	-13.1015
3.60336 	-13.1439
3.60574 	-13.1863
3.60812 	-13.2285
3.6105 	-13.2707
3.61288 	-13.3128
3.61526 	-13.3548
3.61764 	-13.3967
3.62002 	-13.4385
3.6224 	-13.4803
3.62478 	-13.522
3.62716 	-13.5635
3.62954 	-13.6051
3.63192 	-13.6465
3.6343 	-13.6878
3.63668 	-13.7291
3.63906 	-13.7703
3.64144 	-13.8114
3.64382 	-13.8524
3.6462 	-13.8933
3.64858 	-13.9342
3.65096 	-13.975
3.65334 	-14.0157
3.65572 	-14.0563
3.6581 	-14.0968
3.66048 	-14.1373
3.66286 	-14.1777
3.66524 	-14.218
3.66762 	-14.2582
3.67 	-14.2983
3.67238 	-14.3384
3.67476 	-14.3784
3.67714 	-14.4183
3.67952 	-14.4581
3.6819 	-14.4979
3.68428 	-14.5376
3.68666 	-14.5772
3.68904 	-14.6167
3.69142 	-14.6561
3.6938 	-14.6955
3.69618 	-14.7348
3.69856 	-14.774
3.70094 	-14.8132
3.70332 	-14.8522
3.7057 	-14.8912
3.70808 	-14.9301
3.71046 	-14.969
3.71284 	-15.0077
3.71522 	-15.0464
3.7176 	-15.085
3.71998 	-15.1236
3.72236 	-15.162
3.72474 	-15.2004
3.72712 	-15.2388
3.7295 	-15.277
3.73188 	-15.3152
3.73426 	-15.3533
3.73664 	-15.3913
3.73902 	-15.4292
3.7414 	-15.4671
3.74378 	-15.5049
3.74616 	-15.5427
3.74854 	-15.5803
3.75092 	-15.6179
3.7533 	-15.6554
3.75568 	-15.6929
3.75806 	-15.7303
3.76044 	-15.7676
3.76282 	-15.8048
3.7652 	-15.842
3.76758 	-15.879
3.76996 	-15.9161
3.77234 	-15.953
3.77472 	-15.9899
3.7771 	-16.0267
3.77948 	-16.0634
3.78186 	-16.1001
3.78424 	-16.1367
3.78662 	-16.1732
3.789 	-16.2097
3.79138 	-16.2461
3.79376 	-16.2824
3.79614 	-16.3187
3.79852 	-16.3548
3.8009 	-16.391
3.80328 	-16.427
3.80566 	-16.463
3.80804 	-16.4989
3.81042 	-16.5348
3.8128 	-16.5705
3.81518 	-16.6062
3.81756 	-16.6419
3.81994 	-16.6775
3.82232 	-16.713
3.8247 	-16.7484
3.82708 	-16.7838
3.82946 	-16.8191
3.83184 	-16.8543
3.83422 	-16.8895
3.8366 	-16.9246
3.83898 	-16.9597
3.84136 	-16.9946
3.84374 	-17.0296
3.84612 	-17.0644
3.8485 	-17.0992
3.85088 	-17.1339
3.85326 	-17.1686
3.85564 	-17.2031
3.85802 	-17.2377
3.8604 	-17.2721
3.86278 	-17.3065
3.86516 	-17.3409
3.86754 	-17.3751
3.86992 	-17.4093
3.8723 	-17.4435
3.87468 	-17.4775
3.87706 	-17.5116
3.87944 	-17.5455
3.88182 	-17.5794
3.8842 	-17.6132
3.88658 	-17.647
3.88896 	-17.6807
3.89134 	-17.7143
3.89372 	-17.7479
3.8961 	-17.7814
3.89848 	-17.8148
3.90086 	-17.8482
3.90324 	-17.8816
3.90562 	-17.9148
3.908 	-17.948
3.91038 	-17.9812
3.91276 	-18.0142
3.91514 	-18.0473
3.91752 	-18.0802
3.9199 	-18.1131
3.92228 	-18.146
3.92466 	-18.1787
3.92704 	-18.2115
3.92942 	-18.2441
3.9318 	-18.2767
3.93418 	-18.3092
3.93656 	-18.3417
3.93894 	-18.3741
3.94132 	-18.4065
3.9437 	-18.4388
3.94608 	-18.471
3.94846 	-18.5032
3.95084 	-18.5353
3.95322 	-18.5674
3.9556 	-18.5994
3.95798 	-18.6313
3.96036 	-18.6632
3.96274 	-18.6951
3.96512 	-18.7268
3.9675 	-18.7586
3.96988 	-18.7902
3.97226 	-18.8218
3.97464 	-18.8533
3.97702 	-18.8848
3.9794 	-18.9163
3.98178 	-18.9476
3.98416 	-18.9789
3.98654 	-19.0102
3.98892 	-19.0414
3.9913 	-19.0725
3.99368 	-19.1036
3.99606 	-19.1346
3.99844 	-19.1656
4.00082 	-19.1965
4.0032 	-19.2274
4.00558 	-19.2582
4.00796 	-19.2889
4.01034 	-19.3196
4.01272 	-19.3503
4.0151 	-19.3809
4.01748 	-19.4114
4.01986 	-19.4418
4.02224 	-19.4723
4.02462 	-19.5026
4.027 	-19.5329
4.02938 	-19.5632
4.03176 	-19.5934
4.03414 	-19.6235
4.03652 	-19.6536
4.0389 	-19.6837
4.04128 	-19.7136
4.04366 	-19.7436
4.04604 	-19.7734
4.04842 	-19.8033
4.0508 	-19.833
4.05318 	-19.8627
4.05556 	-19.8924
4.05794 	-19.922
4.06032 	-19.9516
4.0627 	-19.9811
4.06508 	-20.0105
4.06746 	-20.0399
4.06984 	-20.0692
4.07222 	-20.0985
4.0746 	-20.1278
4.07698 	-20.157
4.07936 	-20.1861
4.08174 	-20.2152
4.08412 	-20.2442
4.0865 	-20.2732
4.08888 	-20.3021
4.09126 	-20.331
4.09364 	-20.3598
4.09602 	-20.3886
4.0984 	-20.4173
4.10078 	-20.446
4.10316 	-20.4746
4.10554 	-20.5031
4.10792 	-20.5317
4.1103 	-20.5601
4.11268 	-20.5885
4.11506 	-20.6169
4.11744 	-20.6452
4.11982 	-20.6735
4.1222 	-20.7017
4.12458 	-20.7299
4.12696 	-20.758
4.12934 	-20.786
4.13172 	-20.8141
4.1341 	-20.842
4.13648 	-20.8699
4.13886 	-20.8978
4.14124 	-20.9256
4.14362 	-20.9534
4.146 	-20.9811
4.14838 	-21.0088
4.15076 	-21.0364
4.15314 	-21.064
4.15552 	-21.0915
4.1579 	-21.119
4.16028 	-21.1464
4.16266 	-21.1738
4.16504 	-21.2011
4.16742 	-21.2284
4.1698 	-21.2556
4.17218 	-21.2828
4.17456 	-21.3099
4.17694 	-21.337
4.17932 	-21.3641
4.1817 	-21.3911
4.18408 	-21.418
4.18646 	-21.4449
4.18884 	-21.4718
4.19122 	-21.4986
4.1936 	-21.5253
4.19598 	-21.552
4.19836 	-21.5787
4.20074 	-21.6053
4.20312 	-21.6319
4.2055 	-21.6584
4.20788 	-21.6849
4.21026 	-21.7113
4.21264 	-21.7377
4.21502 	-21.7641
4.2174 	-21.7903
4.21978 	-21.8166
4.22216 	-21.8428
4.22454 	-21.869
4.22692 	-21.8951
4.2293 	-21.9211
4.23168 	-21.9471
4.23406 	-21.9731
4.23644 	-21.999
4.23882 	-22.0249
4.2412 	-22.0508
4.24358 	-22.0766
4.24596 	-22.1023
4.24834 	-22.128
4.25072 	-22.1537
4.2531 	-22.1793
4.25548 	-22.2048
4.25786 	-22.2304
4.26024 	-22.2559
4.26262 	-22.2813
4.265 	-22.3067
4.26738 	-22.332
4.26976 	-22.3573
4.27214 	-22.3826
4.27452 	-22.4078
4.2769 	-22.433
4.27928 	-22.4581
4.28166 	-22.4832
4.28404 	-22.5082
4.28642 	-22.5332
4.2888 	-22.5582
4.29118 	-22.5831
4.29356 	-22.6079
4.29594 	-22.6328
4.29832 	-22.6575
4.3007 	-22.6823
4.30308 	-22.707
4.30546 	-22.7316
4.30784 	-22.7562
4.31022 	-22.7808
4.3126 	-22.8053
4.31498 	-22.8298
4.31736 	-22.8543
4.31974 	-22.8786
4.32212 	-22.903
4.3245 	-22.9273
4.32688 	-22.9516
4.32926 	-22.9758
4.33164 	-23
4.33402 	-23.0241
4.3364 	-23.0482
4.33878 	-23.0723
4.34116 	-23.0963
4.34354 	-23.1203
4.34592 	-23.1442
4.3483 	-23.1681
4.35068 	-23.192
4.35306 	-23.2158
4.35544 	-23.2396
4.35782 	-23.2633
4.3602 	-23.287
4.36258 	-23.3106
4.36496 	-23.3342
4.36734 	-23.3578
4.36972 	-23.3813
4.3721 	-23.4048
4.37448 	-23.4283
4.37686 	-23.4517
4.37924 	-23.475
4.38162 	-23.4983
4.384 	-23.5216
4.38638 	-23.5449
4.38876 	-23.5681
4.39114 	-23.5912
4.39352 	-23.6144
4.3959 	-23.6374
4.39828 	-23.6605
4.40066 	-23.6835
4.40304 	-23.7065
4.40542 	-23.7294
4.4078 	-23.7523
4.41018 	-23.7751
4.41256 	-23.7979
4.41494 	-23.8207
4.41732 	-23.8434
4.4197 	-23.8661
4.42208 	-23.8887
4.42446 	-23.9114
4.42684 	-23.9339
4.42922 	-23.9565
4.4316 	-23.9789
4.43398 	-24.0014
4.43636 	-24.0238
4.43874 	-24.0462
4.44112 	-24.0685
4.4435 	-24.0908
4.44588 	-24.1131
4.44826 	-24.1353
4.45064 	-24.1575
4.45302 	-24.1796
4.4554 	-24.2018
4.45778 	-24.2238
4.46016 	-24.2459
4.46254 	-24.2679
4.46492 	-24.2898
4.4673 	-24.3117
4.46968 	-24.3336
4.47206 	-24.3554
4.47444 	-24.3773
4.47682 	-24.399
4.4792 	-24.4208
4.48158 	-24.4424
4.48396 	-24.4641
4.48634 	-24.4857
4.48872 	-24.5073
4.4911 	-24.5288
4.49348 	-24.5503
4.49586 	-24.5718
4.49824 	-24.5932
4.50062 	-24.6146
4.503 	-24.636
4.50538 	-24.6573
4.50776 	-24.6786
4.51014 	-24.6999
4.51252 	-24.7211
4.5149 	-24.7422
4.51728 	-24.7634
4.51966 	-24.7845
4.52204 	-24.8055
4.52442 	-24.8266
4.5268 	-24.8476
4.52918 	-24.8685
4.53156 	-24.8894
4.53394 	-24.9103
4.53632 	-24.9312
4.5387 	-24.952
4.54108 	-24.9728
4.54346 	-24.9935
4.54584 	-25.0142
4.54822 	-25.0349
4.5506 	-25.0555
4.55298 	-25.0761
4.55536 	-25.0967
4.55774 	-25.1172
4.56012 	-25.1377
4.5625 	-25.1581
4.56488 	-25.1785
4.56726 	-25.1989
4.56964 	-25.2193
4.57202 	-25.2396
4.5744 	-25.2599
4.57678 	-25.2801
4.57916 	-25.3003
4.58154 	-25.3205
4.58392 	-25.3406
4.5863 	-25.3607
4.58868 	-25.3808
4.59106 	-25.4008
4.59344 	-25.4208
4.59582 	-25.4408
4.5982 	-25.4607
4.60058 	-25.4806
4.60296 	-25.5005
4.60534 	-25.5203
4.60772 	-25.5401
4.6101 	-25.5598
4.61248 	-25.5795
4.61486 	-25.5992
4.61724 	-25.6189
4.61962 	-25.6385
4.622 	-25.6581
4.62438 	-25.6776
4.62676 	-25.6971
4.62914 	-25.7166
4.63152 	-25.7361
4.6339 	-25.7555
4.63628 	-25.7749
4.63866 	-25.7942
4.64104 	-25.8135
4.64342 	-25.8328
4.6458 	-25.852
4.64818 	-25.8712
4.65056 	-25.8904
4.65294 	-25.9096
4.65532 	-25.9287
4.6577 	-25.9477
4.66008 	-25.9668
4.66246 	-25.9858
4.66484 	-26.0048
4.66722 	-26.0237
4.6696 	-26.0426
4.67198 	-26.0615
4.67436 	-26.0803
4.67674 	-26.0991
4.67912 	-26.1179
4.6815 	-26.1367
4.68388 	-26.1554
4.68626 	-26.174
4.68864 	-26.1927
4.69102 	-26.2113
4.6934 	-26.2299
4.69578 	-26.2484
4.69816 	-26.2669
4.70054 	-26.2854
4.70292 	-26.3038
4.7053 	-26.3223
4.70768 	-26.3406
4.71006 	-26.359
4.71244 	-26.3773
4.71482 	-26.3956
4.7172 	-26.4138
4.71958 	-26.432
4.72196 	-26.4502
4.72434 	-26.4684
4.72672 	-26.4865
4.7291 	-26.5046
4.73148 	-26.5226
4.73386 	-26.5407
4.73624 	-26.5587
4.73862 	-26.5766
4.741 	-26.5945
4.74338 	-26.6124
4.74576 	-26.6303
4.74814 	-26.6481
4.75052 	-26.6659
4.7529 	-26.6837
4.75528 	-26.7014
4.75766 	-26.7191
4.76004 	-26.7368
4.76242 	-26.7544
4.7648 	-26.772
4.76718 	-26.7896
4.76956 	-26.8072
4.77194 	-26.8247
4.77432 	-26.8421
4.7767 	-26.8596
4.77908 	-26.877
4.78146 	-26.8944
4.78384 	-26.9117
4.78622 	-26.9291
4.7886 	-26.9464
4.79098 	-26.9636
4.79336 	-26.9808
4.79574 	-26.998
4.79812 	-27.0152
4.8005 	-27.0323
4.80288 	-27.0494
4.80526 	-27.0665
4.80764 	-27.0835
4.81002 	-27.1005
4.8124 	-27.1175
4.81478 	-27.1345
4.81716 	-27.1514
4.81954 	-27.1683
4.82192 	-27.1851
4.8243 	-27.2019
4.82668 	-27.2187
4.82906 	-27.2355
4.83144 	-27.2522
4.83382 	-27.2689
4.8362 	-27.2856
4.83858 	-27.3022
4.84096 	-27.3188
4.84334 	-27.3354
4.84572 	-27.3519
4.8481 	-27.3684
4.85048 	-27.3849
4.85286 	-27.4013
4.85524 	-27.4178
4.85762 	-27.4341
4.86 	-27.4505
4.86238 	-27.4668
4.86476 	-27.4831
4.86714 	-27.4994
4.86952 	-27.5156
4.8719 	-27.5318
4.87428 	-27.548
4.87666 	-27.5641
4.87904 	-27.5802
4.88142 	-27.5963
4.8838 	-27.6124
4.88618 	-27.6284
4.88856 	-27.6444
4.89094 	-27.6603
4.89332 	-27.6763
4.8957 	-27.6922
4.89808 	-27.708
4.90046 	-27.7239
4.90284 	-27.7397
4.90522 	-27.7554
4.9076 	-27.7712
4.90998 	-27.7869
4.91236 	-27.8026
4.91474 	-27.8182
4.91712 	-27.8339
4.9195 	-27.8495
4.92188 	-27.865
4.92426 	-27.8806
4.92664 	-27.8961
4.92902 	-27.9115
4.9314 	-27.927
4.93378 	-27.9424
4.93616 	-27.9578
4.93854 	-27.9731
4.94092 	-27.9884
4.9433 	-28.0037
4.94568 	-28.019
4.94806 	-28.0342
4.95044 	-28.0494
4.95282 	-28.0646
4.9552 	-28.0797
4.95758 	-28.0948
4.95996 	-28.1099
4.96234 	-28.125
4.96472 	-28.14
4.9671 	-28.155
4.96948 	-28.17
4.97186 	-28.1849
4.97424 	-28.1998
4.97662 	-28.2147
4.979 	-28.2295
4.98138 	-28.2443
4.98376 	-28.2591
4.98614 	-28.2738
4.98852 	-28.2886
4.9909 	-28.3033
4.99328 	-28.3179
4.99566 	-28.3325
4.99804 	-28.3471
5.00042 	-28.3617
5.0028 	-28.3763
5.00518 	-28.3908
5.00756 	-28.4053
5.00994 	-28.4197
5.01232 	-28.4341
5.0147 	-28.4485
5.01708 	-28.4629
5.01946 	-28.4772
5.02184 	-28.4915
5.02422 	-28.5058
5.0266 	-28.52
5.02898 	-28.5343
5.03136 	-28.5484
5.03374 	-28.5626
5.03612 	-28.5767
5.0385 	-28.5908
5.04088 	-28.6049
5.04326 	-28.6189
5.04564 	-28.6329
5.04802 	-28.6469
5.0504 	-28.6608
5.05278 	-28.6748
5.05516 	-28.6886
5.05754 	-28.7025
5.05992 	-28.7163
5.0623 	-28.7301
5.06468 	-28.7439
5.06706 	-28.7576
5.06944 	-28.7713
5.07182 	-28.785
5.0742 	-28.7987
5.07658 	-28.8123
5.07896 	-28.8259
5.08134 	-28.8394
5.08372 	-28.853
5.0861 	-28.8665
5.08848 	-28.8799
5.09086 	-28.8934
5.09324 	-28.9068
5.09562 	-28.9202
5.098 	-28.9335
5.10038 	-28.9468
5.10276 	-28.9601
5.10514 	-28.9734
5.10752 	-28.9866
5.1099 	-28.9998
5.11228 	-29.013
5.11466 	-29.0261
5.11704 	-29.0392
5.11942 	-29.0523
5.1218 	-29.0654
5.12418 	-29.0784
5.12656 	-29.0914
5.12894 	-29.1043
5.13132 	-29.1173
5.1337 	-29.1302
5.13608 	-29.143
5.13846 	-29.1559
5.14084 	-29.1687
5.14322 	-29.1815
5.1456 	-29.1942
5.14798 	-29.207
5.15036 	-29.2197
5.15274 	-29.2323
5.15512 	-29.2449
5.1575 	-29.2575
5.15988 	-29.2701
5.16226 	-29.2827
5.16464 	-29.2952
5.16702 	-29.3077
5.1694 	-29.3201
5.17178 	-29.3325
5.17416 	-29.3449
5.17654 	-29.3573
5.17892 	-29.3696
5.1813 	-29.3819
5.18368 	-29.3942
5.18606 	-29.4064
5.18844 	-29.4186
5.19082 	-29.4308
5.1932 	-29.443
5.19558 	-29.4551
5.19796 	-29.4672
5.20034 	-29.4792
5.20272 	-29.4913
5.2051 	-29.5033
5.20748 	-29.5152
5.20986 	-29.5272
5.21224 	-29.5391
5.21462 	-29.551
5.217 	-29.5628
5.21938 	-29.5746
5.22176 	-29.5864
5.22414 	-29.5982
5.22652 	-29.6099
5.2289 	-29.6216
5.23128 	-29.6332
5.23366 	-29.6449
5.23604 	-29.6565
5.23842 	-29.6681
5.2408 	-29.6796
5.24318 	-29.6911
5.24556 	-29.7026
5.24794 	-29.714
5.25032 	-29.7255
5.2527 	-29.7368
5.25508 	-29.7482
5.25746 	-29.7595
5.25984 	-29.7708
5.26222 	-29.7821
5.2646 	-29.7933
5.26698 	-29.8045
5.26936 	-29.8157
5.27174 	-29.8268
5.27412 	-29.838
5.2765 	-29.849
5.27888 	-29.8601
5.28126 	-29.8711
5.28364 	-29.8821
5.28602 	-29.893
5.2884 	-29.904
5.29078 	-29.9149
5.29316 	-29.9257
5.29554 	-29.9365
5.29792 	-29.9473
5.3003 	-29.9581
5.30268 	-29.9688
5.30506 	-29.9796
5.30744 	-29.9902
5.30982 	-30.0009
5.3122 	-30.0115
5.31458 	-30.0221
5.31696 	-30.0326
5.31934 	-30.0431
5.32172 	-30.0536
5.3241 	-30.0641
5.32648 	-30.0745
5.32886 	-30.0849
5.33124 	-30.0952
5.33362 	-30.1056
5.336 	-30.1159
5.33838 	-30.1261
5.34076 	-30.1363
5.34314 	-30.1465
5.34552 	-30.1567
5.3479 	-30.1668
5.35028 	-30.1769
5.35266 	-30.187
5.35504 	-30.1971
5.35742 	-30.2071
5.3598 	-30.217
5.36218 	-30.227
5.36456 	-30.2369
5.36694 	-30.2468
5.36932 	-30.2566
5.3717 	-30.2664
5.37408 	-30.2762
5.37646 	-30.286
5.37884 	-30.2957
5.38122 	-30.3054
5.3836 	-30.315
5.38598 	-30.3246
5.38836 	-30.3342
5.39074 	-30.3438
5.39312 	-30.3533
5.3955 	-30.3628
5.39788 	-30.3722
5.40026 	-30.3816
5.40264 	-30.391
5.40502 	-30.4004
5.4074 	-30.4097
5.40978 	-30.419
5.41216 	-30.4282
5.41454 	-30.4375
5.41692 	-30.4467
5.4193 	-30.4558
5.42168 	-30.4649
5.42406 	-30.474
5.42644 	-30.4831
5.42882 	-30.4921
5.4312 	-30.5011
5.43358 	-30.51
5.43596 	-30.519
5.43834 	-30.5279
5.44072 	-30.5367
5.4431 	-30.5455
5.44548 	-30.5543
5.44786 	-30.5631
5.45024 	-30.5718
5.45262 	-30.5805
5.455 	-30.5891
5.45738 	-30.5977
5.45976 	-30.6063
5.46214 	-30.6149
5.46452 	-30.6234
5.4669 	-30.6319
5.46928 	-30.6403
5.47166 	-30.6487
5.47404 	-30.6571
5.47642 	-30.6654
5.4788 	-30.6738
5.48118 	-30.682
5.48356 	-30.6903
5.48594 	-30.6985
5.48832 	-30.7066
5.4907 	-30.7148
5.49308 	-30.7229
5.49546 	-30.7309
5.49784 	-30.739
5.50022 	-30.747
5.5026 	-30.7549
5.50498 	-30.7628
5.50736 	-30.7707
5.50974 	-30.7786
5.51212 	-30.7864
5.5145 	-30.7942
5.51688 	-30.8019
5.51926 	-30.8096
5.52164 	-30.8173
5.52402 	-30.8249
5.5264 	-30.8325
5.52878 	-30.8401
5.53116 	-30.8476
5.53354 	-30.8551
5.53592 	-30.8626
5.5383 	-30.87
5.54068 	-30.8774
5.54306 	-30.8848
5.54544 	-30.8921
5.54782 	-30.8993
5.5502 	-30.9066
5.55258 	-30.9138
5.55496 	-30.921
5.55734 	-30.9281
5.55972 	-30.9352
5.5621 	-30.9422
5.56448 	-30.9493
5.56686 	-30.9562
5.56924 	-30.9632
5.57162 	-30.9701
5.574 	-30.977
5.57638 	-30.9838
5.57876 	-30.9906
5.58114 	-30.9974
5.58352 	-31.0041
5.5859 	-31.0108
5.58828 	-31.0174
5.59066 	-31.024
5.59304 	-31.0306
5.59542 	-31.0371
5.5978 	-31.0436
5.60018 	-31.0501
5.60256 	-31.0565
5.60494 	-31.0629
5.60732 	-31.0692
5.6097 	-31.0755
5.61208 	-31.0818
5.61446 	-31.088
5.61684 	-31.0942
5.61922 	-31.1004
5.6216 	-31.1065
5.62398 	-31.1126
5.62636 	-31.1186
5.62874 	-31.1246
5.63112 	-31.1306
5.6335 	-31.1365
5.63588 	-31.1424
5.63826 	-31.1482
5.64064 	-31.154
5.64302 	-31.1598
5.6454 	-31.1655
5.64778 	-31.1712
5.65016 	-31.1768
5.65254 	-31.1824
5.65492 	-31.188
5.6573 	-31.1935
5.65968 	-31.199
5.66206 	-31.2044
5.66444 	-31.2098
5.66682 	-31.2152
5.6692 	-31.2205
5.67158 	-31.2258
5.67396 	-31.231
5.67634 	-31.2362
5.67872 	-31.2414
5.6811 	-31.2465
5.68348 	-31.2516
5.68586 	-31.2566
5.68824 	-31.2616
5.69062 	-31.2665
5.693 	-31.2714
5.69538 	-31.2763
5.69776 	-31.2811
5.70014 	-31.2859
5.70252 	-31.2907
5.7049 	-31.2954
5.70728 	-31.3
5.70966 	-31.3047
5.71204 	-31.3092
5.71442 	-31.3138
5.7168 	-31.3183
5.71918 	-31.3227
5.72156 	-31.3271
5.72394 	-31.3315
5.72632 	-31.3358
5.7287 	-31.3401
5.73108 	-31.3443
5.73346 	-31.3485
5.73584 	-31.3527
5.73822 	-31.3568
5.7406 	-31.3609
5.74298 	-31.3649
5.74536 	-31.3689
5.74774 	-31.3728
5.75012 	-31.3767
5.7525 	-31.3805
5.75488 	-31.3844
5.75726 	-31.3881
5.75964 	-31.3918
5.76202 	-31.3955
5.7644 	-31.3991
5.76678 	-31.4027
5.76916 	-31.4063
5.77154 	-31.4097
5.77392 	-31.4132
5.7763 	-31.4166
5.77868 	-31.42
5.78106 	-31.4233
5.78344 	-31.4266
5.78582 	-31.4298
5.7882 	-31.433
5.79058 	-31.4361
5.79296 	-31.4392
5.79534 	-31.4422
5.79772 	-31.4452
5.8001 	-31.4482
5.80248 	-31.4511
5.80486 	-31.4539
5.80724 	-31.4568
5.80962 	-31.4595
5.812 	-31.4623
5.81438 	-31.4649
5.81676 	-31.4676
5.81914 	-31.4701
5.82152 	-31.4727
5.8239 	-31.4752
5.82628 	-31.4776
5.82866 	-31.48
5.83104 	-31.4824
5.83342 	-31.4847
5.8358 	-31.4869
5.83818 	-31.4891
5.84056 	-31.4913
5.84294 	-31.4934
5.84532 	-31.4954
5.8477 	-31.4975
5.85008 	-31.4994
5.85246 	-31.5013
5.85484 	-31.5032
5.85722 	-31.505
5.8596 	-31.5068
5.86198 	-31.5085
5.86436 	-31.5102
5.86674 	-31.5118
5.86912 	-31.5134
5.8715 	-31.5149
5.87388 	-31.5164
5.87626 	-31.5178
5.87864 	-31.5192
5.88102 	-31.5206
5.8834 	-31.5218
5.88578 	-31.5231
5.88816 	-31.5242
5.89054 	-31.5254
5.89292 	-31.5265
5.8953 	-31.5275
5.89768 	-31.5285
5.90006 	-31.5294
5.90244 	-31.5303
5.90482 	-31.5311
5.9072 	-31.5319
5.90958 	-31.5326
5.91196 	-31.5333
5.91434 	-31.5339
5.91672 	-31.5345
5.9191 	-31.535
5.92148 	-31.5355
5.92386 	-31.5359
5.92624 	-31.5362
5.92862 	-31.5366
5.931 	-31.5368
5.93338 	-31.537
5.93576 	-31.5372
5.93814 	-31.5373
5.94052 	-31.5373
5.9429 	-31.5373
5.94528 	-31.5373
5.94766 	-31.5372
5.95004 	-31.537
5.95242 	-31.5368
5.9548 	-31.5365
5.95718 	-31.5362
5.95956 	-31.5358
5.96194 	-31.5354
5.96432 	-31.5349
5.9667 	-31.5344
5.96908 	-31.5338
5.97146 	-31.5331
5.97384 	-31.5324
5.97622 	-31.5317
5.9786 	-31.5309
5.98098 	-31.53
5.98336 	-31.5291
5.98574 	-31.5281
5.98812 	-31.5271
5.9905 	-31.526
5.99288 	-31.5249
5.99526 	-31.5237
5.99764 	-31.5224
6.00002 	-31.5211
6.0024 	-31.5198
6.00478 	-31.5183
6.00716 	-31.5169
6.00954 	-31.5153
6.01192 	-31.5137
6.0143 	-31.5121
6.01668 	-31.5104
6.01906 	-31.5086
6.02144 	-31.5068
6.02382 	-31.505
6.0262 	-31.503
6.02858 	-31.501
6.03096 	-31.499
6.03334 	-31.4969
6.03572 	-31.4947
6.0381 	-31.4925
6.04048 	-31.4902
6.04286 	-31.4879
6.04524 	-31.4855
6.04762 	-31.4831
6.05 	-31.4806
6.05238 	-31.478
6.05476 	-31.4754
6.05714 	-31.4727
6.05952 	-31.4699
6.0619 	-31.4671
6.06428 	-31.4643
6.06666 	-31.4613
6.06904 	-31.4584
6.07142 	-31.4553
6.0738 	-31.4522
6.07618 	-31.449
6.07856 	-31.4458
6.08094 	-31.4425
6.08332 	-31.4392
6.0857 	-31.4358
6.08808 	-31.4323
6.09046 	-31.4288
6.09284 	-31.4252
6.09522 	-31.4216
6.0976 	-31.4179
6.09998 	-31.4141
6.10236 	-31.4103
6.10474 	-31.4064
6.10712 	-31.4024
6.1095 	-31.3984
6.11188 	-31.3943
6.11426 	-31.3902
6.11664 	-31.386
6.11902 	-31.3817
6.1214 	-31.3774
6.12378 	-31.373
6.12616 	-31.3685
6.12854 	-31.364
6.13092 	-31.3594
6.1333 	-31.3548
6.13568 	-31.3501
6.13806 	-31.3453
6.14044 	-31.3405
6.14282 	-31.3356
6.1452 	-31.3306
6.14758 	-31.3256
6.14996 	-31.3205
6.15234 	-31.3154
6.15472 	-31.3101
6.1571 	-31.3049
6.15948 	-31.2995
6.16186 	-31.2941
6.16424 	-31.2886
6.16662 	-31.2831
6.169 	-31.2775
6.17138 	-31.2718
6.17376 	-31.2661
6.17614 	-31.2602
6.17852 	-31.2544
6.1809 	-31.2484
6.18328 	-31.2424
6.18566 	-31.2364
6.18804 	-31.2302
6.19042 	-31.224
6.1928 	-31.2178
6.19518 	-31.2114
6.19756 	-31.205
6.19994 	-31.1986
6.20232 	-31.192
6.2047 	-31.1854
6.20708 	-31.1788
6.20946 	-31.172
6.21184 	-31.1652
6.21422 	-31.1584
6.2166 	-31.1514
6.21898 	-31.1444
6.22136 	-31.1373
6.22374 	-31.1302
6.22612 	-31.123
6.2285 	-31.1157
6.23088 	-31.1083
6.23326 	-31.1009
6.23564 	-31.0934
6.23802 	-31.0859
6.2404 	-31.0783
6.24278 	-31.0706
6.24516 	-31.0628
6.24754 	-31.055
6.24992 	-31.0471
6.2523 	-31.0391
6.25468 	-31.031
6.25706 	-31.0229
6.25944 	-31.0147
6.26182 	-31.0065
6.2642 	-30.9982
6.26658 	-30.9898
6.26896 	-30.9813
6.27134 	-30.9728
6.27372 	-30.9642
6.2761 	-30.9555
6.27848 	-30.9467
6.28086 	-30.9379
6.28324 	-30.929
6.28562 	-30.9201
6.288 	-30.911
6.29038 	-30.9019
6.29276 	-30.8928
6.29514 	-30.8835
6.29752 	-30.8742
6.2999 	-30.8648
6.30228 	-30.8553
6.30466 	-30.8458
6.30704 	-30.8362
6.30942 	-30.8265
6.3118 	-30.8167
6.31418 	-30.8069
6.31656 	-30.797
6.31894 	-30.787
6.32132 	-30.777
6.3237 	-30.7669
6.32608 	-30.7567
6.32846 	-30.7464
6.33084 	-30.7361
6.33322 	-30.7256
6.3356 	-30.7151
6.33798 	-30.7046
6.34036 	-30.6939
6.34274 	-30.6832
6.34512 	-30.6724
6.3475 	-30.6616
6.34988 	-30.6506
6.35226 	-30.6396
6.35464 	-30.6285
6.35702 	-30.6174
6.3594 	-30.6062
6.36178 	-30.5948
6.36416 	-30.5835
6.36654 	-30.572
6.36892 	-30.5605
6.3713 	-30.5488
6.37368 	-30.5372
6.37606 	-30.5254
6.37844 	-30.5136
6.38082 	-30.5016
6.3832 	-30.4897
6.38558 	-30.4776
6.38796 	-30.4654
6.39034 	-30.4532
6.39272 	-30.4409
6.3951 	-30.4286
6.39748 	-30.4161
6.39986 	-30.4036
6.40224 	-30.391
6.40462 	-30.3783
6.407 	-30.3655
6.40938 	-30.3527
6.41176 	-30.3398
6.41414 	-30.3268
6.41652 	-30.3137
6.4189 	-30.3006
6.42128 	-30.2874
6.42366 	-30.2741
6.42604 	-30.2607
6.42842 	-30.2472
6.4308 	-30.2337
6.43318 	-30.2201
6.43556 	-30.2064
6.43794 	-30.1926
6.44032 	-30.1788
6.4427 	-30.1649
6.44508 	-30.1509
6.44746 	-30.1368
6.44984 	-30.1226
6.45222 	-30.1084
6.4546 	-30.0941
6.45698 	-30.0797
6.45936 	-30.0652
6.46174 	-30.0507
6.46412 	-30.036
6.4665 	-30.0213
6.46888 	-30.0065
6.47126 	-29.9917
6.47364 	-29.9767
6.47602 	-29.9617
6.4784 	-29.9466
6.48078 	-29.9314
6.48316 	-29.9161
6.48554 	-29.9008
6.48792 	-29.8853
6.4903 	-29.8698
6.49268 	-29.8543
6.49506 	-29.8386
6.49744 	-29.8228
6.49982 	-29.807
6.5022 	-29.7911
6.50458 	-29.7751
6.50696 	-29.7591
6.50934 	-29.7429
6.51172 	-29.7267
6.5141 	-29.7104
6.51648 	-29.694
6.51886 	-29.6775
6.52124 	-29.661
6.52362 	-29.6443
6.526 	-29.6276
6.52838 	-29.6108
6.53076 	-29.5939
6.53314 	-29.577
6.53552 	-29.56
6.5379 	-29.5428
6.54028 	-29.5256
6.54266 	-29.5084
6.54504 	-29.491
6.54742 	-29.4736
6.5498 	-29.456
6.55218 	-29.4384
6.55456 	-29.4207
6.55694 	-29.403
6.55932 	-29.3851
6.5617 	-29.3672
6.56408 	-29.3492
6.56646 	-29.3311
6.56884 	-29.3129
6.57122 	-29.2947
6.5736 	-29.2763
6.57598 	-29.2579
6.57836 	-29.2394
6.58074 	-29.2208
6.58312 	-29.2022
6.5855 	-29.1834
6.58788 	-29.1646
6.59026 	-29.1457
6.59264 	-29.1267
6.59502 	-29.1076
6.5974 	-29.0885
6.59978 	-29.0692
6.60216 	-29.0499
6.60454 	-29.0305
6.60692 	-29.011
6.6093 	-28.9915
6.61168 	-28.9718
6.61406 	-28.9521
6.61644 	-28.9323
6.61882 	-28.9124
6.6212 	-28.8924
6.62358 	-28.8723
6.62596 	-28.8522
6.62834 	-28.832
6.63072 	-28.8117
6.6331 	-28.7913
6.63548 	-28.7708
6.63786 	-28.7503
6.64024 	-28.7296
6.64262 	-28.7089
6.645 	-28.6881
6.64738 	-28.6672
6.64976 	-28.6463
6.65214 	-28.6252
6.65452 	-28.6041
6.6569 	-28.5829
6.65928 	-28.5616
6.66166 	-28.5402
6.66404 	-28.5188
6.66642 	-28.4973
6.6688 	-28.4756
6.67118 	-28.4539
6.67356 	-28.4322
6.67594 	-28.4103
6.67832 	-28.3883
6.6807 	-28.3663
6.68308 	-28.3442
6.68546 	-28.322
6.68784 	-28.2997
6.69022 	-28.2774
6.6926 	-28.255
6.69498 	-28.2324
6.69736 	-28.2098
6.69974 	-28.1871
6.70212 	-28.1644
6.7045 	-28.1415
6.70688 	-28.1186
6.70926 	-28.0956
6.71164 	-28.0725
6.71402 	-28.0493
6.7164 	-28.0261
6.71878 	-28.0027
6.72116 	-27.9793
6.72354 	-27.9558
6.72592 	-27.9323
6.7283 	-27.9086
6.73068 	-27.8848
6.73306 	-27.861
6.73544 	-27.8371
6.73782 	-27.8131
6.7402 	-27.7891
6.74258 	-27.7649
6.74496 	-27.7407
6.74734 	-27.7164
6.74972 	-27.692
6.7521 	-27.6675
6.75448 	-27.643
6.75686 	-27.6183
6.75924 	-27.5936
6.76162 	-27.5688
6.764 	-27.5439
6.76638 	-27.519
6.76876 	-27.494
6.77114 	-27.4688
6.77352 	-27.4436
6.7759 	-27.4184
6.77828 	-27.393
6.78066 	-27.3676
6.78304 	-27.3421
6.78542 	-27.3165
6.7878 	-27.2908
6.79018 	-27.265
6.79256 	-27.2392
6.79494 	-27.2133
6.79732 	-27.1873
6.7997 	-27.1612
6.80208 	-27.1351
6.80446 	-27.1088
6.80684 	-27.0825
6.80922 	-27.0561
6.8116 	-27.0297
6.81398 	-27.0031
6.81636 	-26.9765
6.81874 	-26.9498
6.82112 	-26.923
6.8235 	-26.8961
6.82588 	-26.8692
6.82826 	-26.8422
6.83064 	-26.8151
6.83302 	-26.7879
6.8354 	-26.7607
6.83778 	-26.7333
6.84016 	-26.7059
6.84254 	-26.6784
6.84492 	-26.6509
6.8473 	-26.6232
6.84968 	-26.5955
6.85206 	-26.5677
6.85444 	-26.5399
6.85682 	-26.5119
6.8592 	-26.4839
6.86158 	-26.4558
6.86396 	-26.4276
6.86634 	-26.3994
6.86872 	-26.371
6.8711 	-26.3426
6.87348 	-26.3142
6.87586 	-26.2856
6.87824 	-26.257
6.88062 	-26.2283
6.883 	-26.1995
6.88538 	-26.1706
6.88776 	-26.1417
6.89014 	-26.1127
6.89252 	-26.0836
6.8949 	-26.0544
6.89728 	-26.0252
6.89966 	-25.9959
6.90204 	-25.9665
6.90442 	-25.9371
6.9068 	-25.9075
6.90918 	-25.8779
6.91156 	-25.8483
6.91394 	-25.8185
6.91632 	-25.7887
6.9187 	-25.7588
6.92108 	-25.7288
6.92346 	-25.6988
6.92584 	-25.6687
6.92822 	-25.6385
6.9306 	-25.6082
6.93298 	-25.5779
6.93536 	-25.5475
6.93774 	-25.517
6.94012 	-25.4865
6.9425 	-25.4558
6.94488 	-25.4251
6.94726 	-25.3944
6.94964 	-25.3636
6.95202 	-25.3326
6.9544 	-25.3017
6.95678 	-25.2706
6.95916 	-25.2395
6.96154 	-25.2083
6.96392 	-25.1771
6.9663 	-25.1458
6.96868 	-25.1144
6.97106 	-25.0829
6.97344 	-25.0514
6.97582 	-25.0198
6.9782 	-24.9881
6.98058 	-24.9564
6.98296 	-24.9245
6.98534 	-24.8927
6.98772 	-24.8607
6.9901 	-24.8287
6.99248 	-24.7966
6.99486 	-24.7645
6.99724 	-24.7323
6.99962 	-24.7
7.002 	-24.6677
7.00438 	-24.6352
7.00676 	-24.6028
7.00914 	-24.5702
7.01152 	-24.5376
7.0139 	-24.5049
7.01628 	-24.4722
7.01866 	-24.4394
7.02104 	-24.4065
7.02342 	-24.3736
7.0258 	-24.3406
7.02818 	-24.3075
7.03056 	-24.2744
7.03294 	-24.2412
7.03532 	-24.2079
7.0377 	-24.1746
7.04008 	-24.1412
7.04246 	-24.1078
7.04484 	-24.0743
7.04722 	-24.0407
7.0496 	-24.007
7.05198 	-23.9733
7.05436 	-23.9396
7.05674 	-23.9058
7.05912 	-23.8719
7.0615 	-23.8379
7.06388 	-23.8039
7.06626 	-23.7699
7.06864 	-23.7357
7.07102 	-23.7016
7.0734 	-23.6673
7.07578 	-23.633
7.07816 	-23.5986
7.08054 	-23.5642
7.08292 	-23.5297
7.0853 	-23.4952
7.08768 	-23.4606
7.09006 	-23.4259
7.09244 	-23.3912
7.09482 	-23.3564
7.0972 	-23.3216
7.09958 	-23.2867
7.10196 	-23.2518
7.10434 	-23.2168
7.10672 	-23.1817
7.1091 	-23.1466
7.11148 	-23.1114
7.11386 	-23.0762
7.11624 	-23.0409
7.11862 	-23.0056
7.121 	-22.9702
7.12338 	-22.9347
7.12576 	-22.8992
7.12814 	-22.8637
7.13052 	-22.8281
7.1329 	-22.7924
7.13528 	-22.7567
7.13766 	-22.7209
7.14004 	-22.6851
7.14242 	-22.6492
7.1448 	-22.6133
7.14718 	-22.5773
7.14956 	-22.5413
7.15194 	-22.5052
7.15432 	-22.4691
7.1567 	-22.4329
7.15908 	-22.3966
7.16146 	-22.3604
7.16384 	-22.324
7.16622 	-22.2876
7.1686 	-22.2512
7.17098 	-22.2147
7.17336 	-22.1782
7.17574 	-22.1416
7.17812 	-22.105
7.1805 	-22.0683
7.18288 	-22.0316
7.18526 	-21.9948
7.18764 	-21.958
7.19002 	-21.9211
7.1924 	-21.8842
7.19478 	-21.8473
7.19716 	-21.8103
7.19954 	-21.7732
7.20192 	-21.7361
7.2043 	-21.699
7.20668 	-21.6618
7.20906 	-21.6246
7.21144 	-21.5873
7.21382 	-21.55
7.2162 	-21.5126
7.21858 	-21.4752
7.22096 	-21.4378
7.22334 	-21.4003
7.22572 	-21.3628
7.2281 	-21.3252
7.23048 	-21.2876
7.23286 	-21.2499
7.23524 	-21.2122
7.23762 	-21.1745
7.24 	-21.1367
7.24238 	-21.0989
7.24476 	-21.0611
7.24714 	-21.0232
7.24952 	-20.9852
7.2519 	-20.9473
7.25428 	-20.9093
7.25666 	-20.8712
7.25904 	-20.8331
7.26142 	-20.795
7.2638 	-20.7568
7.26618 	-20.7186
7.26856 	-20.6804
7.27094 	-20.6421
7.27332 	-20.6038
7.2757 	-20.5655
7.27808 	-20.5271
7.28046 	-20.4887
7.28284 	-20.4502
7.28522 	-20.4118
7.2876 	-20.3732
7.28998 	-20.3347
7.29236 	-20.2961
7.29474 	-20.2575
7.29712 	-20.2189
7.2995 	-20.1802
7.30188 	-20.1415
7.30426 	-20.1027
7.30664 	-20.0639
7.30902 	-20.0251
7.3114 	-19.9863
7.31378 	-19.9474
7.31616 	-19.9085
7.31854 	-19.8696
7.32092 	-19.8306
7.3233 	-19.7917
7.32568 	-19.7526
7.32806 	-19.7136
7.33044 	-19.6745
7.33282 	-19.6354
7.3352 	-19.5963
7.33758 	-19.5572
7.33996 	-19.518
7.34234 	-19.4788
7.34472 	-19.4395
7.3471 	-19.4003
7.34948 	-19.361
7.35186 	-19.3217
7.35424 	-19.2823
7.35662 	-19.243
7.359 	-19.2036
7.36138 	-19.1642
7.36376 	-19.1248
7.36614 	-19.0853
7.36852 	-19.0458
7.3709 	-19.0064
7.37328 	-18.9668
7.37566 	-18.9273
7.37804 	-18.8877
7.38042 	-18.8481
7.3828 	-18.8085
7.38518 	-18.7689
7.38756 	-18.7293
7.38994 	-18.6896
7.39232 	-18.6499
7.3947 	-18.6102
7.39708 	-18.5705
7.39946 	-18.5308
7.40184 	-18.491
7.40422 	-18.4512
7.4066 	-18.4114
7.40898 	-18.3716
7.41136 	-18.3318
7.41374 	-18.292
7.41612 	-18.2521
7.4185 	-18.2122
7.42088 	-18.1723
7.42326 	-18.1324
7.42564 	-18.0925
7.42802 	-18.0526
7.4304 	-18.0126
7.43278 	-17.9727
7.43516 	-17.9327
7.43754 	-17.8927
7.43992 	-17.8527
7.4423 	-17.8127
7.44468 	-17.7727
7.44706 	-17.7326
7.44944 	-17.6926
7.45182 	-17.6525
7.4542 	-17.6125
7.45658 	-17.5724
7.45896 	-17.5323
7.46134 	-17.4922
7.46372 	-17.4521
7.4661 	-17.412
7.46848 	-17.3719
7.47086 	-17.3317
7.47324 	-17.2916
7.47562 	-17.2515
7.478 	-17.2113
7.48038 	-17.1711
7.48276 	-17.131
7.48514 	-17.0908
7.48752 	-17.0506
7.4899 	-17.0104
7.49228 	-16.9702
7.49466 	-16.9301
7.49704 	-16.8899
7.49942 	-16.8496
7.5018 	-16.8094
7.50418 	-16.7692
7.50656 	-16.729
7.50894 	-16.6888
7.51132 	-16.6486
7.5137 	-16.6084
7.51608 	-16.5681
7.51846 	-16.5279
7.52084 	-16.4877
7.52322 	-16.4475
7.5256 	-16.4072
7.52798 	-16.367
7.53036 	-16.3268
7.53274 	-16.2866
7.53512 	-16.2463
7.5375 	-16.2061
7.53988 	-16.1659
7.54226 	-16.1257
7.54464 	-16.0855
7.54702 	-16.0452
7.5494 	-16.005
7.55178 	-15.9648
7.55416 	-15.9246
7.55654 	-15.8844
7.55892 	-15.8442
7.5613 	-15.804
7.56368 	-15.7638
7.56606 	-15.7237
7.56844 	-15.6835
7.57082 	-15.6433
7.5732 	-15.6031
7.57558 	-15.563
7.57796 	-15.5228
7.58034 	-15.4827
7.58272 	-15.4426
7.5851 	-15.4024
7.58748 	-15.3623
7.58986 	-15.3222
7.59224 	-15.2821
7.59462 	-15.242
7.597 	-15.2019
7.59938 	-15.1618
7.60176 	-15.1218
7.60414 	-15.0817
7.60652 	-15.0417
7.6089 	-15.0016
7.61128 	-14.9616
7.61366 	-14.9216
7.61604 	-14.8816
7.61842 	-14.8416
7.6208 	-14.8016
7.62318 	-14.7617
7.62556 	-14.7217
7.62794 	-14.6818
7.63032 	-14.6419
7.6327 	-14.602
7.63508 	-14.5621
7.63746 	-14.5222
7.63984 	-14.4823
7.64222 	-14.4425
7.6446 	-14.4026
7.64698 	-14.3628
7.64936 	-14.323
7.65174 	-14.2832
7.65412 	-14.2435
7.6565 	-14.2037
7.65888 	-14.164
7.66126 	-14.1243
7.66364 	-14.0846
7.66602 	-14.0449
7.6684 	-14.0052
7.67078 	-13.9656
7.67316 	-13.926
7.67554 	-13.8864
7.67792 	-13.8468
7.6803 	-13.8072
7.68268 	-13.7677
7.68506 	-13.7282
7.68744 	-13.6887
7.68982 	-13.6492
7.6922 	-13.6097
7.69458 	-13.5703
7.69696 	-13.5309
7.69934 	-13.4915
7.70172 	-13.4521
7.7041 	-13.4128
7.70648 	-13.3735
7.70886 	-13.3342
7.71124 	-13.2949
7.71362 	-13.2556
7.716 	-13.2164
7.71838 	-13.1772
7.72076 	-13.138
7.72314 	-13.0989
7.72552 	-13.0597
7.7279 	-13.0206
7.73028 	-12.9816
7.73266 	-12.9425
7.73504 	-12.9035
7.73742 	-12.8645
7.7398 	-12.8255
7.74218 	-12.7866
7.74456 	-12.7477
7.74694 	-12.7088
7.74932 	-12.6699
7.7517 	-12.6311
7.75408 	-12.5923
7.75646 	-12.5535
7.75884 	-12.5148
7.76122 	-12.4761
7.7636 	-12.4374
7.76598 	-12.3988
7.76836 	-12.3601
7.77074 	-12.3216
7.77312 	-12.283
7.7755 	-12.2445
7.77788 	-12.206
7.78026 	-12.1675
7.78264 	-12.1291
7.78502 	-12.0907
7.7874 	-12.0523
7.78978 	-12.014
7.79216 	-11.9757
7.79454 	-11.9374
7.79692 	-11.8992
7.7993 	-11.861
7.80168 	-11.8228
7.80406 	-11.7846
7.80644 	-11.7465
7.80882 	-11.7085
7.8112 	-11.6705
7.81358 	-11.6325
7.81596 	-11.5945
7.81834 	-11.5566
7.82072 	-11.5187
7.8231 	-11.4808
7.82548 	-11.443
7.82786 	-11.4052
7.83024 	-11.3675
7.83262 	-11.3298
7.835 	-11.2921
7.83738 	-11.2545
7.83976 	-11.2169
7.84214 	-11.1793
7.84452 	-11.1418
7.8469 	-11.1043
7.84928 	-11.0669
7.85166 	-11.0295
7.85404 	-10.9921
7.85642 	-10.9548
7.8588 	-10.9175
7.86118 	-10.8803
7.86356 	-10.8431
7.86594 	-10.8059
7.86832 	-10.7688
7.8707 	-10.7317
7.87308 	-10.6946
7.87546 	-10.6576
7.87784 	-10.6207
7.88022 	-10.5837
7.8826 	-10.5469
7.88498 	-10.51
7.88736 	-10.4732
7.88974 	-10.4365
7.89212 	-10.3998
7.8945 	-10.3631
7.89688 	-10.3265
7.89926 	-10.2899
7.90164 	-10.2534
7.90402 	-10.2169
7.9064 	-10.1804
7.90878 	-10.144
7.91116 	-10.1076
7.91354 	-10.0713
7.91592 	-10.035
7.9183 	-9.99881
7.92068 	-9.96262
7.92306 	-9.92648
7.92544 	-9.89038
7.92782 	-9.85433
7.9302 	-9.81832
7.93258 	-9.78236
7.93496 	-9.74645
7.93734 	-9.71058
7.93972 	-9.67476
7.9421 	-9.63898
7.94448 	-9.60325
7.94686 	-9.56757
7.94924 	-9.53193
7.95162 	-9.49634
7.954 	-9.4608
7.95638 	-9.42531
7.95876 	-9.38986
7.96114 	-9.35446
7.96352 	-9.31911
7.9659 	-9.28381
7.96828 	-9.24856
7.97066 	-9.21335
7.97304 	-9.17819
7.97542 	-9.14309
7.9778 	-9.10803
7.98018 	-9.07302
7.98256 	-9.03805
7.98494 	-9.00314
7.98732 	-8.96828
7.9897 	-8.93347
7.99208 	-8.8987
7.99446 	-8.86399
7.99684 	-8.82933
7.99922 	-8.79472
8.0016 	-8.76016
8.00398 	-8.72564
8.00636 	-8.69118
8.00874 	-8.65677
8.01112 	-8.62242
8.0135 	-8.58811
8.01588 	-8.55385
8.01826 	-8.51965
8.02064 	-8.48549
8.02302 	-8.45139
8.0254 	-8.41734
8.02778 	-8.38335
8.03016 	-8.3494
8.03254 	-8.31551
8.03492 	-8.28167
8.0373 	-8.24788
8.03968 	-8.21415
8.04206 	-8.18046
8.04444 	-8.14683
8.04682 	-8.11326
8.0492 	-8.07973
8.05158 	-8.04626
8.05396 	-8.01285
8.05634 	-7.97948
8.05872 	-7.94617
8.0611 	-7.91292
8.06348 	-7.87972
8.06586 	-7.84657
8.06824 	-7.81348
8.07062 	-7.78044
8.073 	-7.74745
8.07538 	-7.71452
8.07776 	-7.68165
8.08014 	-7.64883
8.08252 	-7.61606
8.0849 	-7.58335
8.08728 	-7.55069
8.08966 	-7.51809
8.09204 	-7.48554
8.09442 	-7.45305
8.0968 	-7.42062
8.09918 	-7.38824
8.10156 	-7.35592
8.10394 	-7.32365
8.10632 	-7.29143
8.1087 	-7.25928
8.11108 	-7.22718
8.11346 	-7.19513
8.11584 	-7.16315
8.11822 	-7.13121
8.1206 	-7.09934
8.12298 	-7.06752
8.12536 	-7.03576
8.12774 	-7.00405
8.13012 	-6.9724
8.1325 	-6.94081
8.13488 	-6.90928
8.13726 	-6.8778
8.13964 	-6.84638
8.14202 	-6.81501
8.1444 	-6.78371
8.14678 	-6.75246
8.14916 	-6.72127
8.15154 	-6.69013
8.15392 	-6.65905
8.1563 	-6.62803
8.15868 	-6.59707
8.16106 	-6.56617
8.16344 	-6.53532
8.16582 	-6.50454
8.1682 	-6.47381
8.17058 	-6.44313
8.17296 	-6.41252
8.17534 	-6.38196
8.17772 	-6.35147
8.1801 	-6.32103
8.18248 	-6.29065
8.18486 	-6.26032
8.18724 	-6.23006
8.18962 	-6.19985
8.192 	-6.16971
8.19438 	-6.13962
8.19676 	-6.10959
8.19914 	-6.07962
8.20152 	-6.04971
8.2039 	-6.01985
8.20628 	-5.99006
8.20866 	-5.96033
8.21104 	-5.93065
8.21342 	-5.90103
8.2158 	-5.87148
8.21818 	-5.84198
8.22056 	-5.81254
8.22294 	-5.78316
8.22532 	-5.75384
8.2277 	-5.72458
8.23008 	-5.69537
8.23246 	-5.66623
8.23484 	-5.63715
8.23722 	-5.60812
8.2396 	-5.57916
8.24198 	-5.55026
8.24436 	-5.52141
8.24674 	-5.49263
8.24912 	-5.4639
8.2515 	-5.43523
8.25388 	-5.40663
8.25626 	-5.37808
8.25864 	-5.3496
8.26102 	-5.32117
8.2634 	-5.2928
8.26578 	-5.2645
8.26816 	-5.23625
8.27054 	-5.20806
8.27292 	-5.17994
8.2753 	-5.15187
8.27768 	-5.12386
8.28006 	-5.09592
8.28244 	-5.06803
8.28482 	-5.0402
8.2872 	-5.01244
8.28958 	-4.98473
8.29196 	-4.95708
8.29434 	-4.9295
8.29672 	-4.90197
8.2991 	-4.87451
8.30148 	-4.8471
8.30386 	-4.81975
8.30624 	-4.79247
8.30862 	-4.76524
8.311 	-4.73808
8.31338 	-4.71098
8.31576 	-4.68393
8.31814 	-4.65695
8.32052 	-4.63002
8.3229 	-4.60316
8.32528 	-4.57636
8.32766 	-4.54961
8.33004 	-4.52293
8.33242 	-4.49631
8.3348 	-4.46975
8.33718 	-4.44325
8.33956 	-4.41681
8.34194 	-4.39042
8.34432 	-4.3641
8.3467 	-4.33784
8.34908 	-4.31164
8.35146 	-4.2855
8.35384 	-4.25942
8.35622 	-4.2334
8.3586 	-4.20745
8.36098 	-4.18155
8.36336 	-4.15571
8.36574 	-4.12993
8.36812 	-4.10421
8.3705 	-4.07855
8.37288 	-4.05296
8.37526 	-4.02742
8.37764 	-4.00194
8.38002 	-3.97652
8.3824 	-3.95117
8.38478 	-3.92587
8.38716 	-3.90063
8.38954 	-3.87546
8.39192 	-3.85034
8.3943 	-3.82528
8.39668 	-3.80029
8.39906 	-3.77535
8.40144 	-3.75047
8.40382 	-3.72566
8.4062 	-3.7009
8.40858 	-3.6762
8.41096 	-3.65157
8.41334 	-3.62699
8.41572 	-3.60247
8.4181 	-3.57802
8.42048 	-3.55362
8.42286 	-3.52928
8.42524 	-3.505
8.42762 	-3.48079
8.43 	-3.45663
8.43238 	-3.43253
8.43476 	-3.40849
8.43714 	-3.38451
8.43952 	-3.36059
8.4419 	-3.33673
8.44428 	-3.31293
8.44666 	-3.28919
8.44904 	-3.26551
8.45142 	-3.24188
8.4538 	-3.21832
8.45618 	-3.19482
8.45856 	-3.17137
8.46094 	-3.14799
8.46332 	-3.12466
8.4657 	-3.10139
8.46808 	-3.07818
8.47046 	-3.05504
8.47284 	-3.03195
8.47522 	-3.00892
8.4776 	-2.98594
8.47998 	-2.96303
8.48236 	-2.94018
8.48474 	-2.91738
8.48712 	-2.89465
8.4895 	-2.87197
8.49188 	-2.84935
8.49426 	-2.82679
8.49664 	-2.80429
8.49902 	-2.78184
8.5014 	-2.75946
8.50378 	-2.73713
8.50616 	-2.71487
8.50854 	-2.69266
8.51092 	-2.67051
8.5133 	-2.64841
8.51568 	-2.62638
8.51806 	-2.6044
8.52044 	-2.58249
8.52282 	-2.56063
8.5252 	-2.53882
8.52758 	-2.51708
8.52996 	-2.49539
8.53234 	-2.47376
8.53472 	-2.45219
8.5371 	-2.43068
8.53948 	-2.40923
8.54186 	-2.38783
8.54424 	-2.36649
8.54662 	-2.34521
8.549 	-2.32398
8.55138 	-2.30281
8.55376 	-2.2817
8.55614 	-2.26065
8.55852 	-2.23965
8.5609 	-2.21871
8.56328 	-2.19783
8.56566 	-2.17701
8.56804 	-2.15624
8.57042 	-2.13553
8.5728 	-2.11487
8.57518 	-2.09428
8.57756 	-2.07374
8.57994 	-2.05325
8.58232 	-2.03282
8.5847 	-2.01245
8.58708 	-1.99214
8.58946 	-1.97188
8.59184 	-1.95168
8.59422 	-1.93153
8.5966 	-1.91144
8.59898 	-1.89141
8.60136 	-1.87143
8.60374 	-1.85151
8.60612 	-1.83165
8.6085 	-1.81184
8.61088 	-1.79208
8.61326 	-1.77238
8.61564 	-1.75274
8.61802 	-1.73315
8.6204 	-1.71362
8.62278 	-1.69415
8.62516 	-1.67473
8.62754 	-1.65536
8.62992 	-1.63605
8.6323 	-1.61679
8.63468 	-1.59759
8.63706 	-1.57845
8.63944 	-1.55936
8.64182 	-1.54032
8.6442 	-1.52134
8.64658 	-1.50241
8.64896 	-1.48354
8.65134 	-1.46473
8.65372 	-1.44596
8.6561 	-1.42725
8.65848 	-1.4086
8.66086 	-1.39
8.66324 	-1.37145
8.66562 	-1.35296
8.668 	-1.33452
8.67038 	-1.31614
8.67276 	-1.29781
8.67514 	-1.27953
8.67752 	-1.26131
8.6799 	-1.24314
8.68228 	-1.22502
8.68466 	-1.20696
8.68704 	-1.18895
8.68942 	-1.171
8.6918 	-1.15309
8.69418 	-1.13524
8.69656 	-1.11745
8.69894 	-1.0997
8.70132 	-1.08201
8.7037 	-1.06437
8.70608 	-1.04679
8.70846 	-1.02925
8.71084 	-1.01177
8.71322 	-0.994344
8.7156 	-0.976968
8.71798 	-0.959644
8.72036 	-0.942372
8.72274 	-0.925152
8.72512 	-0.907985
8.7275 	-0.890869
8.72988 	-0.873805
8.73226 	-0.856793
8.73464 	-0.839832
8.73702 	-0.822923
8.7394 	-0.806065
8.74178 	-0.789259
8.74416 	-0.772504
8.74654 	-0.7558
8.74892 	-0.739147
8.7513 	-0.722546
8.75368 	-0.705995
8.75606 	-0.689495
8.75844 	-0.673046
8.76082 	-0.656647
8.7632 	-0.640299
8.76558 	-0.624002
8.76796 	-0.607754
8.77034 	-0.591558
8.77272 	-0.575411
8.7751 	-0.559315
8.77748 	-0.543268
8.77986 	-0.527272
8.78224 	-0.511325
8.78462 	-0.495428
8.787 	-0.479581
8.78938 	-0.463783
8.79176 	-0.448035
8.79414 	-0.432337
8.79652 	-0.416687
8.7989 	-0.401087
8.80128 	-0.385536
8.80366 	-0.370034
8.80604 	-0.354581
8.80842 	-0.339176
8.8108 	-0.323821
8.81318 	-0.308514
8.81556 	-0.293256
8.81794 	-0.278046
8.82032 	-0.262885
8.8227 	-0.247771
8.82508 	-0.232706
8.82746 	-0.21769
8.82984 	-0.202721
8.83222 	-0.1878
8.8346 	-0.172927
8.83698 	-0.158101
8.83936 	-0.143324
8.84174 	-0.128593
8.84412 	-0.113911
8.8465 	-0.0992753
8.84888 	-0.0846872
8.85126 	-0.0701463
8.85364 	-0.0556524
8.85602 	-0.0412054
8.8584 	-0.0268054
8.86078 	-0.0124521
8.86316 	0.00185444
8.86554 	0.0161144
8.86792 	0.0303279
8.8703 	0.044495
8.87268 	0.0586157
8.87506 	0.0726903
8.87744 	0.0867187
8.87982 	0.100701
8.8822 	0.114638
8.88458 	0.128528
8.88696 	0.142373
8.88934 	0.156172
8.89172 	0.169926
8.8941 	0.183634
8.89648 	0.197297
8.89886 	0.210915
8.90124 	0.224487
8.90362 	0.238015
8.906 	0.251497
8.90838 	0.264935
8.91076 	0.278328
8.91314 	0.291676
8.91552 	0.304979
8.9179 	0.318239
8.92028 	0.331453
8.92266 	0.344624
8.92504 	0.35775
8.92742 	0.370832
8.9298 	0.38387
8.93218 	0.396864
8.93456 	0.409814
8.93694 	0.422721
8.93932 	0.435584
8.9417 	0.448404
8.94408 	0.46118
8.94646 	0.473912
8.94884 	0.486602
8.95122 	0.499248
8.9536 	0.511852
8.95598 	0.524412
8.95836 	0.53693
8.96074 	0.549405
8.96312 	0.561837
8.9655 	0.574226
8.96788 	0.586573
8.97026 	0.598878
8.97264 	0.611141
8.97502 	0.623361
8.9774 	0.635539
8.97978 	0.647676
8.98216 	0.65977
8.98454 	0.671823
8.98692 	0.683834
8.9893 	0.695803
8.99168 	0.707731
8.99406 	0.719618
8.99644 	0.731463
8.99882 	0.743267
9.0012 	0.75503
9.00358 	0.766752
9.00596 	0.778433
9.00834 	0.790073
9.01072 	0.801672
9.0131 	0.813231
9.01548 	0.82475
9.01786 	0.836228
9.02024 	0.847665
9.02262 	0.859062
9.025 	0.87042
9.02738 	0.881737
9.02976 	0.893014
9.03214 	0.904251
9.03452 	0.915449
9.0369 	0.926607
9.03928 	0.937725
9.04166 	0.948804
9.04404 	0.959844
9.04642 	0.970844
9.0488 	0.981805
9.05118 	0.992728
9.05356 	1.00361
9.05594 	1.01445
9.05832 	1.02526
9.0607 	1.03603
9.06308 	1.04675
9.06546 	1.05744
9.06784 	1.0681
9.07022 	1.07871
9.0726 	1.08928
9.07498 	1.09982
9.07736 	1.11032
9.07974 	1.12078
9.08212 	1.1312
9.0845 	1.14159
9.08688 	1.15193
9.08926 	1.16224
9.09164 	1.17252
9.09402 	1.18275
9.0964 	1.19295
9.09878 	1.20311
9.10116 	1.21323
9.10354 	1.22332
9.10592 	1.23337
9.1083 	1.24338
9.11068 	1.25336
9.11306 	1.2633
9.11544 	1.2732
9.11782 	1.28307
9.1202 	1.2929
9.12258 	1.30269
9.12496 	1.31245
9.12734 	1.32217
9.12972 	1.33186
9.1321 	1.34151
9.13448 	1.35112
9.13686 	1.3607
9.13924 	1.37024
9.14162 	1.37975
9.144 	1.38922
9.14638 	1.39866
9.14876 	1.40806
9.15114 	1.41743
9.15352 	1.42676
9.1559 	1.43605
9.15828 	1.44531
9.16066 	1.45454
9.16304 	1.46373
9.16542 	1.47289
9.1678 	1.48201
9.17018 	1.4911
9.17256 	1.50016
9.17494 	1.50918
9.17732 	1.51816
9.1797 	1.52712
9.18208 	1.53604
9.18446 	1.54492
9.18684 	1.55377
9.18922 	1.56259
9.1916 	1.57137
9.19398 	1.58012
9.19636 	1.58884
9.19874 	1.59752
9.20112 	1.60617
9.2035 	1.61479
9.20588 	1.62337
9.20826 	1.63192
9.21064 	1.64044
9.21302 	1.64893
9.2154 	1.65738
9.21778 	1.6658
9.22016 	1.67419
9.22254 	1.68254
9.22492 	1.69087
9.2273 	1.69916
9.22968 	1.70742
9.23206 	1.71565
9.23444 	1.72384
9.23682 	1.732
9.2392 	1.74013
9.24158 	1.74823
9.24396 	1.7563
9.24634 	1.76434
9.24872 	1.77234
9.2511 	1.78032
9.25348 	1.78826
9.25586 	1.79617
9.25824 	1.80405
9.26062 	1.8119
9.263 	1.81972
9.26538 	1.82751
9.26776 	1.83526
9.27014 	1.84299
9.27252 	1.85069
9.2749 	1.85835
9.27728 	1.86599
9.27966 	1.87359
9.28204 	1.88117
9.28442 	1.88871
9.2868 	1.89622
9.28918 	1.90371
9.29156 	1.91116
9.29394 	1.91859
9.29632 	1.92598
9.2987 	1.93335
9.30108 	1.94069
9.30346 	1.94799
9.30584 	1.95527
9.30822 	1.96252
9.3106 	1.96974
9.31298 	1.97693
9.31536 	1.98409
9.31774 	1.99122
9.32012 	1.99832
9.3225 	2.0054
9.32488 	2.01244
9.32726 	2.01946
9.32964 	2.02645
9.33202 	2.03341
9.3344 	2.04034
9.33678 	2.04724
9.33916 	2.05412
9.34154 	2.06096
9.34392 	2.06778
9.3463 	2.07457
9.34868 	2.08134
9.35106 	2.08807
9.35344 	2.09478
9.35582 	2.10146
9.3582 	2.10811
9.36058 	2.11474
9.36296 	2.12134
9.36534 	2.12791
9.36772 	2.13445
9.3701 	2.14097
9.37248 	2.14746
9.37486 	2.15392
9.37724 	2.16035
9.37962 	2.16676
9.382 	2.17315
9.38438 	2.1795
9.38676 	2.18583
9.38914 	2.19213
9.39152 	2.19841
9.3939 	2.20466
9.39628 	2.21088
9.39866 	2.21708
9.40104 	2.22325
9.40342 	2.22939
9.4058 	2.23551
9.40818 	2.24161
9.41056 	2.24767
9.41294 	2.25372
9.41532 	2.25973
9.4177 	2.26572
9.42008 	2.27169
9.42246 	2.27763
9.42484 	2.28354
9.42722 	2.28943
9.4296 	2.2953
9.43198 	2.30113
9.43436 	2.30695
9.43674 	2.31274
9.43912 	2.3185
9.4415 	2.32424
9.44388 	2.32996
9.44626 	2.33565
9.44864 	2.34131
9.45102 	2.34695
9.4534 	2.35257
9.45578 	2.35816
9.45816 	2.36373
9.46054 	2.36928
9.46292 	2.3748
9.4653 	2.38029
9.46768 	2.38576
9.47006 	2.39121
9.47244 	2.39664
9.47482 	2.40204
9.4772 	2.40741
9.47958 	2.41277
9.48196 	2.4181
9.48434 	2.4234
9.48672 	2.42869
9.4891 	2.43395
9.49148 	2.43918
9.49386 	2.4444
9.49624 	2.44959
9.49862 	2.45475
9.501 	2.4599
9.50338 	2.46502
9.50576 	2.47012
9.50814 	2.47519
9.51052 	2.48025
9.5129 	2.48528
9.51528 	2.49029
9.51766 	2.49527
9.52004 	2.50024
9.52242 	2.50518
9.5248 	2.5101
9.52718 	2.51499
9.52956 	2.51987
9.53194 	2.52472
9.53432 	2.52955
9.5367 	2.53436
9.53908 	2.53915
9.54146 	2.54391
9.54384 	2.54866
9.54622 	2.55338
9.5486 	2.55808
9.55098 	2.56276
9.55336 	2.56742
9.55574 	2.57205
9.55812 	2.57667
9.5605 	2.58126
9.56288 	2.58584
9.56526 	2.59039
9.56764 	2.59492
9.57002 	2.59943
9.5724 	2.60392
9.57478 	2.60839
9.57716 	2.61283
9.57954 	2.61726
9.58192 	2.62167
9.5843 	2.62605
9.58668 	2.63042
9.58906 	2.63476
9.59144 	2.63909
9.59382 	2.64339
9.5962 	2.64768
9.59858 	2.65194
9.60096 	2.65619
9.60334 	2.66041
9.60572 	2.66462
9.6081 	2.6688
9.61048 	2.67296
9.61286 	2.67711
9.61524 	2.68123
9.61762 	2.68534
9.62 	2.68943
9.62238 	2.69349
9.62476 	2.69754
9.62714 	2.70157
9.62952 	2.70558
9.6319 	2.70956
9.63428 	2.71353
9.63666 	2.71749
9.63904 	2.72142
9.64142 	2.72533
9.6438 	2.72922
9.64618 	2.7331
9.64856 	2.73696
9.65094 	2.74079
9.65332 	2.74461
9.6557 	2.74841
9.65808 	2.7522
9.66046 	2.75596
9.66284 	2.7597
9.66522 	2.76343
9.6676 	2.76714
9.66998 	2.77083
9.67236 	2.7745
9.67474 	2.77815
9.67712 	2.78179
9.6795 	2.78541
9.68188 	2.78901
9.68426 	2.79259
9.68664 	2.79615
9.68902 	2.7997
9.6914 	2.80323
9.69378 	2.80674
9.69616 	2.81023
9.69854 	2.81371
9.70092 	2.81717
9.7033 	2.82061
9.70568 	2.82403
9.70806 	2.82744
9.71044 	2.83083
9.71282 	2.8342
9.7152 	2.83755
9.71758 	2.84089
9.71996 	2.84421
9.72234 	2.84752
9.72472 	2.8508
9.7271 	2.85407
9.72948 	2.85733
9.73186 	2.86056
9.73424 	2.86378
9.73662 	2.86699
9.739 	2.87017
9.74138 	2.87334
9.74376 	2.8765
9.74614 	2.87964
9.74852 	2.88276
9.7509 	2.88586
9.75328 	2.88895
9.75566 	2.89202
9.75804 	2.89508
9.76042 	2.89812
9.7628 	2.90114
9.76518 	2.90415
9.76756 	2.90714
9.76994 	2.91012
9.77232 	2.91308
9.7747 	2.91603
9.77708 	2.91896
9.77946 	2.92187
9.78184 	2.92477
9.78422 	2.92765
9.7866 	2.93052
9.78898 	2.93337
9.79136 	2.93621
9.79374 	2.93903
9.79612 	2.94183
9.7985 	2.94462
9.80088 	2.9474
9.80326 	2.95016
9.80564 	2.9529
9.80802 	2.95563
9.8104 	2.95835
9.81278 	2.96105
9.81516 	2.96374
9.81754 	2.96641
9.81992 	2.96906
9.8223 	2.9717
9.82468 	2.97433
9.82706 	2.97694
9.82944 	2.97954
9.83182 	2.98212
9.8342 	2.98469
9.83658 	2.98725
9.83896 	2.98979
9.84134 	2.99231
9.84372 	2.99483
9.8461 	2.99732
9.84848 	2.99981
9.85086 	3.00227
9.85324 	3.00473
9.85562 	3.00717
9.858 	3.0096
9.86038 	3.01201
9.86276 	3.01441
9.86514 	3.0168
9.86752 	3.01917
9.8699 	3.02153
9.87228 	3.02387
9.87466 	3.0262
9.87704 	3.02852
9.87942 	3.03082
9.8818 	3.03311
9.88418 	3.03539
9.88656 	3.03765
9.88894 	3.0399
9.89132 	3.04214
9.8937 	3.04436
9.89608 	3.04657
9.89846 	3.04877
9.90084 	3.05096
9.90322 	3.05313
9.9056 	3.05529
9.90798 	3.05743
9.91036 	3.05956
9.91274 	3.06168
9.91512 	3.06379
9.9175 	3.06588
9.91988 	3.06797
9.92226 	3.07003
9.92464 	3.07209
9.92702 	3.07413
9.9294 	3.07616
9.93178 	3.07818
9.93416 	3.08019
9.93654 	3.08218
9.93892 	3.08416
9.9413 	3.08613
9.94368 	3.08809
9.94606 	3.09003
9.94844 	3.09196
9.95082 	3.09388
9.9532 	3.09579
9.95558 	3.09769
9.95796 	3.09957
9.96034 	3.10144
9.96272 	3.1033
9.9651 	3.10515
9.96748 	3.10699
9.96986 	3.10881
9.97224 	3.11062
9.97462 	3.11242
9.977 	3.11421
9.97938 	3.11599
9.98176 	3.11776
9.98414 	3.11951
9.98652 	3.12125
9.9889 	3.12298
9.99128 	3.1247
9.99366 	3.12641
9.99604 	3.12811
9.99842 	3.12979
10.0008 	3.13147
10.0032 	3.13313
10.0056 	3.13478
10.0079 	3.13642
10.0103 	3.13805
10.0127 	3.13967
10.0151 	3.14128
10.0175 	3.14288
10.0198 	3.14446
10.0222 	3.14604
10.0246 	3.1476
10.027 	3.14916
10.0294 	3.1507
10.0317 	3.15223
10.0341 	3.15375
10.0365 	3.15526
10.0389 	3.15676
10.0413 	3.15825
10.0436 	3.15973
10.046 	3.1612
10.0484 	3.16265
10.0508 	3.1641
10.0532 	3.16554
10.0555 	3.16696
10.0579 	3.16838
10.0603 	3.16978
10.0627 	3.17118
10.0651 	3.17256
10.0674 	3.17394
10.0698 	3.1753
10.0722 	3.17666
10.0746 	3.178
10.077 	3.17934
10.0793 	3.18066
10.0817 	3.18198
10.0841 	3.18328
10.0865 	3.18458
10.0889 	3.18586
10.0912 	3.18714
10.0936 	3.1884
10.096 	3.18966
10.0984 	3.1909
10.1008 	3.19214
10.1031 	3.19337
10.1055 	3.19458
10.1079 	3.19579
10.1103 	3.19699
10.1127 	3.19818
10.115 	3.19936
10.1174 	3.20053
10.1198 	3.20169
10.1222 	3.20284
10.1246 	3.20398
10.1269 	3.20511
10.1293 	3.20623
10.1317 	3.20735
10.1341 	3.20845
10.1365 	3.20955
10.1388 	3.21063
10.1412 	3.21171
10.1436 	3.21278
10.146 	3.21384
10.1484 	3.21489
10.1507 	3.21593
10.1531 	3.21696
10.1555 	3.21799
10.1579 	3.219
10.1603 	3.22001
10.1626 	3.221
10.165 	3.22199
10.1674 	3.22297
10.1698 	3.22394
10.1722 	3.22491
10.1745 	3.22586
10.1769 	3.22681
10.1793 	3.22774
10.1817 	3.22867
10.1841 	3.22959
10.1864 	3.2305
10.1888 	3.2314
10.1912 	3.2323
10.1936 	3.23318
10.196 	3.23406
10.1983 	3.23493
10.2007 	3.23579
10.2031 	3.23664
10.2055 	3.23749
10.2079 	3.23833
10.2102 	3.23915
10.2126 	3.23997
10.215 	3.24079
10.2174 	3.24159
10.2198 	3.24239
10.2221 	3.24318
10.2245 	3.24396
10.2269 	3.24473
10.2293 	3.24549
10.2317 	3.24625
10.234 	3.247
10.2364 	3.24774
10.2388 	3.24847
10.2412 	3.2492
10.2436 	3.24991
10.2459 	3.25062
10.2483 	3.25133
10.2507 	3.25202
10.2531 	3.25271
10.2555 	3.25339
10.2578 	3.25406
10.2602 	3.25472
10.2626 	3.25538
10.265 	3.25603
10.2674 	3.25667
10.2697 	3.25731
10.2721 	3.25793
10.2745 	3.25855
10.2769 	3.25917
10.2793 	3.25977
10.2816 	3.26037
10.284 	3.26096
10.2864 	3.26154
10.2888 	3.26212
10.2912 	3.26269
10.2935 	3.26325
10.2959 	3.26381
10.2983 	3.26435
10.3007 	3.2649
10.3031 	3.26543
10.3054 	3.26596
10.3078 	3.26648
10.3102 	3.26699
10.3126 	3.2675
10.315 	3.268
10.3173 	3.26849
10.3197 	3.26897
10.3221 	3.26945
10.3245 	3.26992
10.3269 	3.27039
10.3292 	3.27085
10.3316 	3.2713
10.334 	3.27175
10.3364 	3.27218
10.3388 	3.27262
10.3411 	3.27304
10.3435 	3.27346
10.3459 	3.27387
10.3483 	3.27428
10.3507 	3.27468
10.353 	3.27507
10.3554 	3.27546
10.3578 	3.27584
10.3602 	3.27621
10.3626 	3.27658
10.3649 	3.27694
10.3673 	3.27729
10.3697 	3.27764
10.3721 	3.27798
10.3745 	3.27832
10.3768 	3.27865
10.3792 	3.27897
10.3816 	3.27929
10.384 	3.2796
10.3864 	3.27991
10.3887 	3.28021
10.3911 	3.2805
10.3935 	3.28078
10.3959 	3.28107
10.3983 	3.28134
10.4006 	3.28161
10.403 	3.28187
10.4054 	3.28213
10.4078 	3.28238
10.4102 	3.28263
10.4125 	3.28286
10.4149 	3.2831
10.4173 	3.28333
10.4197 	3.28355
10.4221 	3.28376
10.4244 	3.28397
10.4268 	3.28418
10.4292 	3.28438
10.4316 	3.28457
10.434 	3.28476
10.4363 	3.28494
10.4387 	3.28512
10.4411 	3.28529
10.4435 	3.28545
10.4459 	3.28561
10.4482 	3.28577
10.4506 	3.28592
10.453 	3.28606
10.4554 	3.2862
10.4578 	3.28633
10.4601 	3.28646
10.4625 	3.28658
10.4649 	3.2867
10.4673 	3.28681
10.4697 	3.28691
10.472 	3.28701
10.4744 	3.28711
10.4768 	3.2872
10.4792 	3.28728
10.4816 	3.28736
10.4839 	3.28744
10.4863 	3.2875
10.4887 	3.28757
10.4911 	3.28763
10.4935 	3.28768
10.4958 	3.28773
10.4982 	3.28777
10.5006 	3.28781
10.503 	3.28784
10.5054 	3.28787
10.5077 	3.2879
10.5101 	3.28792
10.5125 	3.28793
10.5149 	3.28794
10.5173 	3.28794
10.5196 	3.28794
10.522 	3.28793
10.5244 	3.28792
10.5268 	3.28791
10.5292 	3.28789
10.5315 	3.28786
10.5339 	3.28783
10.5363 	3.2878
10.5387 	3.28776
10.5411 	3.28771
10.5434 	3.28766
10.5458 	3.28761
10.5482 	3.28755
10.5506 	3.28749
10.553 	3.28742
10.5553 	3.28735
10.5577 	3.28727
10.5601 	3.28719
10.5625 	3.28711
10.5649 	3.28702
10.5672 	3.28692
10.5696 	3.28682
10.572 	3.28672
10.5744 	3.28661
10.5768 	3.2865
10.5791 	3.28638
10.5815 	3.28626
10.5839 	3.28613
10.5863 	3.286
10.5887 	3.28587
10.591 	3.28573
10.5934 	3.28559
10.5958 	3.28544
10.5982 	3.28529
10.6006 	3.28513
10.6029 	3.28497
10.6053 	3.28481
10.6077 	3.28464
10.6101 	3.28447
10.6125 	3.28429
10.6148 	3.28411
10.6172 	3.28392
10.6196 	3.28373
10.622 	3.28354
10.6244 	3.28334
10.6267 	3.28314
10.6291 	3.28294
10.6315 	3.28273
10.6339 	3.28251
10.6363 	3.2823
10.6386 	3.28208
10.641 	3.28185
10.6434 	3.28162
10.6458 	3.28139
10.6482 	3.28115
10.6505 	3.28091
10.6529 	3.28066
10.6553 	3.28042
10.6577 	3.28016
10.6601 	3.27991
10.6624 	3.27965
10.6648 	3.27938
10.6672 	3.27912
10.6696 	3.27884
10.672 	3.27857
10.6743 	3.27829
10.6767 	3.27801
10.6791 	3.27772
10.6815 	3.27743
10.6839 	3.27714
10.6862 	3.27684
10.6886 	3.27654
10.691 	3.27623
10.6934 	3.27593
10.6958 	3.27561
10.6981 	3.2753
10.7005 	3.27498
10.7029 	3.27466
10.7053 	3.27433
10.7077 	3.274
10.71 	3.27367
10.7124 	3.27333
10.7148 	3.27299
10.7172 	3.27265
10.7196 	3.2723
10.7219 	3.27195
10.7243 	3.2716
10.7267 	3.27124
10.7291 	3.27088
10.7315 	3.27052
10.7338 	3.27015
10.7362 	3.26978
10.7386 	3.26941
10.741 	3.26903
10.7434 	3.26865
10.7457 	3.26827
10.7481 	3.26788
10.7505 	3.26749
10.7529 	3.2671
10.7553 	3.2667
10.7576 	3.2663
10.76 	3.2659
10.7624 	3.26549
10.7648 	3.26508
10.7672 	3.26467
10.7695 	3.26426
10.7719 	3.26384
10.7743 	3.26342
10.7767 	3.26299
10.7791 	3.26256
10.7814 	3.26213
10.7838 	3.2617
10.7862 	3.26126
10.7886 	3.26082
10.791 	3.26038
10.7933 	3.25993
10.7957 	3.25948
10.7981 	3.25903
10.8005 	3.25858
10.8029 	3.25812
10.8052 	3.25766
10.8076 	3.25719
10.81 	3.25673
10.8124 	3.25626
10.8148 	3.25579
10.8171 	3.25531
10.8195 	3.25483
10.8219 	3.25435
10.8243 	3.25387
10.8267 	3.25338
10.829 	3.25289
10.8314 	3.2524
10.8338 	3.25191
10.8362 	3.25141
10.8386 	3.25091
10.8409 	3.2504
10.8433 	3.2499
10.8457 	3.24939
10.8481 	3.24888
10.8505 	3.24836
10.8528 	3.24785
10.8552 	3.24733
10.8576 	3.24681
10.86 	3.24628
10.8624 	3.24575
10.8647 	3.24522
10.8671 	3.24469
10.8695 	3.24416
10.8719 	3.24362
10.8743 	3.24308
10.8766 	3.24254
10.879 	3.24199
10.8814 	3.24144
10.8838 	3.24089
10.8862 	3.24034
10.8885 	3.23978
10.8909 	3.23923
10.8933 	3.23867
10.8957 	3.2381
10.8981 	3.23754
10.9004 	3.23697
10.9028 	3.2364
10.9052 	3.23583
10.9076 	3.23525
10.91 	3.23467
10.9123 	3.23409
10.9147 	3.23351
10.9171 	3.23293
10.9195 	3.23234
10.9219 	3.23175
10.9242 	3.23116
10.9266 	3.23057
10.929 	3.22997
10.9314 	3.22937
10.9338 	3.22877
10.9361 	3.22817
10.9385 	3.22756
10.9409 	3.22696
10.9433 	3.22635
10.9457 	3.22573
10.948 	3.22512
10.9504 	3.2245
10.9528 	3.22388
10.9552 	3.22326
10.9576 	3.22264
10.9599 	3.22201
10.9623 	3.22139
10.9647 	3.22076
10.9671 	3.22013
10.9695 	3.21949
10.9718 	3.21886
10.9742 	3.21822
10.9766 	3.21758
10.979 	3.21694
10.9814 	3.21629
10.9837 	3.21564
10.9861 	3.215
10.9885 	3.21435
10.9909 	3.21369
10.9933 	3.21304
10.9956 	3.21238
10.998 	3.21172
11.0004 	3.21106
11.0028 	3.2104
11.0052 	3.20974
11.0075 	3.20907
11.0099 	3.2084
11.0123 	3.20773
11.0147 	3.20706
11.0171 	3.20638
11.0194 	3.20571
11.0218 	3.20503
11.0242 	3.20435
11.0266 	3.20367
11.029 	3.20298
11.0313 	3.2023
11.0337 	3.20161
11.0361 	3.20092
11.0385 	3.20023
11.0409 	3.19953
11.0432 	3.19884
11.0456 	3.19814
11.048 	3.19744
11.0504 	3.19674
11.0528 	3.19604
11.0551 	3.19534
11.0575 	3.19463
11.0599 	3.19392
11.0623 	3.19321
11.0647 	3.1925
11.067 	3.19179
11.0694 	3.19108
11.0718 	3.19036
11.0742 	3.18964
11.0766 	3.18892
11.0789 	3.1882
11.0813 	3.18748
11.0837 	3.18675
11.0861 	3.18602
11.0885 	3.1853
11.0908 	3.18457
11.0932 	3.18384
11.0956 	3.1831
11.098 	3.18237
11.1004 	3.18163
11.1027 	3.18089
11.1051 	3.18015
11.1075 	3.17941
11.1099 	3.17867
11.1123 	3.17792
11.1146 	3.17718
11.117 	3.17643
11.1194 	3.17568
11.1218 	3.17493
11.1242 	3.17418
11.1265 	3.17342
11.1289 	3.17267
11.1313 	3.17191
11.1337 	3.17115
11.1361 	3.17039
11.1384 	3.16963
11.1408 	3.16887
11.1432 	3.16811
11.1456 	3.16734
11.148 	3.16657
11.1503 	3.1658
11.1527 	3.16503
11.1551 	3.16426
11.1575 	3.16349
11.1599 	3.16271
11.1622 	3.16194
11.1646 	3.16116
11.167 	3.16038
11.1694 	3.1596
11.1718 	3.15882
11.1741 	3.15804
11.1765 	3.15725
11.1789 	3.15647
11.1813 	3.15568
11.1837 	3.15489
11.186 	3.1541
11.1884 	3.15331
11.1908 	3.15252
11.1932 	3.15173
11.1956 	3.15093
11.1979 	3.15013
11.2003 	3.14934
11.2027 	3.14854
11.2051 	3.14774
11.2075 	3.14694
11.2098 	3.14613
11.2122 	3.14533
11.2146 	3.14452
11.217 	3.14372
11.2194 	3.14291
11.2217 	3.1421
11.2241 	3.14129
11.2265 	3.14048
11.2289 	3.13967
11.2313 	3.13885
11.2336 	3.13804
11.236 	3.13722
11.2384 	3.1364
11.2408 	3.13558
11.2432 	3.13476
11.2455 	3.13394
11.2479 	3.13312
11.2503 	3.1323
11.2527 	3.13147
11.2551 	3.13065
11.2574 	3.12982
11.2598 	3.12899
11.2622 	3.12816
11.2646 	3.12733
11.267 	3.1265
11.2693 	3.12567
11.2717 	3.12484
11.2741 	3.124
11.2765 	3.12317
11.2789 	3.12233
11.2812 	3.12149
11.2836 	3.12065
11.286 	3.11981
11.2884 	3.11897
11.2908 	3.11813
11.2931 	3.11728
11.2955 	3.11644
11.2979 	3.1156
11.3003 	3.11475
11.3027 	3.1139
11.305 	3.11305
11.3074 	3.1122
11.3098 	3.11135
11.3122 	3.1105
11.3146 	3.10965
11.3169 	3.1088
11.3193 	3.10794
11.3217 	3.10709
11.3241 	3.10623
11.3265 	3.10537
11.3288 	3.10452
11.3312 	3.10366
11.3336 	3.1028
11.336 	3.10193
11.3384 	3.10107
11.3407 	3.10021
11.3431 	3.09935
11.3455 	3.09848
11.3479 	3.09762
11.3503 	3.09675
11.3526 	3.09588
11.355 	3.09501
11.3574 	3.09414
11.3598 	3.09327
11.3622 	3.0924
11.3645 	3.09153
11.3669 	3.09066
11.3693 	3.08978
11.3717 	3.08891
11.3741 	3.08803
11.3764 	3.08716
11.3788 	3.08628
11.3812 	3.0854
11.3836 	3.08453
11.386 	3.08365
11.3883 	3.08277
11.3907 	3.08188
11.3931 	3.081
11.3955 	3.08012
11.3979 	3.07924
11.4002 	3.07835
11.4026 	3.07747
11.405 	3.07658
11.4074 	3.07569
11.4098 	3.07481
11.4121 	3.07392
11.4145 	3.07303
11.4169 	3.07214
11.4193 	3.07125
11.4217 	3.07036
11.424 	3.06947
11.4264 	3.06857
11.4288 	3.06768
11.4312 	3.06678
11.4336 	3.06589
11.4359 	3.06499
11.4383 	3.0641
11.4407 	3.0632
11.4431 	3.0623
11.4455 	3.0614
11.4478 	3.06051
11.4502 	3.05961
11.4526 	3.0587
11.455 	3.0578
11.4574 	3.0569
11.4597 	3.056
11.4621 	3.0551
11.4645 	3.05419
11.4669 	3.05329
11.4693 	3.05238
11.4716 	3.05148
11.474 	3.05057
11.4764 	3.04966
11.4788 	3.04875
11.4812 	3.04785
11.4835 	3.04694
11.4859 	3.04603
11.4883 	3.04512
11.4907 	3.04421
11.4931 	3.04329
11.4954 	3.04238
11.4978 	3.04147
11.5002 	3.04056
11.5026 	3.03964
11.505 	3.03873
11.5073 	3.03781
11.5097 	3.0369
11.5121 	3.03598
11.5145 	3.03506
11.5169 	3.03415
11.5192 	3.03323
11.5216 	3.03231
11.524 	3.03139
11.5264 	3.03047
11.5288 	3.02955
11.5311 	3.02863
11.5335 	3.02771
11.5359 	3.02679
11.5383 	3.02587
11.5407 	3.02494
11.543 	3.02402
11.5454 	3.0231
11.5478 	3.02217
11.5502 	3.02125
11.5526 	3.02032
11.5549 	3.0194
11.5573 	3.01847
11.5597 	3.01754
11.5621 	3.01661
11.5645 	3.01569
11.5668 	3.01476
11.5692 	3.01383
11.5716 	3.0129
11.574 	3.01197
11.5764 	3.01104
11.5787 	3.01011
11.5811 	3.00918
11.5835 	3.00825
11.5859 	3.00732
11.5883 	3.00638
11.5906 	3.00545
11.593 	3.00452
11.5954 	3.00358
11.5978 	3.00265
11.6002 	3.00171
11.6025 	3.00078
11.6049 	2.99984
11.6073 	2.99891
11.6097 	2.99797
11.6121 	2.99704
11.6144 	2.9961
11.6168 	2.99516
11.6192 	2.99422
11.6216 	2.99328
11.624 	2.99235
11.6263 	2.99141
11.6287 	2.99047
11.6311 	2.98953
11.6335 	2.98859
11.6359 	2.98765
11.6382 	2.98671
11.6406 	2.98576
11.643 	2.98482
11.6454 	2.98388
11.6478 	2.98294
11.6501 	2.982
11.6525 	2.98105
11.6549 	2.98011
11.6573 	2.97917
11.6597 	2.97822
11.662 	2.97728
11.6644 	2.97633
11.6668 	2.97539
11.6692 	2.97444
11.6716 	2.9735
11.6739 	2.97255
11.6763 	2.9716
11.6787 	2.97066
11.6811 	2.96971
11.6835 	2.96876
11.6858 	2.96781
11.6882 	2.96687
11.6906 	2.96592
11.693 	2.96497
11.6954 	2.96402
11.6977 	2.96307
11.7001 	2.96212
11.7025 	2.96117
11.7049 	2.96022
11.7073 	2.95927
11.7096 	2.95832
11.712 	2.95737
11.7144 	2.95642
11.7168 	2.95547
11.7192 	2.95452
11.7215 	2.95357
11.7239 	2.95261
11.7263 	2.95166
11.7287 	2.95071
11.7311 	2.94976
11.7334 	2.9488
11.7358 	2.94785
11.7382 	2.9469
11.7406 	2.94594
11.743 	2.94499
11.7453 	2.94403
11.7477 	2.94308
11.7501 	2.94212
11.7525 	2.94117
11.7549 	2.94021
11.7572 	2.93926
11.7596 	2.9383
11.762 	2.93735
11.7644 	2.93639
11.7668 	2.93544
11.7691 	2.93448
11.7715 	2.93352
11.7739 	2.93257
11.7763 	2.93161
11.7787 	2.93065
11.781 	2.9297
11.7834 	2.92874
11.7858 	2.92778
11.7882 	2.92682
11.7906 	2.92586
11.7929 	2.92491
11.7953 	2.92395
11.7977 	2.92299
11.8001 	2.92203
11.8025 	2.92107
11.8048 	2.92011
11.8072 	2.91915
11.8096 	2.91819
11.812 	2.91724
11.8144 	2.91628
11.8167 	2.91532
11.8191 	2.91436
11.8215 	2.9134
11.8239 	2.91244
11.8263 	2.91148
11.8286 	2.91052
11.831 	2.90955
11.8334 	2.90859
11.8358 	2.90763
11.8382 	2.90667
11.8405 	2.90571
11.8429 	2.90475
11.8453 	2.90379
11.8477 	2.90283
11.8501 	2.90187
11.8524 	2.9009
11.8548 	2.89994
11.8572 	2.89898
11.8596 	2.89802
11.862 	2.89706
11.8643 	2.89609
11.8667 	2.89513
11.8691 	2.89417
11.8715 	2.89321
11.8739 	2.89224
11.8762 	2.89128
11.8786 	2.89032
11.881 	2.88936
11.8834 	2.88839
11.8858 	2.88743
11.8881 	2.88647
11.8905 	2.88551
11.8929 	2.88454
11.8953 	2.88358
11.8977 	2.88262
11.9 	2.88165
11.9024 	2.88069
11.9048 	2.87973
11.9072 	2.87876
11.9096 	2.8778
11.9119 	2.87683
11.9143 	2.87587
11.9167 	2.87491
11.9191 	2.87394
11.9215 	2.87298
11.9238 	2.87202
11.9262 	2.87105
11.9286 	2.87009
11.931 	2.86912
11.9334 	2.86816
11.9357 	2.8672
11.9381 	2.86623
11.9405 	2.86527
11.9429 	2.8643
11.9453 	2.86334
11.9476 	2.86238
11.95 	2.86141
11.9524 	2.86045
11.9548 	2.85948
11.9572 	2.85852
11.9595 	2.85756
11.9619 	2.85659
11.9643 	2.85563
11.9667 	2.85466
11.9691 	2.8537
11.9714 	2.85273
11.9738 	2.85177
11.9762 	2.85081
11.9786 	2.84984
11.981 	2.84888
11.9833 	2.84791
11.9857 	2.84695
11.9881 	2.84598
11.9905 	2.84502
11.9929 	2.84406
11.9952 	2.84309
11.9976 	2.84213
