# Mass = 0.0480256 Mev*(hbarc)^2/2 
# R = 7.46549 fm 
# a = 0.662 fm 
# V0 = 45.1811 MeV 
# RSO = 6.86114 fm 
# aSO = 0.662 fm 
# VSO = 27.8547 MeV fm^2
# l = 3 
# two_j = 7 
# two_t = -1 
# Energy = -27.6211 MeV
# r 	 V_eff [2m/hbar/hbar]
0.1 	24941.5
0.10238 	23793.2
0.10476 	22722.4
0.10714 	21722.1
0.10952 	20786.3
0.1119 	19909.6
0.11428 	19087.1
0.11666 	18314.4
0.11904 	17587.6
0.12142 	16903.2
0.1238 	16257.8
0.12618 	15648.6
0.12856 	15072.9
0.13094 	14528.3
0.13332 	14012.6
0.1357 	13523.8
0.13808 	13060.1
0.14046 	12619.7
0.14284 	12201.2
0.14522 	11803.1
0.1476 	11424.1
0.14998 	11062.9
0.15236 	10718.6
0.15474 	10390.1
0.15712 	10076.3
0.1595 	9776.51
0.16188 	9489.83
0.16426 	9215.52
0.16664 	8952.88
0.16902 	8701.26
0.1714 	8460.05
0.17378 	8228.67
0.17616 	8006.62
0.17854 	7793.38
0.18092 	7588.51
0.1833 	7391.56
0.18568 	7202.13
0.18806 	7019.86
0.19044 	6844.37
0.19282 	6675.34
0.1952 	6512.46
0.19758 	6355.43
0.19996 	6203.97
0.20234 	6057.83
0.20472 	5916.75
0.2071 	5780.51
0.20948 	5648.88
0.21186 	5521.67
0.21424 	5398.67
0.21662 	5279.7
0.219 	5164.59
0.22138 	5053.18
0.22376 	4945.3
0.22614 	4840.81
0.22852 	4739.56
0.2309 	4641.43
0.23328 	4546.29
0.23566 	4454.02
0.23804 	4364.5
0.24042 	4277.63
0.2428 	4193.3
0.24518 	4111.41
0.24756 	4031.87
0.24994 	3954.59
0.25232 	3879.49
0.2547 	3806.49
0.25708 	3735.5
0.25946 	3666.46
0.26184 	3599.29
0.26422 	3533.93
0.2666 	3470.32
0.26898 	3408.38
0.27136 	3348.06
0.27374 	3289.32
0.27612 	3232.08
0.2785 	3176.31
0.28088 	3121.94
0.28326 	3068.95
0.28564 	3017.27
0.28802 	2966.86
0.2904 	2917.7
0.29278 	2869.72
0.29516 	2822.9
0.29754 	2777.2
0.29992 	2732.59
0.3023 	2689.02
0.30468 	2646.47
0.30706 	2604.91
0.30944 	2564.3
0.31182 	2524.62
0.3142 	2485.83
0.31658 	2447.92
0.31896 	2410.85
0.32134 	2374.61
0.32372 	2339.16
0.3261 	2304.48
0.32848 	2270.55
0.33086 	2237.36
0.33324 	2204.87
0.33562 	2173.07
0.338 	2141.94
0.34038 	2111.46
0.34276 	2081.62
0.34514 	2052.39
0.34752 	2023.75
0.3499 	1995.7
0.35228 	1968.22
0.35466 	1941.29
0.35704 	1914.89
0.35942 	1889.02
0.3618 	1863.66
0.36418 	1838.79
0.36656 	1814.4
0.36894 	1790.49
0.37132 	1767.03
0.3737 	1744.02
0.37608 	1721.45
0.37846 	1699.3
0.38084 	1677.56
0.38322 	1656.23
0.3856 	1635.29
0.38798 	1614.74
0.39036 	1594.56
0.39274 	1574.75
0.39512 	1555.29
0.3975 	1536.18
0.39988 	1517.41
0.40226 	1498.98
0.40464 	1480.87
0.40702 	1463.07
0.4094 	1445.59
0.41178 	1428.4
0.41416 	1411.52
0.41654 	1394.92
0.41892 	1378.6
0.4213 	1362.56
0.42368 	1346.79
0.42606 	1331.28
0.42844 	1316.03
0.43082 	1301.03
0.4332 	1286.28
0.43558 	1271.77
0.43796 	1257.5
0.44034 	1243.45
0.44272 	1229.63
0.4451 	1216.04
0.44748 	1202.66
0.44986 	1189.49
0.45224 	1176.53
0.45462 	1163.77
0.457 	1151.21
0.45938 	1138.85
0.46176 	1126.67
0.46414 	1114.68
0.46652 	1102.88
0.4689 	1091.25
0.47128 	1079.81
0.47366 	1068.53
0.47604 	1057.42
0.47842 	1046.48
0.4808 	1035.7
0.48318 	1025.07
0.48556 	1014.61
0.48794 	1004.29
0.49032 	994.131
0.4927 	984.114
0.49508 	974.242
0.49746 	964.511
0.49984 	954.918
0.50222 	945.462
0.5046 	936.139
0.50698 	926.947
0.50936 	917.883
0.51174 	908.946
0.51412 	900.133
0.5165 	891.441
0.51888 	882.868
0.52126 	874.413
0.52364 	866.072
0.52602 	857.845
0.5284 	849.729
0.53078 	841.721
0.53316 	833.82
0.53554 	826.025
0.53792 	818.333
0.5403 	810.742
0.54268 	803.251
0.54506 	795.858
0.54744 	788.561
0.54982 	781.358
0.5522 	774.249
0.55458 	767.23
0.55696 	760.302
0.55934 	753.462
0.56172 	746.709
0.5641 	740.04
0.56648 	733.456
0.56886 	726.954
0.57124 	720.534
0.57362 	714.193
0.576 	707.93
0.57838 	701.745
0.58076 	695.636
0.58314 	689.601
0.58552 	683.64
0.5879 	677.751
0.59028 	671.933
0.59266 	666.184
0.59504 	660.505
0.59742 	654.894
0.5998 	649.349
0.60218 	643.87
0.60456 	638.455
0.60694 	633.104
0.60932 	627.816
0.6117 	622.589
0.61408 	617.423
0.61646 	612.316
0.61884 	607.269
0.62122 	602.279
0.6236 	597.346
0.62598 	592.469
0.62836 	587.648
0.63074 	582.881
0.63312 	578.168
0.6355 	573.508
0.63788 	568.9
0.64026 	564.343
0.64264 	559.836
0.64502 	555.38
0.6474 	550.972
0.64978 	546.613
0.65216 	542.302
0.65454 	538.037
0.65692 	533.819
0.6593 	529.646
0.66168 	525.518
0.66406 	521.435
0.66644 	517.395
0.66882 	513.398
0.6712 	509.444
0.67358 	505.531
0.67596 	501.66
0.67834 	497.829
0.68072 	494.039
0.6831 	490.288
0.68548 	486.576
0.68786 	482.903
0.69024 	479.267
0.69262 	475.669
0.695 	472.108
0.69738 	468.583
0.69976 	465.094
0.70214 	461.641
0.70452 	458.222
0.7069 	454.838
0.70928 	451.488
0.71166 	448.171
0.71404 	444.888
0.71642 	441.637
0.7188 	438.419
0.72118 	435.232
0.72356 	432.077
0.72594 	428.953
0.72832 	425.859
0.7307 	422.795
0.73308 	419.762
0.73546 	416.757
0.73784 	413.782
0.74022 	410.835
0.7426 	407.917
0.74498 	405.026
0.74736 	402.164
0.74974 	399.328
0.75212 	396.519
0.7545 	393.737
0.75688 	390.981
0.75926 	388.251
0.76164 	385.546
0.76402 	382.867
0.7664 	380.212
0.76878 	377.582
0.77116 	374.977
0.77354 	372.395
0.77592 	369.838
0.7783 	367.303
0.78068 	364.792
0.78306 	362.304
0.78544 	359.838
0.78782 	357.394
0.7902 	354.973
0.79258 	352.573
0.79496 	350.195
0.79734 	347.838
0.79972 	345.503
0.8021 	343.187
0.80448 	340.893
0.80686 	338.619
0.80924 	336.364
0.81162 	334.13
0.814 	331.915
0.81638 	329.719
0.81876 	327.543
0.82114 	325.386
0.82352 	323.247
0.8259 	321.126
0.82828 	319.024
0.83066 	316.94
0.83304 	314.874
0.83542 	312.825
0.8378 	310.794
0.84018 	308.78
0.84256 	306.783
0.84494 	304.803
0.84732 	302.84
0.8497 	300.893
0.85208 	298.962
0.85446 	297.048
0.85684 	295.149
0.85922 	293.266
0.8616 	291.399
0.86398 	289.547
0.86636 	287.711
0.86874 	285.889
0.87112 	284.083
0.8735 	282.291
0.87588 	280.513
0.87826 	278.751
0.88064 	277.002
0.88302 	275.268
0.8854 	273.547
0.88778 	271.84
0.89016 	270.147
0.89254 	268.468
0.89492 	266.802
0.8973 	265.149
0.89968 	263.509
0.90206 	261.883
0.90444 	260.269
0.90682 	258.667
0.9092 	257.079
0.91158 	255.502
0.91396 	253.938
0.91634 	252.386
0.91872 	250.847
0.9211 	249.319
0.92348 	247.803
0.92586 	246.298
0.92824 	244.806
0.93062 	243.324
0.933 	241.854
0.93538 	240.395
0.93776 	238.948
0.94014 	237.511
0.94252 	236.085
0.9449 	234.67
0.94728 	233.265
0.94966 	231.871
0.95204 	230.488
0.95442 	229.115
0.9568 	227.752
0.95918 	226.399
0.96156 	225.056
0.96394 	223.723
0.96632 	222.4
0.9687 	221.087
0.97108 	219.783
0.97346 	218.489
0.97584 	217.205
0.97822 	215.93
0.9806 	214.664
0.98298 	213.407
0.98536 	212.159
0.98774 	210.92
0.99012 	209.691
0.9925 	208.47
0.99488 	207.258
0.99726 	206.054
0.99964 	204.859
1.00202 	203.673
1.0044 	202.495
1.00678 	201.325
1.00916 	200.164
1.01154 	199.01
1.01392 	197.865
1.0163 	196.728
1.01868 	195.599
1.02106 	194.478
1.02344 	193.365
1.02582 	192.259
1.0282 	191.161
1.03058 	190.071
1.03296 	188.988
1.03534 	187.912
1.03772 	186.844
1.0401 	185.784
1.04248 	184.73
1.04486 	183.684
1.04724 	182.645
1.04962 	181.613
1.052 	180.588
1.05438 	179.57
1.05676 	178.559
1.05914 	177.554
1.06152 	176.556
1.0639 	175.565
1.06628 	174.581
1.06866 	173.603
1.07104 	172.632
1.07342 	171.667
1.0758 	170.709
1.07818 	169.757
1.08056 	168.811
1.08294 	167.871
1.08532 	166.938
1.0877 	166.01
1.09008 	165.089
1.09246 	164.174
1.09484 	163.265
1.09722 	162.361
1.0996 	161.464
1.10198 	160.572
1.10436 	159.686
1.10674 	158.806
1.10912 	157.932
1.1115 	157.063
1.11388 	156.199
1.11626 	155.342
1.11864 	154.489
1.12102 	153.642
1.1234 	152.801
1.12578 	151.964
1.12816 	151.133
1.13054 	150.308
1.13292 	149.487
1.1353 	148.672
1.13768 	147.862
1.14006 	147.056
1.14244 	146.256
1.14482 	145.461
1.1472 	144.671
1.14958 	143.885
1.15196 	143.105
1.15434 	142.329
1.15672 	141.559
1.1591 	140.792
1.16148 	140.031
1.16386 	139.274
1.16624 	138.522
1.16862 	137.775
1.171 	137.032
1.17338 	136.293
1.17576 	135.559
1.17814 	134.83
1.18052 	134.105
1.1829 	133.384
1.18528 	132.667
1.18766 	131.955
1.19004 	131.247
1.19242 	130.544
1.1948 	129.844
1.19718 	129.149
1.19956 	128.458
1.20194 	127.771
1.20432 	127.088
1.2067 	126.409
1.20908 	125.734
1.21146 	125.063
1.21384 	124.396
1.21622 	123.733
1.2186 	123.074
1.22098 	122.419
1.22336 	121.767
1.22574 	121.12
1.22812 	120.476
1.2305 	119.835
1.23288 	119.199
1.23526 	118.566
1.23764 	117.937
1.24002 	117.311
1.2424 	116.689
1.24478 	116.071
1.24716 	115.456
1.24954 	114.845
1.25192 	114.237
1.2543 	113.632
1.25668 	113.031
1.25906 	112.434
1.26144 	111.839
1.26382 	111.249
1.2662 	110.661
1.26858 	110.077
1.27096 	109.496
1.27334 	108.918
1.27572 	108.344
1.2781 	107.772
1.28048 	107.204
1.28286 	106.639
1.28524 	106.078
1.28762 	105.519
1.29 	104.963
1.29238 	104.411
1.29476 	103.861
1.29714 	103.315
1.29952 	102.771
1.3019 	102.231
1.30428 	101.693
1.30666 	101.159
1.30904 	100.627
1.31142 	100.098
1.3138 	99.5724
1.31618 	99.0494
1.31856 	98.5291
1.32094 	98.0117
1.32332 	97.4971
1.3257 	96.9852
1.32808 	96.4761
1.33046 	95.9697
1.33284 	95.4661
1.33522 	94.9651
1.3376 	94.4668
1.33998 	93.9711
1.34236 	93.4781
1.34474 	92.9877
1.34712 	92.4999
1.3495 	92.0146
1.35188 	91.5319
1.35426 	91.0518
1.35664 	90.5742
1.35902 	90.0991
1.3614 	89.6265
1.36378 	89.1564
1.36616 	88.6887
1.36854 	88.2234
1.37092 	87.7606
1.3733 	87.3002
1.37568 	86.8422
1.37806 	86.3865
1.38044 	85.9332
1.38282 	85.4822
1.3852 	85.0336
1.38758 	84.5872
1.38996 	84.1432
1.39234 	83.7014
1.39472 	83.2619
1.3971 	82.8246
1.39948 	82.3896
1.40186 	81.9568
1.40424 	81.5261
1.40662 	81.0977
1.409 	80.6714
1.41138 	80.2473
1.41376 	79.8253
1.41614 	79.4055
1.41852 	78.9877
1.4209 	78.5721
1.42328 	78.1585
1.42566 	77.747
1.42804 	77.3376
1.43042 	76.9302
1.4328 	76.5248
1.43518 	76.1215
1.43756 	75.7201
1.43994 	75.3208
1.44232 	74.9234
1.4447 	74.528
1.44708 	74.1345
1.44946 	73.7429
1.45184 	73.3533
1.45422 	72.9656
1.4566 	72.5798
1.45898 	72.1959
1.46136 	71.8139
1.46374 	71.4337
1.46612 	71.0554
1.4685 	70.6789
1.47088 	70.3042
1.47326 	69.9313
1.47564 	69.5603
1.47802 	69.191
1.4804 	68.8236
1.48278 	68.4578
1.48516 	68.0939
1.48754 	67.7317
1.48992 	67.3712
1.4923 	67.0125
1.49468 	66.6554
1.49706 	66.3001
1.49944 	65.9464
1.50182 	65.5945
1.5042 	65.2442
1.50658 	64.8955
1.50896 	64.5485
1.51134 	64.2032
1.51372 	63.8595
1.5161 	63.5174
1.51848 	63.1769
1.52086 	62.838
1.52324 	62.5006
1.52562 	62.1649
1.528 	61.8307
1.53038 	61.4981
1.53276 	61.167
1.53514 	60.8375
1.53752 	60.5095
1.5399 	60.183
1.54228 	59.8581
1.54466 	59.5346
1.54704 	59.2126
1.54942 	58.8921
1.5518 	58.5731
1.55418 	58.2556
1.55656 	57.9395
1.55894 	57.6248
1.56132 	57.3116
1.5637 	56.9998
1.56608 	56.6895
1.56846 	56.3805
1.57084 	56.073
1.57322 	55.7668
1.5756 	55.462
1.57798 	55.1586
1.58036 	54.8566
1.58274 	54.556
1.58512 	54.2566
1.5875 	53.9587
1.58988 	53.6621
1.59226 	53.3668
1.59464 	53.0728
1.59702 	52.7801
1.5994 	52.4888
1.60178 	52.1987
1.60416 	51.9099
1.60654 	51.6225
1.60892 	51.3363
1.6113 	51.0513
1.61368 	50.7676
1.61606 	50.4852
1.61844 	50.204
1.62082 	49.9241
1.6232 	49.6453
1.62558 	49.3678
1.62796 	49.0916
1.63034 	48.8165
1.63272 	48.5426
1.6351 	48.27
1.63748 	47.9985
1.63986 	47.7282
1.64224 	47.459
1.64462 	47.1911
1.647 	46.9243
1.64938 	46.6586
1.65176 	46.3941
1.65414 	46.1308
1.65652 	45.8686
1.6589 	45.6075
1.66128 	45.3475
1.66366 	45.0886
1.66604 	44.8309
1.66842 	44.5742
1.6708 	44.3187
1.67318 	44.0642
1.67556 	43.8108
1.67794 	43.5585
1.68032 	43.3073
1.6827 	43.0571
1.68508 	42.808
1.68746 	42.56
1.68984 	42.313
1.69222 	42.067
1.6946 	41.8221
1.69698 	41.5782
1.69936 	41.3353
1.70174 	41.0934
1.70412 	40.8526
1.7065 	40.6127
1.70888 	40.3739
1.71126 	40.1361
1.71364 	39.8992
1.71602 	39.6634
1.7184 	39.4285
1.72078 	39.1946
1.72316 	38.9616
1.72554 	38.7296
1.72792 	38.4986
1.7303 	38.2685
1.73268 	38.0394
1.73506 	37.8112
1.73744 	37.584
1.73982 	37.3577
1.7422 	37.1323
1.74458 	36.9078
1.74696 	36.6843
1.74934 	36.4616
1.75172 	36.2399
1.7541 	36.0191
1.75648 	35.7992
1.75886 	35.5801
1.76124 	35.362
1.76362 	35.1447
1.766 	34.9283
1.76838 	34.7128
1.77076 	34.4982
1.77314 	34.2844
1.77552 	34.0714
1.7779 	33.8594
1.78028 	33.6482
1.78266 	33.4378
1.78504 	33.2283
1.78742 	33.0196
1.7898 	32.8117
1.79218 	32.6046
1.79456 	32.3984
1.79694 	32.193
1.79932 	31.9885
1.8017 	31.7847
1.80408 	31.5817
1.80646 	31.3796
1.80884 	31.1782
1.81122 	30.9776
1.8136 	30.7778
1.81598 	30.5788
1.81836 	30.3806
1.82074 	30.1832
1.82312 	29.9865
1.8255 	29.7906
1.82788 	29.5955
1.83026 	29.4011
1.83264 	29.2075
1.83502 	29.0146
1.8374 	28.8225
1.83978 	28.6311
1.84216 	28.4405
1.84454 	28.2506
1.84692 	28.0614
1.8493 	27.873
1.85168 	27.6853
1.85406 	27.4983
1.85644 	27.3121
1.85882 	27.1265
1.8612 	26.9417
1.86358 	26.7576
1.86596 	26.5741
1.86834 	26.3914
1.87072 	26.2094
1.8731 	26.028
1.87548 	25.8474
1.87786 	25.6674
1.88024 	25.4882
1.88262 	25.3096
1.885 	25.1317
1.88738 	24.9544
1.88976 	24.7778
1.89214 	24.6019
1.89452 	24.4267
1.8969 	24.2521
1.89928 	24.0782
1.90166 	23.9049
1.90404 	23.7322
1.90642 	23.5603
1.9088 	23.3889
1.91118 	23.2182
1.91356 	23.0481
1.91594 	22.8787
1.91832 	22.7099
1.9207 	22.5417
1.92308 	22.3742
1.92546 	22.2073
1.92784 	22.0409
1.93022 	21.8752
1.9326 	21.7102
1.93498 	21.5457
1.93736 	21.3818
1.93974 	21.2185
1.94212 	21.0559
1.9445 	20.8938
1.94688 	20.7323
1.94926 	20.5714
1.95164 	20.4111
1.95402 	20.2514
1.9564 	20.0923
1.95878 	19.9337
1.96116 	19.7758
1.96354 	19.6184
1.96592 	19.4615
1.9683 	19.3053
1.97068 	19.1496
1.97306 	18.9945
1.97544 	18.8399
1.97782 	18.6859
1.9802 	18.5324
1.98258 	18.3795
1.98496 	18.2271
1.98734 	18.0753
1.98972 	17.9241
1.9921 	17.7734
1.99448 	17.6232
1.99686 	17.4735
1.99924 	17.3244
2.00162 	17.1758
2.004 	17.0278
2.00638 	16.8802
2.00876 	16.7332
2.01114 	16.5868
2.01352 	16.4408
2.0159 	16.2954
2.01828 	16.1504
2.02066 	16.006
2.02304 	15.8621
2.02542 	15.7187
2.0278 	15.5758
2.03018 	15.4334
2.03256 	15.2915
2.03494 	15.1501
2.03732 	15.0092
2.0397 	14.8688
2.04208 	14.7289
2.04446 	14.5894
2.04684 	14.4505
2.04922 	14.312
2.0516 	14.1741
2.05398 	14.0366
2.05636 	13.8995
2.05874 	13.763
2.06112 	13.6269
2.0635 	13.4913
2.06588 	13.3562
2.06826 	13.2215
2.07064 	13.0873
2.07302 	12.9536
2.0754 	12.8203
2.07778 	12.6874
2.08016 	12.5551
2.08254 	12.4232
2.08492 	12.2917
2.0873 	12.1607
2.08968 	12.0301
2.09206 	11.9
2.09444 	11.7703
2.09682 	11.6411
2.0992 	11.5123
2.10158 	11.3839
2.10396 	11.256
2.10634 	11.1285
2.10872 	11.0014
2.1111 	10.8748
2.11348 	10.7486
2.11586 	10.6228
2.11824 	10.4974
2.12062 	10.3725
2.123 	10.248
2.12538 	10.1239
2.12776 	10.0002
2.13014 	9.87695
2.13252 	9.7541
2.1349 	9.63166
2.13728 	9.50963
2.13966 	9.388
2.14204 	9.26678
2.14442 	9.14596
2.1468 	9.02554
2.14918 	8.90553
2.15156 	8.78591
2.15394 	8.66669
2.15632 	8.54786
2.1587 	8.42942
2.16108 	8.31138
2.16346 	8.19373
2.16584 	8.07646
2.16822 	7.95958
2.1706 	7.84308
2.17298 	7.72697
2.17536 	7.61123
2.17774 	7.49588
2.18012 	7.3809
2.1825 	7.2663
2.18488 	7.15208
2.18726 	7.03822
2.18964 	6.92474
2.19202 	6.81163
2.1944 	6.69888
2.19678 	6.58651
2.19916 	6.47449
2.20154 	6.36284
2.20392 	6.25155
2.2063 	6.14062
2.20868 	6.03005
2.21106 	5.91984
2.21344 	5.80998
2.21582 	5.70047
2.2182 	5.59132
2.22058 	5.48252
2.22296 	5.37406
2.22534 	5.26596
2.22772 	5.1582
2.2301 	5.05079
2.23248 	4.94372
2.23486 	4.83699
2.23724 	4.7306
2.23962 	4.62455
2.242 	4.51884
2.24438 	4.41346
2.24676 	4.30842
2.24914 	4.20371
2.25152 	4.09934
2.2539 	3.99529
2.25628 	3.89158
2.25866 	3.78819
2.26104 	3.68513
2.26342 	3.58239
2.2658 	3.47998
2.26818 	3.37789
2.27056 	3.27611
2.27294 	3.17466
2.27532 	3.07353
2.2777 	2.97272
2.28008 	2.87222
2.28246 	2.77203
2.28484 	2.67216
2.28722 	2.57259
2.2896 	2.47334
2.29198 	2.3744
2.29436 	2.27577
2.29674 	2.17744
2.29912 	2.07942
2.3015 	1.9817
2.30388 	1.88428
2.30626 	1.78717
2.30864 	1.69035
2.31102 	1.59384
2.3134 	1.49762
2.31578 	1.4017
2.31816 	1.30607
2.32054 	1.21074
2.32292 	1.1157
2.3253 	1.02095
2.32768 	0.926497
2.33006 	0.83233
2.33244 	0.738451
2.33482 	0.644859
2.3372 	0.551552
2.33958 	0.45853
2.34196 	0.365792
2.34434 	0.273336
2.34672 	0.181161
2.3491 	0.089266
2.35148 	-0.00235
2.35386 	-0.0936882
2.35624 	-0.18475
2.35862 	-0.275536
2.361 	-0.366047
2.36338 	-0.456285
2.36576 	-0.546251
2.36814 	-0.635946
2.37052 	-0.725371
2.3729 	-0.814527
2.37528 	-0.903415
2.37766 	-0.992036
2.38004 	-1.08039
2.38242 	-1.16848
2.3848 	-1.25631
2.38718 	-1.34387
2.38956 	-1.43118
2.39194 	-1.51822
2.39432 	-1.605
2.3967 	-1.69153
2.39908 	-1.77779
2.40146 	-1.8638
2.40384 	-1.94956
2.40622 	-2.03506
2.4086 	-2.12031
2.41098 	-2.2053
2.41336 	-2.29005
2.41574 	-2.37454
2.41812 	-2.45879
2.4205 	-2.54278
2.42288 	-2.62653
2.42526 	-2.71003
2.42764 	-2.79329
2.43002 	-2.8763
2.4324 	-2.95907
2.43478 	-3.04159
2.43716 	-3.12388
2.43954 	-3.20592
2.44192 	-3.28772
2.4443 	-3.36929
2.44668 	-3.45061
2.44906 	-3.5317
2.45144 	-3.61256
2.45382 	-3.69318
2.4562 	-3.77356
2.45858 	-3.85371
2.46096 	-3.93363
2.46334 	-4.01331
2.46572 	-4.09277
2.4681 	-4.172
2.47048 	-4.25099
2.47286 	-4.32976
2.47524 	-4.4083
2.47762 	-4.48662
2.48 	-4.56471
2.48238 	-4.64258
2.48476 	-4.72022
2.48714 	-4.79764
2.48952 	-4.87484
2.4919 	-4.95181
2.49428 	-5.02857
2.49666 	-5.1051
2.49904 	-5.18142
2.50142 	-5.25752
2.5038 	-5.3334
2.50618 	-5.40907
2.50856 	-5.48452
2.51094 	-5.55976
2.51332 	-5.63478
2.5157 	-5.70959
2.51808 	-5.78419
2.52046 	-5.85858
2.52284 	-5.93276
2.52522 	-6.00672
2.5276 	-6.08048
2.52998 	-6.15403
2.53236 	-6.22737
2.53474 	-6.30051
2.53712 	-6.37344
2.5395 	-6.44617
2.54188 	-6.51869
2.54426 	-6.59101
2.54664 	-6.66312
2.54902 	-6.73503
2.5514 	-6.80674
2.55378 	-6.87826
2.55616 	-6.94957
2.55854 	-7.02068
2.56092 	-7.09159
2.5633 	-7.16231
2.56568 	-7.23283
2.56806 	-7.30316
2.57044 	-7.37328
2.57282 	-7.44322
2.5752 	-7.51296
2.57758 	-7.58251
2.57996 	-7.65186
2.58234 	-7.72102
2.58472 	-7.79
2.5871 	-7.85878
2.58948 	-7.92737
2.59186 	-7.99577
2.59424 	-8.06399
2.59662 	-8.13201
2.599 	-8.19985
2.60138 	-8.26751
2.60376 	-8.33498
2.60614 	-8.40226
2.60852 	-8.46936
2.6109 	-8.53628
2.61328 	-8.60301
2.61566 	-8.66956
2.61804 	-8.73593
2.62042 	-8.80212
2.6228 	-8.86813
2.62518 	-8.93396
2.62756 	-8.99961
2.62994 	-9.06508
2.63232 	-9.13037
2.6347 	-9.19549
2.63708 	-9.26043
2.63946 	-9.3252
2.64184 	-9.38979
2.64422 	-9.45421
2.6466 	-9.51845
2.64898 	-9.58252
2.65136 	-9.64641
2.65374 	-9.71014
2.65612 	-9.77369
2.6585 	-9.83707
2.66088 	-9.90029
2.66326 	-9.96333
2.66564 	-10.0262
2.66802 	-10.0889
2.6704 	-10.1514
2.67278 	-10.2138
2.67516 	-10.276
2.67754 	-10.3381
2.67992 	-10.3999
2.6823 	-10.4616
2.68468 	-10.5232
2.68706 	-10.5846
2.68944 	-10.6458
2.69182 	-10.7068
2.6942 	-10.7677
2.69658 	-10.8285
2.69896 	-10.889
2.70134 	-10.9495
2.70372 	-11.0097
2.7061 	-11.0698
2.70848 	-11.1297
2.71086 	-11.1895
2.71324 	-11.2491
2.71562 	-11.3086
2.718 	-11.3679
2.72038 	-11.4271
2.72276 	-11.486
2.72514 	-11.5449
2.72752 	-11.6036
2.7299 	-11.6621
2.73228 	-11.7205
2.73466 	-11.7787
2.73704 	-11.8368
2.73942 	-11.8947
2.7418 	-11.9525
2.74418 	-12.0101
2.74656 	-12.0676
2.74894 	-12.1249
2.75132 	-12.1821
2.7537 	-12.2391
2.75608 	-12.296
2.75846 	-12.3527
2.76084 	-12.4093
2.76322 	-12.4658
2.7656 	-12.522
2.76798 	-12.5782
2.77036 	-12.6342
2.77274 	-12.6901
2.77512 	-12.7458
2.7775 	-12.8013
2.77988 	-12.8568
2.78226 	-12.9121
2.78464 	-12.9672
2.78702 	-13.0222
2.7894 	-13.0771
2.79178 	-13.1318
2.79416 	-13.1864
2.79654 	-13.2408
2.79892 	-13.2951
2.8013 	-13.3493
2.80368 	-13.4033
2.80606 	-13.4572
2.80844 	-13.511
2.81082 	-13.5646
2.8132 	-13.6181
2.81558 	-13.6714
2.81796 	-13.7246
2.82034 	-13.7777
2.82272 	-13.8306
2.8251 	-13.8834
2.82748 	-13.9361
2.82986 	-13.9886
2.83224 	-14.0411
2.83462 	-14.0933
2.837 	-14.1455
2.83938 	-14.1975
2.84176 	-14.2494
2.84414 	-14.3011
2.84652 	-14.3527
2.8489 	-14.4042
2.85128 	-14.4556
2.85366 	-14.5068
2.85604 	-14.5579
2.85842 	-14.6089
2.8608 	-14.6598
2.86318 	-14.7105
2.86556 	-14.7611
2.86794 	-14.8116
2.87032 	-14.8619
2.8727 	-14.9121
2.87508 	-14.9622
2.87746 	-15.0122
2.87984 	-15.062
2.88222 	-15.1118
2.8846 	-15.1614
2.88698 	-15.2108
2.88936 	-15.2602
2.89174 	-15.3094
2.89412 	-15.3585
2.8965 	-15.4075
2.89888 	-15.4564
2.90126 	-15.5051
2.90364 	-15.5538
2.90602 	-15.6023
2.9084 	-15.6507
2.91078 	-15.6989
2.91316 	-15.7471
2.91554 	-15.7951
2.91792 	-15.8431
2.9203 	-15.8909
2.92268 	-15.9385
2.92506 	-15.9861
2.92744 	-16.0336
2.92982 	-16.0809
2.9322 	-16.1281
2.93458 	-16.1752
2.93696 	-16.2222
2.93934 	-16.2691
2.94172 	-16.3158
2.9441 	-16.3625
2.94648 	-16.409
2.94886 	-16.4554
2.95124 	-16.5018
2.95362 	-16.548
2.956 	-16.594
2.95838 	-16.64
2.96076 	-16.6859
2.96314 	-16.7316
2.96552 	-16.7773
2.9679 	-16.8228
2.97028 	-16.8682
2.97266 	-16.9135
2.97504 	-16.9587
2.97742 	-17.0038
2.9798 	-17.0488
2.98218 	-17.0937
2.98456 	-17.1385
2.98694 	-17.1831
2.98932 	-17.2277
2.9917 	-17.2722
2.99408 	-17.3165
2.99646 	-17.3607
2.99884 	-17.4049
3.00122 	-17.4489
3.0036 	-17.4928
3.00598 	-17.5366
3.00836 	-17.5804
3.01074 	-17.624
3.01312 	-17.6675
3.0155 	-17.7109
3.01788 	-17.7542
3.02026 	-17.7974
3.02264 	-17.8405
3.02502 	-17.8835
3.0274 	-17.9264
3.02978 	-17.9692
3.03216 	-18.0119
3.03454 	-18.0545
3.03692 	-18.0969
3.0393 	-18.1393
3.04168 	-18.1816
3.04406 	-18.2238
3.04644 	-18.2659
3.04882 	-18.3079
3.0512 	-18.3498
3.05358 	-18.3916
3.05596 	-18.4333
3.05834 	-18.4749
3.06072 	-18.5164
3.0631 	-18.5578
3.06548 	-18.5991
3.06786 	-18.6403
3.07024 	-18.6814
3.07262 	-18.7225
3.075 	-18.7634
3.07738 	-18.8042
3.07976 	-18.845
3.08214 	-18.8856
3.08452 	-18.9262
3.0869 	-18.9666
3.08928 	-19.007
3.09166 	-19.0472
3.09404 	-19.0874
3.09642 	-19.1275
3.0988 	-19.1675
3.10118 	-19.2074
3.10356 	-19.2472
3.10594 	-19.2869
3.10832 	-19.3265
3.1107 	-19.366
3.11308 	-19.4055
3.11546 	-19.4448
3.11784 	-19.4841
3.12022 	-19.5232
3.1226 	-19.5623
3.12498 	-19.6013
3.12736 	-19.6402
3.12974 	-19.679
3.13212 	-19.7177
3.1345 	-19.7564
3.13688 	-19.7949
3.13926 	-19.8334
3.14164 	-19.8717
3.14402 	-19.91
3.1464 	-19.9482
3.14878 	-19.9863
3.15116 	-20.0243
3.15354 	-20.0623
3.15592 	-20.1001
3.1583 	-20.1379
3.16068 	-20.1756
3.16306 	-20.2132
3.16544 	-20.2507
3.16782 	-20.2881
3.1702 	-20.3254
3.17258 	-20.3627
3.17496 	-20.3998
3.17734 	-20.4369
3.17972 	-20.4739
3.1821 	-20.5108
3.18448 	-20.5477
3.18686 	-20.5844
3.18924 	-20.6211
3.19162 	-20.6577
3.194 	-20.6942
3.19638 	-20.7306
3.19876 	-20.767
3.20114 	-20.8032
3.20352 	-20.8394
3.2059 	-20.8755
3.20828 	-20.9115
3.21066 	-20.9474
3.21304 	-20.9833
3.21542 	-21.0191
3.2178 	-21.0548
3.22018 	-21.0904
3.22256 	-21.1259
3.22494 	-21.1614
3.22732 	-21.1968
3.2297 	-21.2321
3.23208 	-21.2673
3.23446 	-21.3024
3.23684 	-21.3375
3.23922 	-21.3725
3.2416 	-21.4074
3.24398 	-21.4422
3.24636 	-21.477
3.24874 	-21.5117
3.25112 	-21.5463
3.2535 	-21.5808
3.25588 	-21.6153
3.25826 	-21.6496
3.26064 	-21.6839
3.26302 	-21.7182
3.2654 	-21.7523
3.26778 	-21.7864
3.27016 	-21.8204
3.27254 	-21.8543
3.27492 	-21.8882
3.2773 	-21.9219
3.27968 	-21.9556
3.28206 	-21.9893
3.28444 	-22.0228
3.28682 	-22.0563
3.2892 	-22.0897
3.29158 	-22.1231
3.29396 	-22.1563
3.29634 	-22.1895
3.29872 	-22.2226
3.3011 	-22.2557
3.30348 	-22.2887
3.30586 	-22.3216
3.30824 	-22.3544
3.31062 	-22.3872
3.313 	-22.4198
3.31538 	-22.4525
3.31776 	-22.485
3.32014 	-22.5175
3.32252 	-22.5499
3.3249 	-22.5822
3.32728 	-22.6145
3.32966 	-22.6467
3.33204 	-22.6788
3.33442 	-22.7109
3.3368 	-22.7429
3.33918 	-22.7748
3.34156 	-22.8067
3.34394 	-22.8384
3.34632 	-22.8702
3.3487 	-22.9018
3.35108 	-22.9334
3.35346 	-22.9649
3.35584 	-22.9963
3.35822 	-23.0277
3.3606 	-23.059
3.36298 	-23.0903
3.36536 	-23.1215
3.36774 	-23.1526
3.37012 	-23.1836
3.3725 	-23.2146
3.37488 	-23.2455
3.37726 	-23.2763
3.37964 	-23.3071
3.38202 	-23.3378
3.3844 	-23.3685
3.38678 	-23.3991
3.38916 	-23.4296
3.39154 	-23.4601
3.39392 	-23.4904
3.3963 	-23.5208
3.39868 	-23.551
3.40106 	-23.5812
3.40344 	-23.6114
3.40582 	-23.6414
3.4082 	-23.6714
3.41058 	-23.7014
3.41296 	-23.7313
3.41534 	-23.7611
3.41772 	-23.7908
3.4201 	-23.8205
3.42248 	-23.8501
3.42486 	-23.8797
3.42724 	-23.9092
3.42962 	-23.9387
3.432 	-23.968
3.43438 	-23.9974
3.43676 	-24.0266
3.43914 	-24.0558
3.44152 	-24.085
3.4439 	-24.114
3.44628 	-24.143
3.44866 	-24.172
3.45104 	-24.2009
3.45342 	-24.2297
3.4558 	-24.2585
3.45818 	-24.2872
3.46056 	-24.3158
3.46294 	-24.3444
3.46532 	-24.373
3.4677 	-24.4014
3.47008 	-24.4299
3.47246 	-24.4582
3.47484 	-24.4865
3.47722 	-24.5147
3.4796 	-24.5429
3.48198 	-24.571
3.48436 	-24.5991
3.48674 	-24.6271
3.48912 	-24.6551
3.4915 	-24.6829
3.49388 	-24.7108
3.49626 	-24.7386
3.49864 	-24.7663
3.50102 	-24.7939
3.5034 	-24.8215
3.50578 	-24.8491
3.50816 	-24.8766
3.51054 	-24.904
3.51292 	-24.9314
3.5153 	-24.9587
3.51768 	-24.9859
3.52006 	-25.0132
3.52244 	-25.0403
3.52482 	-25.0674
3.5272 	-25.0944
3.52958 	-25.1214
3.53196 	-25.1484
3.53434 	-25.1752
3.53672 	-25.202
3.5391 	-25.2288
3.54148 	-25.2555
3.54386 	-25.2822
3.54624 	-25.3088
3.54862 	-25.3353
3.551 	-25.3618
3.55338 	-25.3883
3.55576 	-25.4146
3.55814 	-25.441
3.56052 	-25.4672
3.5629 	-25.4935
3.56528 	-25.5196
3.56766 	-25.5458
3.57004 	-25.5718
3.57242 	-25.5978
3.5748 	-25.6238
3.57718 	-25.6497
3.57956 	-25.6756
3.58194 	-25.7014
3.58432 	-25.7271
3.5867 	-25.7528
3.58908 	-25.7784
3.59146 	-25.804
3.59384 	-25.8296
3.59622 	-25.8551
3.5986 	-25.8805
3.60098 	-25.9059
3.60336 	-25.9312
3.60574 	-25.9565
3.60812 	-25.9818
3.6105 	-26.0069
3.61288 	-26.0321
3.61526 	-26.0572
3.61764 	-26.0822
3.62002 	-26.1072
3.6224 	-26.1321
3.62478 	-26.157
3.62716 	-26.1818
3.62954 	-26.2066
3.63192 	-26.2313
3.6343 	-26.256
3.63668 	-26.2807
3.63906 	-26.3052
3.64144 	-26.3298
3.64382 	-26.3543
3.6462 	-26.3787
3.64858 	-26.4031
3.65096 	-26.4274
3.65334 	-26.4517
3.65572 	-26.476
3.6581 	-26.5002
3.66048 	-26.5243
3.66286 	-26.5484
3.66524 	-26.5725
3.66762 	-26.5965
3.67 	-26.6204
3.67238 	-26.6443
3.67476 	-26.6682
3.67714 	-26.692
3.67952 	-26.7158
3.6819 	-26.7395
3.68428 	-26.7632
3.68666 	-26.7868
3.68904 	-26.8104
3.69142 	-26.8339
3.6938 	-26.8574
3.69618 	-26.8808
3.69856 	-26.9042
3.70094 	-26.9276
3.70332 	-26.9509
3.7057 	-26.9741
3.70808 	-26.9974
3.71046 	-27.0205
3.71284 	-27.0436
3.71522 	-27.0667
3.7176 	-27.0897
3.71998 	-27.1127
3.72236 	-27.1357
3.72474 	-27.1586
3.72712 	-27.1814
3.7295 	-27.2042
3.73188 	-27.227
3.73426 	-27.2497
3.73664 	-27.2724
3.73902 	-27.295
3.7414 	-27.3176
3.74378 	-27.3401
3.74616 	-27.3626
3.74854 	-27.385
3.75092 	-27.4074
3.7533 	-27.4298
3.75568 	-27.4521
3.75806 	-27.4744
3.76044 	-27.4966
3.76282 	-27.5188
3.7652 	-27.541
3.76758 	-27.5631
3.76996 	-27.5851
3.77234 	-27.6071
3.77472 	-27.6291
3.7771 	-27.651
3.77948 	-27.6729
3.78186 	-27.6948
3.78424 	-27.7166
3.78662 	-27.7383
3.789 	-27.7601
3.79138 	-27.7817
3.79376 	-27.8034
3.79614 	-27.825
3.79852 	-27.8465
3.8009 	-27.868
3.80328 	-27.8895
3.80566 	-27.9109
3.80804 	-27.9323
3.81042 	-27.9536
3.8128 	-27.9749
3.81518 	-27.9962
3.81756 	-28.0174
3.81994 	-28.0386
3.82232 	-28.0597
3.8247 	-28.0808
3.82708 	-28.1019
3.82946 	-28.1229
3.83184 	-28.1439
3.83422 	-28.1648
3.8366 	-28.1857
3.83898 	-28.2066
3.84136 	-28.2274
3.84374 	-28.2482
3.84612 	-28.2689
3.8485 	-28.2896
3.85088 	-28.3103
3.85326 	-28.3309
3.85564 	-28.3514
3.85802 	-28.372
3.8604 	-28.3925
3.86278 	-28.4129
3.86516 	-28.4334
3.86754 	-28.4537
3.86992 	-28.4741
3.8723 	-28.4944
3.87468 	-28.5146
3.87706 	-28.5349
3.87944 	-28.5551
3.88182 	-28.5752
3.8842 	-28.5953
3.88658 	-28.6154
3.88896 	-28.6354
3.89134 	-28.6554
3.89372 	-28.6754
3.8961 	-28.6953
3.89848 	-28.7152
3.90086 	-28.735
3.90324 	-28.7548
3.90562 	-28.7746
3.908 	-28.7943
3.91038 	-28.814
3.91276 	-28.8337
3.91514 	-28.8533
3.91752 	-28.8729
3.9199 	-28.8924
3.92228 	-28.9119
3.92466 	-28.9314
3.92704 	-28.9508
3.92942 	-28.9702
3.9318 	-28.9896
3.93418 	-29.0089
3.93656 	-29.0282
3.93894 	-29.0474
3.94132 	-29.0666
3.9437 	-29.0858
3.94608 	-29.1049
3.94846 	-29.124
3.95084 	-29.1431
3.95322 	-29.1621
3.9556 	-29.1811
3.95798 	-29.2001
3.96036 	-29.219
3.96274 	-29.2379
3.96512 	-29.2568
3.9675 	-29.2756
3.96988 	-29.2944
3.97226 	-29.3131
3.97464 	-29.3318
3.97702 	-29.3505
3.9794 	-29.3691
3.98178 	-29.3877
3.98416 	-29.4063
3.98654 	-29.4248
3.98892 	-29.4433
3.9913 	-29.4618
3.99368 	-29.4802
3.99606 	-29.4986
3.99844 	-29.517
4.00082 	-29.5353
4.0032 	-29.5536
4.00558 	-29.5719
4.00796 	-29.5901
4.01034 	-29.6083
4.01272 	-29.6264
4.0151 	-29.6445
4.01748 	-29.6626
4.01986 	-29.6807
4.02224 	-29.6987
4.02462 	-29.7167
4.027 	-29.7346
4.02938 	-29.7525
4.03176 	-29.7704
4.03414 	-29.7883
4.03652 	-29.8061
4.0389 	-29.8239
4.04128 	-29.8416
4.04366 	-29.8593
4.04604 	-29.877
4.04842 	-29.8947
4.0508 	-29.9123
4.05318 	-29.9299
4.05556 	-29.9474
4.05794 	-29.9649
4.06032 	-29.9824
4.0627 	-29.9999
4.06508 	-30.0173
4.06746 	-30.0347
4.06984 	-30.052
4.07222 	-30.0694
4.0746 	-30.0867
4.07698 	-30.1039
4.07936 	-30.1211
4.08174 	-30.1383
4.08412 	-30.1555
4.0865 	-30.1726
4.08888 	-30.1897
4.09126 	-30.2068
4.09364 	-30.2238
4.09602 	-30.2408
4.0984 	-30.2578
4.10078 	-30.2747
4.10316 	-30.2916
4.10554 	-30.3085
4.10792 	-30.3254
4.1103 	-30.3422
4.11268 	-30.3589
4.11506 	-30.3757
4.11744 	-30.3924
4.11982 	-30.4091
4.1222 	-30.4258
4.12458 	-30.4424
4.12696 	-30.459
4.12934 	-30.4755
4.13172 	-30.4921
4.1341 	-30.5086
4.13648 	-30.525
4.13886 	-30.5415
4.14124 	-30.5579
4.14362 	-30.5743
4.146 	-30.5906
4.14838 	-30.6069
4.15076 	-30.6232
4.15314 	-30.6395
4.15552 	-30.6557
4.1579 	-30.6719
4.16028 	-30.6881
4.16266 	-30.7042
4.16504 	-30.7203
4.16742 	-30.7364
4.1698 	-30.7524
4.17218 	-30.7684
4.17456 	-30.7844
4.17694 	-30.8004
4.17932 	-30.8163
4.1817 	-30.8322
4.18408 	-30.8481
4.18646 	-30.8639
4.18884 	-30.8797
4.19122 	-30.8955
4.1936 	-30.9112
4.19598 	-30.927
4.19836 	-30.9426
4.20074 	-30.9583
4.20312 	-30.9739
4.2055 	-30.9895
4.20788 	-31.0051
4.21026 	-31.0207
4.21264 	-31.0362
4.21502 	-31.0517
4.2174 	-31.0671
4.21978 	-31.0825
4.22216 	-31.0979
4.22454 	-31.1133
4.22692 	-31.1287
4.2293 	-31.144
4.23168 	-31.1593
4.23406 	-31.1745
4.23644 	-31.1897
4.23882 	-31.2049
4.2412 	-31.2201
4.24358 	-31.2353
4.24596 	-31.2504
4.24834 	-31.2655
4.25072 	-31.2805
4.2531 	-31.2955
4.25548 	-31.3105
4.25786 	-31.3255
4.26024 	-31.3405
4.26262 	-31.3554
4.265 	-31.3703
4.26738 	-31.3851
4.26976 	-31.4
4.27214 	-31.4148
4.27452 	-31.4296
4.2769 	-31.4443
4.27928 	-31.459
4.28166 	-31.4737
4.28404 	-31.4884
4.28642 	-31.503
4.2888 	-31.5176
4.29118 	-31.5322
4.29356 	-31.5468
4.29594 	-31.5613
4.29832 	-31.5758
4.3007 	-31.5903
4.30308 	-31.6048
4.30546 	-31.6192
4.30784 	-31.6336
4.31022 	-31.6479
4.3126 	-31.6623
4.31498 	-31.6766
4.31736 	-31.6909
4.31974 	-31.7051
4.32212 	-31.7194
4.3245 	-31.7336
4.32688 	-31.7478
4.32926 	-31.7619
4.33164 	-31.7761
4.33402 	-31.7902
4.3364 	-31.8042
4.33878 	-31.8183
4.34116 	-31.8323
4.34354 	-31.8463
4.34592 	-31.8603
4.3483 	-31.8742
4.35068 	-31.8881
4.35306 	-31.902
4.35544 	-31.9159
4.35782 	-31.9297
4.3602 	-31.9435
4.36258 	-31.9573
4.36496 	-31.9711
4.36734 	-31.9848
4.36972 	-31.9985
4.3721 	-32.0122
4.37448 	-32.0258
4.37686 	-32.0395
4.37924 	-32.0531
4.38162 	-32.0667
4.384 	-32.0802
4.38638 	-32.0937
4.38876 	-32.1072
4.39114 	-32.1207
4.39352 	-32.1342
4.3959 	-32.1476
4.39828 	-32.161
4.40066 	-32.1743
4.40304 	-32.1877
4.40542 	-32.201
4.4078 	-32.2143
4.41018 	-32.2276
4.41256 	-32.2408
4.41494 	-32.2541
4.41732 	-32.2672
4.4197 	-32.2804
4.42208 	-32.2936
4.42446 	-32.3067
4.42684 	-32.3198
4.42922 	-32.3328
4.4316 	-32.3459
4.43398 	-32.3589
4.43636 	-32.3719
4.43874 	-32.3849
4.44112 	-32.3978
4.4435 	-32.4107
4.44588 	-32.4236
4.44826 	-32.4365
4.45064 	-32.4493
4.45302 	-32.4622
4.4554 	-32.475
4.45778 	-32.4877
4.46016 	-32.5005
4.46254 	-32.5132
4.46492 	-32.5259
4.4673 	-32.5386
4.46968 	-32.5512
4.47206 	-32.5638
4.47444 	-32.5764
4.47682 	-32.589
4.4792 	-32.6016
4.48158 	-32.6141
4.48396 	-32.6266
4.48634 	-32.6391
4.48872 	-32.6515
4.4911 	-32.664
4.49348 	-32.6764
4.49586 	-32.6887
4.49824 	-32.7011
4.50062 	-32.7134
4.503 	-32.7257
4.50538 	-32.738
4.50776 	-32.7503
4.51014 	-32.7625
4.51252 	-32.7747
4.5149 	-32.7869
4.51728 	-32.7991
4.51966 	-32.8112
4.52204 	-32.8233
4.52442 	-32.8354
4.5268 	-32.8475
4.52918 	-32.8595
4.53156 	-32.8716
4.53394 	-32.8836
4.53632 	-32.8955
4.5387 	-32.9075
4.54108 	-32.9194
4.54346 	-32.9313
4.54584 	-32.9432
4.54822 	-32.955
4.5506 	-32.9669
4.55298 	-32.9787
4.55536 	-32.9905
4.55774 	-33.0022
4.56012 	-33.014
4.5625 	-33.0257
4.56488 	-33.0374
4.56726 	-33.049
4.56964 	-33.0607
4.57202 	-33.0723
4.5744 	-33.0839
4.57678 	-33.0955
4.57916 	-33.107
4.58154 	-33.1186
4.58392 	-33.1301
4.5863 	-33.1415
4.58868 	-33.153
4.59106 	-33.1644
4.59344 	-33.1759
4.59582 	-33.1872
4.5982 	-33.1986
4.60058 	-33.2099
4.60296 	-33.2213
4.60534 	-33.2326
4.60772 	-33.2438
4.6101 	-33.2551
4.61248 	-33.2663
4.61486 	-33.2775
4.61724 	-33.2887
4.61962 	-33.2999
4.622 	-33.311
4.62438 	-33.3221
4.62676 	-33.3332
4.62914 	-33.3443
4.63152 	-33.3553
4.6339 	-33.3663
4.63628 	-33.3773
4.63866 	-33.3883
4.64104 	-33.3993
4.64342 	-33.4102
4.6458 	-33.4211
4.64818 	-33.432
4.65056 	-33.4428
4.65294 	-33.4537
4.65532 	-33.4645
4.6577 	-33.4753
4.66008 	-33.4861
4.66246 	-33.4968
4.66484 	-33.5075
4.66722 	-33.5182
4.6696 	-33.5289
4.67198 	-33.5396
4.67436 	-33.5502
4.67674 	-33.5608
4.67912 	-33.5714
4.6815 	-33.582
4.68388 	-33.5925
4.68626 	-33.6031
4.68864 	-33.6136
4.69102 	-33.624
4.6934 	-33.6345
4.69578 	-33.6449
4.69816 	-33.6554
4.70054 	-33.6657
4.70292 	-33.6761
4.7053 	-33.6865
4.70768 	-33.6968
4.71006 	-33.7071
4.71244 	-33.7174
4.71482 	-33.7276
4.7172 	-33.7378
4.71958 	-33.7481
4.72196 	-33.7582
4.72434 	-33.7684
4.72672 	-33.7786
4.7291 	-33.7887
4.73148 	-33.7988
4.73386 	-33.8089
4.73624 	-33.8189
4.73862 	-33.8289
4.741 	-33.839
4.74338 	-33.8489
4.74576 	-33.8589
4.74814 	-33.8689
4.75052 	-33.8788
4.7529 	-33.8887
4.75528 	-33.8986
4.75766 	-33.9084
4.76004 	-33.9183
4.76242 	-33.9281
4.7648 	-33.9379
4.76718 	-33.9476
4.76956 	-33.9574
4.77194 	-33.9671
4.77432 	-33.9768
4.7767 	-33.9865
4.77908 	-33.9961
4.78146 	-34.0058
4.78384 	-34.0154
4.78622 	-34.025
4.7886 	-34.0346
4.79098 	-34.0441
4.79336 	-34.0536
4.79574 	-34.0631
4.79812 	-34.0726
4.8005 	-34.0821
4.80288 	-34.0915
4.80526 	-34.1009
4.80764 	-34.1103
4.81002 	-34.1197
4.8124 	-34.129
4.81478 	-34.1384
4.81716 	-34.1477
4.81954 	-34.157
4.82192 	-34.1662
4.8243 	-34.1755
4.82668 	-34.1847
4.82906 	-34.1939
4.83144 	-34.2031
4.83382 	-34.2122
4.8362 	-34.2214
4.83858 	-34.2305
4.84096 	-34.2395
4.84334 	-34.2486
4.84572 	-34.2577
4.8481 	-34.2667
4.85048 	-34.2757
4.85286 	-34.2847
4.85524 	-34.2936
4.85762 	-34.3026
4.86 	-34.3115
4.86238 	-34.3204
4.86476 	-34.3292
4.86714 	-34.3381
4.86952 	-34.3469
4.8719 	-34.3557
4.87428 	-34.3645
4.87666 	-34.3732
4.87904 	-34.382
4.88142 	-34.3907
4.8838 	-34.3994
4.88618 	-34.4081
4.88856 	-34.4167
4.89094 	-34.4253
4.89332 	-34.4339
4.8957 	-34.4425
4.89808 	-34.4511
4.90046 	-34.4596
4.90284 	-34.4682
4.90522 	-34.4767
4.9076 	-34.4851
4.90998 	-34.4936
4.91236 	-34.502
4.91474 	-34.5104
4.91712 	-34.5188
4.9195 	-34.5272
4.92188 	-34.5355
4.92426 	-34.5438
4.92664 	-34.5521
4.92902 	-34.5604
4.9314 	-34.5687
4.93378 	-34.5769
4.93616 	-34.5851
4.93854 	-34.5933
4.94092 	-34.6015
4.9433 	-34.6096
4.94568 	-34.6177
4.94806 	-34.6258
4.95044 	-34.6339
4.95282 	-34.642
4.9552 	-34.65
4.95758 	-34.658
4.95996 	-34.666
4.96234 	-34.674
4.96472 	-34.6819
4.9671 	-34.6899
4.96948 	-34.6978
4.97186 	-34.7057
4.97424 	-34.7135
4.97662 	-34.7214
4.979 	-34.7292
4.98138 	-34.737
4.98376 	-34.7447
4.98614 	-34.7525
4.98852 	-34.7602
4.9909 	-34.7679
4.99328 	-34.7756
4.99566 	-34.7833
4.99804 	-34.7909
5.00042 	-34.7985
5.0028 	-34.8061
5.00518 	-34.8137
5.00756 	-34.8212
5.00994 	-34.8288
5.01232 	-34.8363
5.0147 	-34.8437
5.01708 	-34.8512
5.01946 	-34.8586
5.02184 	-34.8661
5.02422 	-34.8735
5.0266 	-34.8808
5.02898 	-34.8882
5.03136 	-34.8955
5.03374 	-34.9028
5.03612 	-34.9101
5.0385 	-34.9173
5.04088 	-34.9246
5.04326 	-34.9318
5.04564 	-34.939
5.04802 	-34.9462
5.0504 	-34.9533
5.05278 	-34.9604
5.05516 	-34.9675
5.05754 	-34.9746
5.05992 	-34.9817
5.0623 	-34.9887
5.06468 	-34.9957
5.06706 	-35.0027
5.06944 	-35.0097
5.07182 	-35.0166
5.0742 	-35.0235
5.07658 	-35.0304
5.07896 	-35.0373
5.08134 	-35.0442
5.08372 	-35.051
5.0861 	-35.0578
5.08848 	-35.0646
5.09086 	-35.0713
5.09324 	-35.0781
5.09562 	-35.0848
5.098 	-35.0915
5.10038 	-35.0982
5.10276 	-35.1048
5.10514 	-35.1114
5.10752 	-35.118
5.1099 	-35.1246
5.11228 	-35.1312
5.11466 	-35.1377
5.11704 	-35.1442
5.11942 	-35.1507
5.1218 	-35.1572
5.12418 	-35.1636
5.12656 	-35.17
5.12894 	-35.1764
5.13132 	-35.1828
5.1337 	-35.1891
5.13608 	-35.1955
5.13846 	-35.2018
5.14084 	-35.208
5.14322 	-35.2143
5.1456 	-35.2205
5.14798 	-35.2267
5.15036 	-35.2329
5.15274 	-35.2391
5.15512 	-35.2452
5.1575 	-35.2513
5.15988 	-35.2574
5.16226 	-35.2635
5.16464 	-35.2695
5.16702 	-35.2756
5.1694 	-35.2815
5.17178 	-35.2875
5.17416 	-35.2935
5.17654 	-35.2994
5.17892 	-35.3053
5.1813 	-35.3112
5.18368 	-35.317
5.18606 	-35.3229
5.18844 	-35.3287
5.19082 	-35.3345
5.1932 	-35.3402
5.19558 	-35.3459
5.19796 	-35.3517
5.20034 	-35.3573
5.20272 	-35.363
5.2051 	-35.3686
5.20748 	-35.3743
5.20986 	-35.3799
5.21224 	-35.3854
5.21462 	-35.391
5.217 	-35.3965
5.21938 	-35.402
5.22176 	-35.4074
5.22414 	-35.4129
5.22652 	-35.4183
5.2289 	-35.4237
5.23128 	-35.4291
5.23366 	-35.4344
5.23604 	-35.4398
5.23842 	-35.4451
5.2408 	-35.4503
5.24318 	-35.4556
5.24556 	-35.4608
5.24794 	-35.466
5.25032 	-35.4712
5.2527 	-35.4763
5.25508 	-35.4815
5.25746 	-35.4866
5.25984 	-35.4916
5.26222 	-35.4967
5.2646 	-35.5017
5.26698 	-35.5067
5.26936 	-35.5117
5.27174 	-35.5166
5.27412 	-35.5216
5.2765 	-35.5265
5.27888 	-35.5314
5.28126 	-35.5362
5.28364 	-35.541
5.28602 	-35.5458
5.2884 	-35.5506
5.29078 	-35.5554
5.29316 	-35.5601
5.29554 	-35.5648
5.29792 	-35.5695
5.3003 	-35.5741
5.30268 	-35.5787
5.30506 	-35.5833
5.30744 	-35.5879
5.30982 	-35.5924
5.3122 	-35.597
5.31458 	-35.6015
5.31696 	-35.6059
5.31934 	-35.6104
5.32172 	-35.6148
5.3241 	-35.6192
5.32648 	-35.6235
5.32886 	-35.6279
5.33124 	-35.6322
5.33362 	-35.6365
5.336 	-35.6407
5.33838 	-35.645
5.34076 	-35.6492
5.34314 	-35.6534
5.34552 	-35.6575
5.3479 	-35.6616
5.35028 	-35.6657
5.35266 	-35.6698
5.35504 	-35.6739
5.35742 	-35.6779
5.3598 	-35.6819
5.36218 	-35.6859
5.36456 	-35.6898
5.36694 	-35.6937
5.36932 	-35.6976
5.3717 	-35.7015
5.37408 	-35.7053
5.37646 	-35.7091
5.37884 	-35.7129
5.38122 	-35.7166
5.3836 	-35.7204
5.38598 	-35.7241
5.38836 	-35.7277
5.39074 	-35.7314
5.39312 	-35.735
5.3955 	-35.7386
5.39788 	-35.7421
5.40026 	-35.7457
5.40264 	-35.7492
5.40502 	-35.7527
5.4074 	-35.7561
5.40978 	-35.7595
5.41216 	-35.7629
5.41454 	-35.7663
5.41692 	-35.7696
5.4193 	-35.7729
5.42168 	-35.7762
5.42406 	-35.7795
5.42644 	-35.7827
5.42882 	-35.7859
5.4312 	-35.7891
5.43358 	-35.7922
5.43596 	-35.7953
5.43834 	-35.7984
5.44072 	-35.8015
5.4431 	-35.8045
5.44548 	-35.8075
5.44786 	-35.8105
5.45024 	-35.8134
5.45262 	-35.8163
5.455 	-35.8192
5.45738 	-35.8221
5.45976 	-35.8249
5.46214 	-35.8277
5.46452 	-35.8305
5.4669 	-35.8332
5.46928 	-35.8359
5.47166 	-35.8386
5.47404 	-35.8412
5.47642 	-35.8439
5.4788 	-35.8465
5.48118 	-35.849
5.48356 	-35.8515
5.48594 	-35.8541
5.48832 	-35.8565
5.4907 	-35.859
5.49308 	-35.8614
5.49546 	-35.8638
5.49784 	-35.8661
5.50022 	-35.8684
5.5026 	-35.8707
5.50498 	-35.873
5.50736 	-35.8752
5.50974 	-35.8774
5.51212 	-35.8796
5.5145 	-35.8817
5.51688 	-35.8838
5.51926 	-35.8859
5.52164 	-35.888
5.52402 	-35.89
5.5264 	-35.892
5.52878 	-35.8939
5.53116 	-35.8959
5.53354 	-35.8978
5.53592 	-35.8996
5.5383 	-35.9015
5.54068 	-35.9033
5.54306 	-35.905
5.54544 	-35.9068
5.54782 	-35.9085
5.5502 	-35.9101
5.55258 	-35.9118
5.55496 	-35.9134
5.55734 	-35.915
5.55972 	-35.9165
5.5621 	-35.918
5.56448 	-35.9195
5.56686 	-35.921
5.56924 	-35.9224
5.57162 	-35.9238
5.574 	-35.9251
5.57638 	-35.9264
5.57876 	-35.9277
5.58114 	-35.929
5.58352 	-35.9302
5.5859 	-35.9314
5.58828 	-35.9326
5.59066 	-35.9337
5.59304 	-35.9348
5.59542 	-35.9358
5.5978 	-35.9369
5.60018 	-35.9379
5.60256 	-35.9388
5.60494 	-35.9397
5.60732 	-35.9406
5.6097 	-35.9415
5.61208 	-35.9423
5.61446 	-35.9431
5.61684 	-35.9439
5.61922 	-35.9446
5.6216 	-35.9453
5.62398 	-35.9459
5.62636 	-35.9466
5.62874 	-35.9471
5.63112 	-35.9477
5.6335 	-35.9482
5.63588 	-35.9487
5.63826 	-35.9492
5.64064 	-35.9496
5.64302 	-35.95
5.6454 	-35.9503
5.64778 	-35.9506
5.65016 	-35.9509
5.65254 	-35.9511
5.65492 	-35.9513
5.6573 	-35.9515
5.65968 	-35.9516
5.66206 	-35.9517
5.66444 	-35.9518
5.66682 	-35.9518
5.6692 	-35.9518
5.67158 	-35.9518
5.67396 	-35.9517
5.67634 	-35.9516
5.67872 	-35.9514
5.6811 	-35.9513
5.68348 	-35.951
5.68586 	-35.9508
5.68824 	-35.9505
5.69062 	-35.9501
5.693 	-35.9498
5.69538 	-35.9494
5.69776 	-35.9489
5.70014 	-35.9484
5.70252 	-35.9479
5.7049 	-35.9474
5.70728 	-35.9468
5.70966 	-35.9462
5.71204 	-35.9455
5.71442 	-35.9448
5.7168 	-35.9441
5.71918 	-35.9433
5.72156 	-35.9425
5.72394 	-35.9416
5.72632 	-35.9407
5.7287 	-35.9398
5.73108 	-35.9388
5.73346 	-35.9378
5.73584 	-35.9368
5.73822 	-35.9357
5.7406 	-35.9346
5.74298 	-35.9334
5.74536 	-35.9322
5.74774 	-35.931
5.75012 	-35.9297
5.7525 	-35.9284
5.75488 	-35.927
5.75726 	-35.9256
5.75964 	-35.9242
5.76202 	-35.9227
5.7644 	-35.9212
5.76678 	-35.9197
5.76916 	-35.9181
5.77154 	-35.9165
5.77392 	-35.9148
5.7763 	-35.9131
5.77868 	-35.9113
5.78106 	-35.9095
5.78344 	-35.9077
5.78582 	-35.9058
5.7882 	-35.9039
5.79058 	-35.902
5.79296 	-35.9
5.79534 	-35.898
5.79772 	-35.8959
5.8001 	-35.8938
5.80248 	-35.8916
5.80486 	-35.8894
5.80724 	-35.8872
5.80962 	-35.8849
5.812 	-35.8826
5.81438 	-35.8802
5.81676 	-35.8778
5.81914 	-35.8754
5.82152 	-35.8729
5.8239 	-35.8703
5.82628 	-35.8678
5.82866 	-35.8651
5.83104 	-35.8625
5.83342 	-35.8598
5.8358 	-35.857
5.83818 	-35.8543
5.84056 	-35.8514
5.84294 	-35.8486
5.84532 	-35.8456
5.8477 	-35.8427
5.85008 	-35.8397
5.85246 	-35.8366
5.85484 	-35.8336
5.85722 	-35.8304
5.8596 	-35.8272
5.86198 	-35.824
5.86436 	-35.8208
5.86674 	-35.8175
5.86912 	-35.8141
5.8715 	-35.8107
5.87388 	-35.8073
5.87626 	-35.8038
5.87864 	-35.8003
5.88102 	-35.7967
5.8834 	-35.7931
5.88578 	-35.7894
5.88816 	-35.7857
5.89054 	-35.7819
5.89292 	-35.7781
5.8953 	-35.7743
5.89768 	-35.7704
5.90006 	-35.7665
5.90244 	-35.7625
5.90482 	-35.7585
5.9072 	-35.7544
5.90958 	-35.7503
5.91196 	-35.7461
5.91434 	-35.7419
5.91672 	-35.7376
5.9191 	-35.7333
5.92148 	-35.729
5.92386 	-35.7246
5.92624 	-35.7201
5.92862 	-35.7156
5.931 	-35.7111
5.93338 	-35.7065
5.93576 	-35.7019
5.93814 	-35.6972
5.94052 	-35.6925
5.9429 	-35.6877
5.94528 	-35.6829
5.94766 	-35.678
5.95004 	-35.6731
5.95242 	-35.6681
5.9548 	-35.6631
5.95718 	-35.658
5.95956 	-35.6529
5.96194 	-35.6477
5.96432 	-35.6425
5.9667 	-35.6373
5.96908 	-35.632
5.97146 	-35.6266
5.97384 	-35.6212
5.97622 	-35.6157
5.9786 	-35.6102
5.98098 	-35.6047
5.98336 	-35.5991
5.98574 	-35.5934
5.98812 	-35.5877
5.9905 	-35.5819
5.99288 	-35.5761
5.99526 	-35.5703
5.99764 	-35.5644
6.00002 	-35.5584
6.0024 	-35.5524
6.00478 	-35.5463
6.00716 	-35.5402
6.00954 	-35.5341
6.01192 	-35.5278
6.0143 	-35.5216
6.01668 	-35.5153
6.01906 	-35.5089
6.02144 	-35.5025
6.02382 	-35.496
6.0262 	-35.4895
6.02858 	-35.4829
6.03096 	-35.4763
6.03334 	-35.4696
6.03572 	-35.4629
6.0381 	-35.4561
6.04048 	-35.4492
6.04286 	-35.4423
6.04524 	-35.4354
6.04762 	-35.4284
6.05 	-35.4213
6.05238 	-35.4142
6.05476 	-35.4071
6.05714 	-35.3999
6.05952 	-35.3926
6.0619 	-35.3853
6.06428 	-35.3779
6.06666 	-35.3705
6.06904 	-35.363
6.07142 	-35.3555
6.0738 	-35.3479
6.07618 	-35.3403
6.07856 	-35.3326
6.08094 	-35.3248
6.08332 	-35.317
6.0857 	-35.3091
6.08808 	-35.3012
6.09046 	-35.2932
6.09284 	-35.2852
6.09522 	-35.2771
6.0976 	-35.269
6.09998 	-35.2608
6.10236 	-35.2525
6.10474 	-35.2442
6.10712 	-35.2359
6.1095 	-35.2274
6.11188 	-35.219
6.11426 	-35.2104
6.11664 	-35.2018
6.11902 	-35.1932
6.1214 	-35.1845
6.12378 	-35.1757
6.12616 	-35.1669
6.12854 	-35.158
6.13092 	-35.1491
6.1333 	-35.1401
6.13568 	-35.1311
6.13806 	-35.122
6.14044 	-35.1128
6.14282 	-35.1036
6.1452 	-35.0943
6.14758 	-35.085
6.14996 	-35.0756
6.15234 	-35.0661
6.15472 	-35.0566
6.1571 	-35.047
6.15948 	-35.0374
6.16186 	-35.0277
6.16424 	-35.018
6.16662 	-35.0082
6.169 	-34.9983
6.17138 	-34.9884
6.17376 	-34.9784
6.17614 	-34.9683
6.17852 	-34.9582
6.1809 	-34.9481
6.18328 	-34.9378
6.18566 	-34.9276
6.18804 	-34.9172
6.19042 	-34.9068
6.1928 	-34.8963
6.19518 	-34.8858
6.19756 	-34.8752
6.19994 	-34.8646
6.20232 	-34.8539
6.2047 	-34.8431
6.20708 	-34.8322
6.20946 	-34.8214
6.21184 	-34.8104
6.21422 	-34.7994
6.2166 	-34.7883
6.21898 	-34.7772
6.22136 	-34.766
6.22374 	-34.7547
6.22612 	-34.7434
6.2285 	-34.732
6.23088 	-34.7205
6.23326 	-34.709
6.23564 	-34.6974
6.23802 	-34.6858
6.2404 	-34.6741
6.24278 	-34.6623
6.24516 	-34.6505
6.24754 	-34.6386
6.24992 	-34.6266
6.2523 	-34.6146
6.25468 	-34.6025
6.25706 	-34.5904
6.25944 	-34.5782
6.26182 	-34.5659
6.2642 	-34.5536
6.26658 	-34.5412
6.26896 	-34.5287
6.27134 	-34.5162
6.27372 	-34.5036
6.2761 	-34.4909
6.27848 	-34.4782
6.28086 	-34.4654
6.28324 	-34.4526
6.28562 	-34.4396
6.288 	-34.4267
6.29038 	-34.4136
6.29276 	-34.4005
6.29514 	-34.3873
6.29752 	-34.3741
6.2999 	-34.3607
6.30228 	-34.3474
6.30466 	-34.3339
6.30704 	-34.3204
6.30942 	-34.3068
6.3118 	-34.2932
6.31418 	-34.2795
6.31656 	-34.2657
6.31894 	-34.2519
6.32132 	-34.238
6.3237 	-34.224
6.32608 	-34.2099
6.32846 	-34.1958
6.33084 	-34.1817
6.33322 	-34.1674
6.3356 	-34.1531
6.33798 	-34.1387
6.34036 	-34.1243
6.34274 	-34.1098
6.34512 	-34.0952
6.3475 	-34.0806
6.34988 	-34.0658
6.35226 	-34.0511
6.35464 	-34.0362
6.35702 	-34.0213
6.3594 	-34.0063
6.36178 	-33.9912
6.36416 	-33.9761
6.36654 	-33.9609
6.36892 	-33.9457
6.3713 	-33.9303
6.37368 	-33.9149
6.37606 	-33.8995
6.37844 	-33.8839
6.38082 	-33.8683
6.3832 	-33.8526
6.38558 	-33.8369
6.38796 	-33.8211
6.39034 	-33.8052
6.39272 	-33.7892
6.3951 	-33.7732
6.39748 	-33.7571
6.39986 	-33.741
6.40224 	-33.7247
6.40462 	-33.7084
6.407 	-33.6921
6.40938 	-33.6756
6.41176 	-33.6591
6.41414 	-33.6425
6.41652 	-33.6259
6.4189 	-33.6092
6.42128 	-33.5924
6.42366 	-33.5755
6.42604 	-33.5586
6.42842 	-33.5416
6.4308 	-33.5245
6.43318 	-33.5073
6.43556 	-33.4901
6.43794 	-33.4728
6.44032 	-33.4555
6.4427 	-33.438
6.44508 	-33.4205
6.44746 	-33.403
6.44984 	-33.3853
6.45222 	-33.3676
6.4546 	-33.3498
6.45698 	-33.3319
6.45936 	-33.314
6.46174 	-33.296
6.46412 	-33.2779
6.4665 	-33.2598
6.46888 	-33.2416
6.47126 	-33.2233
6.47364 	-33.2049
6.47602 	-33.1865
6.4784 	-33.168
6.48078 	-33.1494
6.48316 	-33.1307
6.48554 	-33.112
6.48792 	-33.0932
6.4903 	-33.0743
6.49268 	-33.0554
6.49506 	-33.0364
6.49744 	-33.0173
6.49982 	-32.9981
6.5022 	-32.9789
6.50458 	-32.9596
6.50696 	-32.9402
6.50934 	-32.9207
6.51172 	-32.9012
6.5141 	-32.8816
6.51648 	-32.8619
6.51886 	-32.8422
6.52124 	-32.8224
6.52362 	-32.8025
6.526 	-32.7825
6.52838 	-32.7625
6.53076 	-32.7423
6.53314 	-32.7222
6.53552 	-32.7019
6.5379 	-32.6816
6.54028 	-32.6612
6.54266 	-32.6407
6.54504 	-32.6201
6.54742 	-32.5995
6.5498 	-32.5788
6.55218 	-32.558
6.55456 	-32.5372
6.55694 	-32.5162
6.55932 	-32.4952
6.5617 	-32.4742
6.56408 	-32.453
6.56646 	-32.4318
6.56884 	-32.4105
6.57122 	-32.3891
6.5736 	-32.3677
6.57598 	-32.3462
6.57836 	-32.3246
6.58074 	-32.3029
6.58312 	-32.2812
6.5855 	-32.2594
6.58788 	-32.2375
6.59026 	-32.2155
6.59264 	-32.1935
6.59502 	-32.1714
6.5974 	-32.1492
6.59978 	-32.1269
6.60216 	-32.1046
6.60454 	-32.0822
6.60692 	-32.0597
6.6093 	-32.0371
6.61168 	-32.0145
6.61406 	-31.9918
6.61644 	-31.969
6.61882 	-31.9462
6.6212 	-31.9232
6.62358 	-31.9002
6.62596 	-31.8771
6.62834 	-31.854
6.63072 	-31.8308
6.6331 	-31.8075
6.63548 	-31.7841
6.63786 	-31.7606
6.64024 	-31.7371
6.64262 	-31.7135
6.645 	-31.6898
6.64738 	-31.6661
6.64976 	-31.6422
6.65214 	-31.6184
6.65452 	-31.5944
6.6569 	-31.5703
6.65928 	-31.5462
6.66166 	-31.522
6.66404 	-31.4977
6.66642 	-31.4734
6.6688 	-31.449
6.67118 	-31.4245
6.67356 	-31.3999
6.67594 	-31.3753
6.67832 	-31.3505
6.6807 	-31.3258
6.68308 	-31.3009
6.68546 	-31.2759
6.68784 	-31.2509
6.69022 	-31.2258
6.6926 	-31.2007
6.69498 	-31.1754
6.69736 	-31.1501
6.69974 	-31.1247
6.70212 	-31.0993
6.7045 	-31.0738
6.70688 	-31.0481
6.70926 	-31.0225
6.71164 	-30.9967
6.71402 	-30.9709
6.7164 	-30.945
6.71878 	-30.919
6.72116 	-30.8929
6.72354 	-30.8668
6.72592 	-30.8406
6.7283 	-30.8143
6.73068 	-30.788
6.73306 	-30.7616
6.73544 	-30.7351
6.73782 	-30.7085
6.7402 	-30.6819
6.74258 	-30.6552
6.74496 	-30.6284
6.74734 	-30.6015
6.74972 	-30.5746
6.7521 	-30.5476
6.75448 	-30.5205
6.75686 	-30.4933
6.75924 	-30.4661
6.76162 	-30.4388
6.764 	-30.4114
6.76638 	-30.384
6.76876 	-30.3565
6.77114 	-30.3289
6.77352 	-30.3012
6.7759 	-30.2735
6.77828 	-30.2457
6.78066 	-30.2178
6.78304 	-30.1898
6.78542 	-30.1618
6.7878 	-30.1337
6.79018 	-30.1056
6.79256 	-30.0773
6.79494 	-30.049
6.79732 	-30.0206
6.7997 	-29.9922
6.80208 	-29.9636
6.80446 	-29.935
6.80684 	-29.9064
6.80922 	-29.8776
6.8116 	-29.8488
6.81398 	-29.8199
6.81636 	-29.791
6.81874 	-29.7619
6.82112 	-29.7328
6.8235 	-29.7037
6.82588 	-29.6744
6.82826 	-29.6451
6.83064 	-29.6157
6.83302 	-29.5863
6.8354 	-29.5567
6.83778 	-29.5271
6.84016 	-29.4975
6.84254 	-29.4677
6.84492 	-29.4379
6.8473 	-29.4081
6.84968 	-29.3781
6.85206 	-29.3481
6.85444 	-29.318
6.85682 	-29.2879
6.8592 	-29.2577
6.86158 	-29.2274
6.86396 	-29.197
6.86634 	-29.1666
6.86872 	-29.1361
6.8711 	-29.1055
6.87348 	-29.0749
6.87586 	-29.0442
6.87824 	-29.0134
6.88062 	-28.9826
6.883 	-28.9516
6.88538 	-28.9207
6.88776 	-28.8896
6.89014 	-28.8585
6.89252 	-28.8273
6.8949 	-28.7961
6.89728 	-28.7648
6.89966 	-28.7334
6.90204 	-28.7019
6.90442 	-28.6704
6.9068 	-28.6388
6.90918 	-28.6072
6.91156 	-28.5755
6.91394 	-28.5437
6.91632 	-28.5118
6.9187 	-28.4799
6.92108 	-28.448
6.92346 	-28.4159
6.92584 	-28.3838
6.92822 	-28.3516
6.9306 	-28.3194
6.93298 	-28.2871
6.93536 	-28.2547
6.93774 	-28.2223
6.94012 	-28.1898
6.9425 	-28.1572
6.94488 	-28.1246
6.94726 	-28.0919
6.94964 	-28.0591
6.95202 	-28.0263
6.9544 	-27.9934
6.95678 	-27.9604
6.95916 	-27.9274
6.96154 	-27.8944
6.96392 	-27.8612
6.9663 	-27.828
6.96868 	-27.7947
6.97106 	-27.7614
6.97344 	-27.728
6.97582 	-27.6946
6.9782 	-27.6611
6.98058 	-27.6275
6.98296 	-27.5938
6.98534 	-27.5601
6.98772 	-27.5264
6.9901 	-27.4926
6.99248 	-27.4587
6.99486 	-27.4247
6.99724 	-27.3907
6.99962 	-27.3567
7.002 	-27.3225
7.00438 	-27.2884
7.00676 	-27.2541
7.00914 	-27.2198
7.01152 	-27.1855
7.0139 	-27.151
7.01628 	-27.1166
7.01866 	-27.082
7.02104 	-27.0474
7.02342 	-27.0128
7.0258 	-26.978
7.02818 	-26.9433
7.03056 	-26.9084
7.03294 	-26.8736
7.03532 	-26.8386
7.0377 	-26.8036
7.04008 	-26.7686
7.04246 	-26.7334
7.04484 	-26.6983
7.04722 	-26.663
7.0496 	-26.6278
7.05198 	-26.5924
7.05436 	-26.557
7.05674 	-26.5216
7.05912 	-26.4861
7.0615 	-26.4505
7.06388 	-26.4149
7.06626 	-26.3792
7.06864 	-26.3435
7.07102 	-26.3077
7.0734 	-26.2719
7.07578 	-26.236
7.07816 	-26.2001
7.08054 	-26.1641
7.08292 	-26.128
7.0853 	-26.0919
7.08768 	-26.0558
7.09006 	-26.0196
7.09244 	-25.9833
7.09482 	-25.947
7.0972 	-25.9107
7.09958 	-25.8742
7.10196 	-25.8378
7.10434 	-25.8013
7.10672 	-25.7647
7.1091 	-25.7281
7.11148 	-25.6914
7.11386 	-25.6547
7.11624 	-25.618
7.11862 	-25.5812
7.121 	-25.5443
7.12338 	-25.5074
7.12576 	-25.4704
7.12814 	-25.4334
7.13052 	-25.3964
7.1329 	-25.3593
7.13528 	-25.3221
7.13766 	-25.2849
7.14004 	-25.2477
7.14242 	-25.2104
7.1448 	-25.1731
7.14718 	-25.1357
7.14956 	-25.0983
7.15194 	-25.0608
7.15432 	-25.0233
7.1567 	-24.9857
7.15908 	-24.9481
7.16146 	-24.9104
7.16384 	-24.8727
7.16622 	-24.835
7.1686 	-24.7972
7.17098 	-24.7594
7.17336 	-24.7215
7.17574 	-24.6836
7.17812 	-24.6456
7.1805 	-24.6076
7.18288 	-24.5696
7.18526 	-24.5315
7.18764 	-24.4934
7.19002 	-24.4552
7.1924 	-24.417
7.19478 	-24.3787
7.19716 	-24.3404
7.19954 	-24.3021
7.20192 	-24.2637
7.2043 	-24.2253
7.20668 	-24.1869
7.20906 	-24.1484
7.21144 	-24.1099
7.21382 	-24.0713
7.2162 	-24.0327
7.21858 	-23.994
7.22096 	-23.9553
7.22334 	-23.9166
7.22572 	-23.8779
7.2281 	-23.8391
7.23048 	-23.8002
7.23286 	-23.7614
7.23524 	-23.7225
7.23762 	-23.6835
7.24 	-23.6446
7.24238 	-23.6055
7.24476 	-23.5665
7.24714 	-23.5274
7.24952 	-23.4883
7.2519 	-23.4492
7.25428 	-23.41
7.25666 	-23.3708
7.25904 	-23.3315
7.26142 	-23.2922
7.2638 	-23.2529
7.26618 	-23.2136
7.26856 	-23.1742
7.27094 	-23.1348
7.27332 	-23.0953
7.2757 	-23.0559
7.27808 	-23.0164
7.28046 	-22.9768
7.28284 	-22.9373
7.28522 	-22.8977
7.2876 	-22.858
7.28998 	-22.8184
7.29236 	-22.7787
7.29474 	-22.739
7.29712 	-22.6993
7.2995 	-22.6595
7.30188 	-22.6197
7.30426 	-22.5799
7.30664 	-22.54
7.30902 	-22.5001
7.3114 	-22.4602
7.31378 	-22.4203
7.31616 	-22.3804
7.31854 	-22.3404
7.32092 	-22.3004
7.3233 	-22.2603
7.32568 	-22.2203
7.32806 	-22.1802
7.33044 	-22.1401
7.33282 	-22.1
7.3352 	-22.0598
7.33758 	-22.0196
7.33996 	-21.9795
7.34234 	-21.9392
7.34472 	-21.899
7.3471 	-21.8587
7.34948 	-21.8184
7.35186 	-21.7781
7.35424 	-21.7378
7.35662 	-21.6975
7.359 	-21.6571
7.36138 	-21.6167
7.36376 	-21.5763
7.36614 	-21.5359
7.36852 	-21.4954
7.3709 	-21.455
7.37328 	-21.4145
7.37566 	-21.374
7.37804 	-21.3335
7.38042 	-21.2929
7.3828 	-21.2524
7.38518 	-21.2118
7.38756 	-21.1712
7.38994 	-21.1306
7.39232 	-21.09
7.3947 	-21.0493
7.39708 	-21.0087
7.39946 	-20.968
7.40184 	-20.9274
7.40422 	-20.8867
7.4066 	-20.846
7.40898 	-20.8052
7.41136 	-20.7645
7.41374 	-20.7237
7.41612 	-20.683
7.4185 	-20.6422
7.42088 	-20.6014
7.42326 	-20.5606
7.42564 	-20.5198
7.42802 	-20.479
7.4304 	-20.4382
7.43278 	-20.3973
7.43516 	-20.3565
7.43754 	-20.3156
7.43992 	-20.2748
7.4423 	-20.2339
7.44468 	-20.193
7.44706 	-20.1521
7.44944 	-20.1112
7.45182 	-20.0703
7.4542 	-20.0294
7.45658 	-19.9884
7.45896 	-19.9475
7.46134 	-19.9066
7.46372 	-19.8656
7.4661 	-19.8247
7.46848 	-19.7837
7.47086 	-19.7427
7.47324 	-19.7018
7.47562 	-19.6608
7.478 	-19.6198
7.48038 	-19.5788
7.48276 	-19.5378
7.48514 	-19.4969
7.48752 	-19.4559
7.4899 	-19.4149
7.49228 	-19.3739
7.49466 	-19.3329
7.49704 	-19.2919
7.49942 	-19.2509
7.5018 	-19.2099
7.50418 	-19.1689
7.50656 	-19.1278
7.50894 	-19.0868
7.51132 	-19.0458
7.5137 	-19.0048
7.51608 	-18.9638
7.51846 	-18.9228
7.52084 	-18.8818
7.52322 	-18.8408
7.5256 	-18.7998
7.52798 	-18.7588
7.53036 	-18.7178
7.53274 	-18.6768
7.53512 	-18.6358
7.5375 	-18.5949
7.53988 	-18.5539
7.54226 	-18.5129
7.54464 	-18.4719
7.54702 	-18.431
7.5494 	-18.39
7.55178 	-18.349
7.55416 	-18.3081
7.55654 	-18.2671
7.55892 	-18.2262
7.5613 	-18.1853
7.56368 	-18.1443
7.56606 	-18.1034
7.56844 	-18.0625
7.57082 	-18.0216
7.5732 	-17.9807
7.57558 	-17.9398
7.57796 	-17.899
7.58034 	-17.8581
7.58272 	-17.8172
7.5851 	-17.7764
7.58748 	-17.7355
7.58986 	-17.6947
7.59224 	-17.6539
7.59462 	-17.6131
7.597 	-17.5723
7.59938 	-17.5315
7.60176 	-17.4907
7.60414 	-17.45
7.60652 	-17.4092
7.6089 	-17.3685
7.61128 	-17.3277
7.61366 	-17.287
7.61604 	-17.2463
7.61842 	-17.2057
7.6208 	-17.165
7.62318 	-17.1243
7.62556 	-17.0837
7.62794 	-17.0431
7.63032 	-17.0025
7.6327 	-16.9619
7.63508 	-16.9213
7.63746 	-16.8807
7.63984 	-16.8402
7.64222 	-16.7997
7.6446 	-16.7591
7.64698 	-16.7186
7.64936 	-16.6782
7.65174 	-16.6377
7.65412 	-16.5973
7.6565 	-16.5568
7.65888 	-16.5164
7.66126 	-16.4761
7.66364 	-16.4357
7.66602 	-16.3954
7.6684 	-16.355
7.67078 	-16.3147
7.67316 	-16.2744
7.67554 	-16.2342
7.67792 	-16.1939
7.6803 	-16.1537
7.68268 	-16.1135
7.68506 	-16.0733
7.68744 	-16.0332
7.68982 	-15.993
7.6922 	-15.9529
7.69458 	-15.9129
7.69696 	-15.8728
7.69934 	-15.8327
7.70172 	-15.7927
7.7041 	-15.7527
7.70648 	-15.7128
7.70886 	-15.6728
7.71124 	-15.6329
7.71362 	-15.593
7.716 	-15.5531
7.71838 	-15.5133
7.72076 	-15.4735
7.72314 	-15.4337
7.72552 	-15.3939
7.7279 	-15.3542
7.73028 	-15.3145
7.73266 	-15.2748
7.73504 	-15.2352
7.73742 	-15.1955
7.7398 	-15.1559
7.74218 	-15.1164
7.74456 	-15.0768
7.74694 	-15.0373
7.74932 	-14.9978
7.7517 	-14.9584
7.75408 	-14.9189
7.75646 	-14.8795
7.75884 	-14.8402
7.76122 	-14.8008
7.7636 	-14.7615
7.76598 	-14.7223
7.76836 	-14.683
7.77074 	-14.6438
7.77312 	-14.6046
7.7755 	-14.5655
7.77788 	-14.5264
7.78026 	-14.4873
7.78264 	-14.4482
7.78502 	-14.4092
7.7874 	-14.3702
7.78978 	-14.3313
7.79216 	-14.2924
7.79454 	-14.2535
7.79692 	-14.2146
7.7993 	-14.1758
7.80168 	-14.137
7.80406 	-14.0983
7.80644 	-14.0596
7.80882 	-14.0209
7.8112 	-13.9822
7.81358 	-13.9436
7.81596 	-13.9051
7.81834 	-13.8665
7.82072 	-13.828
7.8231 	-13.7896
7.82548 	-13.7511
7.82786 	-13.7128
7.83024 	-13.6744
7.83262 	-13.6361
7.835 	-13.5978
7.83738 	-13.5596
7.83976 	-13.5214
7.84214 	-13.4832
7.84452 	-13.4451
7.8469 	-13.407
7.84928 	-13.369
7.85166 	-13.3309
7.85404 	-13.293
7.85642 	-13.2551
7.8588 	-13.2172
7.86118 	-13.1793
7.86356 	-13.1415
7.86594 	-13.1037
7.86832 	-13.066
7.8707 	-13.0283
7.87308 	-12.9907
7.87546 	-12.9531
7.87784 	-12.9155
7.88022 	-12.878
7.8826 	-12.8405
7.88498 	-12.8031
7.88736 	-12.7657
7.88974 	-12.7283
7.89212 	-12.691
7.8945 	-12.6538
7.89688 	-12.6165
7.89926 	-12.5793
7.90164 	-12.5422
7.90402 	-12.5051
7.9064 	-12.4681
7.90878 	-12.4311
7.91116 	-12.3941
7.91354 	-12.3572
7.91592 	-12.3203
7.9183 	-12.2835
7.92068 	-12.2467
7.92306 	-12.2099
7.92544 	-12.1732
7.92782 	-12.1366
7.9302 	-12.1
7.93258 	-12.0634
7.93496 	-12.0269
7.93734 	-11.9905
7.93972 	-11.954
7.9421 	-11.9177
7.94448 	-11.8813
7.94686 	-11.8451
7.94924 	-11.8088
7.95162 	-11.7726
7.954 	-11.7365
7.95638 	-11.7004
7.95876 	-11.6644
7.96114 	-11.6284
7.96352 	-11.5924
7.9659 	-11.5565
7.96828 	-11.5207
7.97066 	-11.4849
7.97304 	-11.4491
7.97542 	-11.4134
7.9778 	-11.3777
7.98018 	-11.3421
7.98256 	-11.3066
7.98494 	-11.2711
7.98732 	-11.2356
7.9897 	-11.2002
7.99208 	-11.1648
7.99446 	-11.1295
7.99684 	-11.0942
7.99922 	-11.059
8.0016 	-11.0239
8.00398 	-10.9888
8.00636 	-10.9537
8.00874 	-10.9187
8.01112 	-10.8837
8.0135 	-10.8488
8.01588 	-10.814
8.01826 	-10.7792
8.02064 	-10.7444
8.02302 	-10.7097
8.0254 	-10.6751
8.02778 	-10.6405
8.03016 	-10.6059
8.03254 	-10.5714
8.03492 	-10.537
8.0373 	-10.5026
8.03968 	-10.4682
8.04206 	-10.4339
8.04444 	-10.3997
8.04682 	-10.3655
8.0492 	-10.3314
8.05158 	-10.2973
8.05396 	-10.2633
8.05634 	-10.2293
8.05872 	-10.1954
8.0611 	-10.1616
8.06348 	-10.1278
8.06586 	-10.094
8.06824 	-10.0603
8.07062 	-10.0267
8.073 	-9.99306
8.07538 	-9.95952
8.07776 	-9.92603
8.08014 	-9.8926
8.08252 	-9.85923
8.0849 	-9.82591
8.08728 	-9.79264
8.08966 	-9.75943
8.09204 	-9.72627
8.09442 	-9.69317
8.0968 	-9.66012
8.09918 	-9.62713
8.10156 	-9.5942
8.10394 	-9.56132
8.10632 	-9.52849
8.1087 	-9.49572
8.11108 	-9.46301
8.11346 	-9.43035
8.11584 	-9.39774
8.11822 	-9.3652
8.1206 	-9.33271
8.12298 	-9.30027
8.12536 	-9.26789
8.12774 	-9.23557
8.13012 	-9.2033
8.1325 	-9.17109
8.13488 	-9.13894
8.13726 	-9.10684
8.13964 	-9.0748
8.14202 	-9.04282
8.1444 	-9.01089
8.14678 	-8.97902
8.14916 	-8.94721
8.15154 	-8.91545
8.15392 	-8.88376
8.1563 	-8.85211
8.15868 	-8.82053
8.16106 	-8.789
8.16344 	-8.75753
8.16582 	-8.72612
8.1682 	-8.69477
8.17058 	-8.66347
8.17296 	-8.63223
8.17534 	-8.60105
8.17772 	-8.56992
8.1801 	-8.53886
8.18248 	-8.50785
8.18486 	-8.4769
8.18724 	-8.446
8.18962 	-8.41517
8.192 	-8.38439
8.19438 	-8.35367
8.19676 	-8.32301
8.19914 	-8.29241
8.20152 	-8.26187
8.2039 	-8.23138
8.20628 	-8.20096
8.20866 	-8.17059
8.21104 	-8.14028
8.21342 	-8.11003
8.2158 	-8.07983
8.21818 	-8.0497
8.22056 	-8.01963
8.22294 	-7.98961
8.22532 	-7.95965
8.2277 	-7.92975
8.23008 	-7.89991
8.23246 	-7.87013
8.23484 	-7.84041
8.23722 	-7.81074
8.2396 	-7.78114
8.24198 	-7.7516
8.24436 	-7.72211
8.24674 	-7.69268
8.24912 	-7.66331
8.2515 	-7.634
8.25388 	-7.60476
8.25626 	-7.57556
8.25864 	-7.54643
8.26102 	-7.51736
8.2634 	-7.48835
8.26578 	-7.4594
8.26816 	-7.4305
8.27054 	-7.40167
8.27292 	-7.37289
8.2753 	-7.34418
8.27768 	-7.31552
8.28006 	-7.28692
8.28244 	-7.25839
8.28482 	-7.22991
8.2872 	-7.20149
8.28958 	-7.17313
8.29196 	-7.14483
8.29434 	-7.11659
8.29672 	-7.08841
8.2991 	-7.06029
8.30148 	-7.03223
8.30386 	-7.00423
8.30624 	-6.97629
8.30862 	-6.94841
8.311 	-6.92059
8.31338 	-6.89282
8.31576 	-6.86512
8.31814 	-6.83748
8.32052 	-6.8099
8.3229 	-6.78237
8.32528 	-6.75491
8.32766 	-6.7275
8.33004 	-6.70016
8.33242 	-6.67287
8.3348 	-6.64565
8.33718 	-6.61848
8.33956 	-6.59138
8.34194 	-6.56433
8.34432 	-6.53735
8.3467 	-6.51042
8.34908 	-6.48355
8.35146 	-6.45675
8.35384 	-6.43
8.35622 	-6.40331
8.3586 	-6.37668
8.36098 	-6.35011
8.36336 	-6.3236
8.36574 	-6.29716
8.36812 	-6.27077
8.3705 	-6.24444
8.37288 	-6.21817
8.37526 	-6.19195
8.37764 	-6.1658
8.38002 	-6.13971
8.3824 	-6.11368
8.38478 	-6.08771
8.38716 	-6.06179
8.38954 	-6.03594
8.39192 	-6.01015
8.3943 	-5.98441
8.39668 	-5.95874
8.39906 	-5.93312
8.40144 	-5.90757
8.40382 	-5.88207
8.4062 	-5.85663
8.40858 	-5.83125
8.41096 	-5.80594
8.41334 	-5.78068
8.41572 	-5.75548
8.4181 	-5.73034
8.42048 	-5.70525
8.42286 	-5.68023
8.42524 	-5.65527
8.42762 	-5.63036
8.43 	-5.60552
8.43238 	-5.58073
8.43476 	-5.55601
8.43714 	-5.53134
8.43952 	-5.50673
8.4419 	-5.48218
8.44428 	-5.45769
8.44666 	-5.43326
8.44904 	-5.40888
8.45142 	-5.38457
8.4538 	-5.36031
8.45618 	-5.33612
8.45856 	-5.31198
8.46094 	-5.2879
8.46332 	-5.26388
8.4657 	-5.23992
8.46808 	-5.21601
8.47046 	-5.19217
8.47284 	-5.16838
8.47522 	-5.14465
8.4776 	-5.12098
8.47998 	-5.09737
8.48236 	-5.07382
8.48474 	-5.05032
8.48712 	-5.02689
8.4895 	-5.00351
8.49188 	-4.98019
8.49426 	-4.95693
8.49664 	-4.93372
8.49902 	-4.91058
8.5014 	-4.88749
8.50378 	-4.86446
8.50616 	-4.84149
8.50854 	-4.81857
8.51092 	-4.79572
8.5133 	-4.77292
8.51568 	-4.75018
8.51806 	-4.72749
8.52044 	-4.70487
8.52282 	-4.6823
8.5252 	-4.65979
8.52758 	-4.63733
8.52996 	-4.61494
8.53234 	-4.5926
8.53472 	-4.57032
8.5371 	-4.54809
8.53948 	-4.52592
8.54186 	-4.50381
8.54424 	-4.48176
8.54662 	-4.45976
8.549 	-4.43782
8.55138 	-4.41594
8.55376 	-4.39411
8.55614 	-4.37235
8.55852 	-4.35063
8.5609 	-4.32898
8.56328 	-4.30738
8.56566 	-4.28584
8.56804 	-4.26435
8.57042 	-4.24292
8.5728 	-4.22155
8.57518 	-4.20023
8.57756 	-4.17897
8.57994 	-4.15776
8.58232 	-4.13661
8.5847 	-4.11552
8.58708 	-4.09448
8.58946 	-4.0735
8.59184 	-4.05258
8.59422 	-4.03171
8.5966 	-4.01089
8.59898 	-3.99013
8.60136 	-3.96943
8.60374 	-3.94878
8.60612 	-3.92819
8.6085 	-3.90766
8.61088 	-3.88717
8.61326 	-3.86675
8.61564 	-3.84638
8.61802 	-3.82606
8.6204 	-3.8058
8.62278 	-3.78559
8.62516 	-3.76544
8.62754 	-3.74535
8.62992 	-3.7253
8.6323 	-3.70532
8.63468 	-3.68538
8.63706 	-3.66551
8.63944 	-3.64568
8.64182 	-3.62591
8.6442 	-3.6062
8.64658 	-3.58654
8.64896 	-3.56693
8.65134 	-3.54738
8.65372 	-3.52788
8.6561 	-3.50843
8.65848 	-3.48904
8.66086 	-3.4697
8.66324 	-3.45042
8.66562 	-3.43119
8.668 	-3.41201
8.67038 	-3.39289
8.67276 	-3.37382
8.67514 	-3.3548
8.67752 	-3.33584
8.6799 	-3.31693
8.68228 	-3.29807
8.68466 	-3.27927
8.68704 	-3.26052
8.68942 	-3.24182
8.6918 	-3.22317
8.69418 	-3.20458
8.69656 	-3.18604
8.69894 	-3.16755
8.70132 	-3.14911
8.7037 	-3.13073
8.70608 	-3.1124
8.70846 	-3.09412
8.71084 	-3.07589
8.71322 	-3.05772
8.7156 	-3.03959
8.71798 	-3.02152
8.72036 	-3.0035
8.72274 	-2.98554
8.72512 	-2.96762
8.7275 	-2.94975
8.72988 	-2.93194
8.73226 	-2.91418
8.73464 	-2.89647
8.73702 	-2.87881
8.7394 	-2.8612
8.74178 	-2.84364
8.74416 	-2.82614
8.74654 	-2.80868
8.74892 	-2.79127
8.7513 	-2.77392
8.75368 	-2.75661
8.75606 	-2.73936
8.75844 	-2.72216
8.76082 	-2.70501
8.7632 	-2.6879
8.76558 	-2.67085
8.76796 	-2.65385
8.77034 	-2.63689
8.77272 	-2.61999
8.7751 	-2.60314
8.77748 	-2.58634
8.77986 	-2.56958
8.78224 	-2.55288
8.78462 	-2.53622
8.787 	-2.51962
8.78938 	-2.50306
8.79176 	-2.48655
8.79414 	-2.4701
8.79652 	-2.45369
8.7989 	-2.43733
8.80128 	-2.42101
8.80366 	-2.40475
8.80604 	-2.38854
8.80842 	-2.37237
8.8108 	-2.35625
8.81318 	-2.34019
8.81556 	-2.32417
8.81794 	-2.30819
8.82032 	-2.29227
8.8227 	-2.27639
8.82508 	-2.26056
8.82746 	-2.24478
8.82984 	-2.22905
8.83222 	-2.21336
8.8346 	-2.19773
8.83698 	-2.18214
8.83936 	-2.16659
8.84174 	-2.1511
8.84412 	-2.13565
8.8465 	-2.12025
8.84888 	-2.10489
8.85126 	-2.08958
8.85364 	-2.07432
8.85602 	-2.05911
8.8584 	-2.04394
8.86078 	-2.02882
8.86316 	-2.01374
8.86554 	-1.99872
8.86792 	-1.98373
8.8703 	-1.9688
8.87268 	-1.95391
8.87506 	-1.93906
8.87744 	-1.92426
8.87982 	-1.90951
8.8822 	-1.8948
8.88458 	-1.88014
8.88696 	-1.86553
8.88934 	-1.85096
8.89172 	-1.83643
8.8941 	-1.82195
8.89648 	-1.80752
8.89886 	-1.79313
8.90124 	-1.77878
8.90362 	-1.76448
8.906 	-1.75023
8.90838 	-1.73602
8.91076 	-1.72185
8.91314 	-1.70773
8.91552 	-1.69365
8.9179 	-1.67962
8.92028 	-1.66563
8.92266 	-1.65168
8.92504 	-1.63778
8.92742 	-1.62392
8.9298 	-1.61011
8.93218 	-1.59634
8.93456 	-1.58261
8.93694 	-1.56893
8.93932 	-1.55529
8.9417 	-1.5417
8.94408 	-1.52814
8.94646 	-1.51463
8.94884 	-1.50117
8.95122 	-1.48774
8.9536 	-1.47436
8.95598 	-1.46103
8.95836 	-1.44773
8.96074 	-1.43448
8.96312 	-1.42127
8.9655 	-1.4081
8.96788 	-1.39497
8.97026 	-1.38189
8.97264 	-1.36885
8.97502 	-1.35585
8.9774 	-1.34289
8.97978 	-1.32998
8.98216 	-1.3171
8.98454 	-1.30427
8.98692 	-1.29148
8.9893 	-1.27873
8.99168 	-1.26602
8.99406 	-1.25335
8.99644 	-1.24073
8.99882 	-1.22814
9.0012 	-1.2156
9.00358 	-1.20309
9.00596 	-1.19063
9.00834 	-1.17821
9.01072 	-1.16583
9.0131 	-1.15349
9.01548 	-1.14119
9.01786 	-1.12893
9.02024 	-1.11671
9.02262 	-1.10453
9.025 	-1.09239
9.02738 	-1.08029
9.02976 	-1.06823
9.03214 	-1.05621
9.03452 	-1.04423
9.0369 	-1.03229
9.03928 	-1.02038
9.04166 	-1.00852
9.04404 	-0.996699
9.04642 	-0.984915
9.0488 	-0.97317
9.05118 	-0.961463
9.05356 	-0.949796
9.05594 	-0.938168
9.05832 	-0.926578
9.0607 	-0.915027
9.06308 	-0.903514
9.06546 	-0.89204
9.06784 	-0.880604
9.07022 	-0.869206
9.0726 	-0.857846
9.07498 	-0.846525
9.07736 	-0.835241
9.07974 	-0.823995
9.08212 	-0.812787
9.0845 	-0.801616
9.08688 	-0.790483
9.08926 	-0.779388
9.09164 	-0.76833
9.09402 	-0.757309
9.0964 	-0.746325
9.09878 	-0.735378
9.10116 	-0.724469
9.10354 	-0.713596
9.10592 	-0.70276
9.1083 	-0.691961
9.11068 	-0.681199
9.11306 	-0.670473
9.11544 	-0.659783
9.11782 	-0.64913
9.1202 	-0.638513
9.12258 	-0.627932
9.12496 	-0.617387
9.12734 	-0.606879
9.12972 	-0.596406
9.1321 	-0.585969
9.13448 	-0.575567
9.13686 	-0.565202
9.13924 	-0.554871
9.14162 	-0.544577
9.144 	-0.534317
9.14638 	-0.524093
9.14876 	-0.513904
9.15114 	-0.50375
9.15352 	-0.493631
9.1559 	-0.483547
9.15828 	-0.473498
9.16066 	-0.463483
9.16304 	-0.453503
9.16542 	-0.443558
9.1678 	-0.433647
9.17018 	-0.42377
9.17256 	-0.413928
9.17494 	-0.40412
9.17732 	-0.394346
9.1797 	-0.384605
9.18208 	-0.374899
9.18446 	-0.365227
9.18684 	-0.355588
9.18922 	-0.345983
9.1916 	-0.336411
9.19398 	-0.326873
9.19636 	-0.317369
9.19874 	-0.307897
9.20112 	-0.298459
9.2035 	-0.289054
9.20588 	-0.279681
9.20826 	-0.270342
9.21064 	-0.261036
9.21302 	-0.251762
9.2154 	-0.242521
9.21778 	-0.233312
9.22016 	-0.224136
9.22254 	-0.214993
9.22492 	-0.205882
9.2273 	-0.196802
9.22968 	-0.187755
9.23206 	-0.178741
9.23444 	-0.169758
9.23682 	-0.160806
9.2392 	-0.151887
9.24158 	-0.143
9.24396 	-0.134144
9.24634 	-0.125319
9.24872 	-0.116526
9.2511 	-0.107764
9.25348 	-0.0990338
9.25586 	-0.0903346
9.25824 	-0.0816664
9.26062 	-0.0730292
9.263 	-0.064423
9.26538 	-0.0558476
9.26776 	-0.0473029
9.27014 	-0.0387889
9.27252 	-0.0303055
9.2749 	-0.0218525
9.27728 	-0.01343
9.27966 	-0.00503781
9.28204 	0.00332415
9.28442 	0.0116559
9.2868 	0.0199577
9.28918 	0.0282294
9.29156 	0.0364713
9.29394 	0.0446833
9.29632 	0.0528656
9.2987 	0.0610182
9.30108 	0.0691412
9.30346 	0.0772348
9.30584 	0.085299
9.30822 	0.0933338
9.3106 	0.101339
9.31298 	0.109316
9.31536 	0.117263
9.31774 	0.125182
9.32012 	0.133071
9.3225 	0.140932
9.32488 	0.148764
9.32726 	0.156567
9.32964 	0.164342
9.33202 	0.172088
9.3344 	0.179806
9.33678 	0.187495
9.33916 	0.195156
9.34154 	0.202789
9.34392 	0.210394
9.3463 	0.217971
9.34868 	0.22552
9.35106 	0.233041
9.35344 	0.240534
9.35582 	0.248
9.3582 	0.255438
9.36058 	0.262849
9.36296 	0.270232
9.36534 	0.277587
9.36772 	0.284916
9.3701 	0.292217
9.37248 	0.299491
9.37486 	0.306738
9.37724 	0.313958
9.37962 	0.321151
9.382 	0.328317
9.38438 	0.335457
9.38676 	0.34257
9.38914 	0.349656
9.39152 	0.356716
9.3939 	0.363749
9.39628 	0.370756
9.39866 	0.377737
9.40104 	0.384692
9.40342 	0.39162
9.4058 	0.398522
9.40818 	0.405399
9.41056 	0.412249
9.41294 	0.419074
9.41532 	0.425873
9.4177 	0.432646
9.42008 	0.439394
9.42246 	0.446116
9.42484 	0.452813
9.42722 	0.459485
9.4296 	0.466131
9.43198 	0.472752
9.43436 	0.479348
9.43674 	0.485918
9.43912 	0.492464
9.4415 	0.498985
9.44388 	0.505481
9.44626 	0.511952
9.44864 	0.518399
9.45102 	0.524821
9.4534 	0.531218
9.45578 	0.537591
9.45816 	0.54394
9.46054 	0.550264
9.46292 	0.556564
9.4653 	0.56284
9.46768 	0.569092
9.47006 	0.57532
9.47244 	0.581523
9.47482 	0.587703
9.4772 	0.593859
9.47958 	0.599992
9.48196 	0.606101
9.48434 	0.612186
9.48672 	0.618247
9.4891 	0.624285
9.49148 	0.6303
9.49386 	0.636292
9.49624 	0.64226
9.49862 	0.648205
9.501 	0.654127
9.50338 	0.660026
9.50576 	0.665902
9.50814 	0.671755
9.51052 	0.677586
9.5129 	0.683393
9.51528 	0.689178
9.51766 	0.69494
9.52004 	0.70068
9.52242 	0.706397
9.5248 	0.712092
9.52718 	0.717765
9.52956 	0.723415
9.53194 	0.729044
9.53432 	0.73465
9.5367 	0.740234
9.53908 	0.745796
9.54146 	0.751336
9.54384 	0.756854
9.54622 	0.762351
9.5486 	0.767825
9.55098 	0.773278
9.55336 	0.77871
9.55574 	0.78412
9.55812 	0.789509
9.5605 	0.794876
9.56288 	0.800222
9.56526 	0.805546
9.56764 	0.81085
9.57002 	0.816132
9.5724 	0.821394
9.57478 	0.826634
9.57716 	0.831854
9.57954 	0.837052
9.58192 	0.84223
9.5843 	0.847387
9.58668 	0.852524
9.58906 	0.85764
9.59144 	0.862735
9.59382 	0.86781
9.5962 	0.872864
9.59858 	0.877899
9.60096 	0.882913
9.60334 	0.887906
9.60572 	0.89288
9.6081 	0.897833
9.61048 	0.902767
9.61286 	0.907681
9.61524 	0.912574
9.61762 	0.917448
9.62 	0.922302
9.62238 	0.927137
9.62476 	0.931952
9.62714 	0.936747
9.62952 	0.941522
9.6319 	0.946279
9.63428 	0.951016
9.63666 	0.955733
9.63904 	0.960432
9.64142 	0.965111
9.6438 	0.969771
9.64618 	0.974412
9.64856 	0.979034
9.65094 	0.983637
9.65332 	0.988221
9.6557 	0.992786
9.65808 	0.997332
9.66046 	1.00186
9.66284 	1.00637
9.66522 	1.01086
9.6676 	1.01533
9.66998 	1.01979
9.67236 	1.02422
9.67474 	1.02864
9.67712 	1.03304
9.6795 	1.03742
9.68188 	1.04178
9.68426 	1.04612
9.68664 	1.05045
9.68902 	1.05476
9.6914 	1.05905
9.69378 	1.06332
9.69616 	1.06757
9.69854 	1.07181
9.70092 	1.07603
9.7033 	1.08023
9.70568 	1.08441
9.70806 	1.08858
9.71044 	1.09273
9.71282 	1.09686
9.7152 	1.10097
9.71758 	1.10507
9.71996 	1.10915
9.72234 	1.11321
9.72472 	1.11725
9.7271 	1.12128
9.72948 	1.12529
9.73186 	1.12929
9.73424 	1.13326
9.73662 	1.13722
9.739 	1.14117
9.74138 	1.14509
9.74376 	1.149
9.74614 	1.15289
9.74852 	1.15677
9.7509 	1.16063
9.75328 	1.16447
9.75566 	1.1683
9.75804 	1.17211
9.76042 	1.17591
9.7628 	1.17968
9.76518 	1.18345
9.76756 	1.18719
9.76994 	1.19092
9.77232 	1.19463
9.7747 	1.19833
9.77708 	1.20201
9.77946 	1.20568
9.78184 	1.20933
9.78422 	1.21296
9.7866 	1.21658
9.78898 	1.22018
9.79136 	1.22377
9.79374 	1.22734
9.79612 	1.2309
9.7985 	1.23444
9.80088 	1.23796
9.80326 	1.24147
9.80564 	1.24497
9.80802 	1.24845
9.8104 	1.25191
9.81278 	1.25536
9.81516 	1.25879
9.81754 	1.26221
9.81992 	1.26562
9.8223 	1.269
9.82468 	1.27238
9.82706 	1.27574
9.82944 	1.27908
9.83182 	1.28241
9.8342 	1.28572
9.83658 	1.28902
9.83896 	1.29231
9.84134 	1.29558
9.84372 	1.29884
9.8461 	1.30208
9.84848 	1.30531
9.85086 	1.30852
9.85324 	1.31172
9.85562 	1.3149
9.858 	1.31807
9.86038 	1.32123
9.86276 	1.32437
9.86514 	1.3275
9.86752 	1.33061
9.8699 	1.33371
9.87228 	1.3368
9.87466 	1.33987
9.87704 	1.34293
9.87942 	1.34597
9.8818 	1.349
9.88418 	1.35202
9.88656 	1.35502
9.88894 	1.35801
9.89132 	1.36098
9.8937 	1.36395
9.89608 	1.3669
9.89846 	1.36983
9.90084 	1.37275
9.90322 	1.37566
9.9056 	1.37856
9.90798 	1.38144
9.91036 	1.38431
9.91274 	1.38716
9.91512 	1.39001
9.9175 	1.39284
9.91988 	1.39565
9.92226 	1.39846
9.92464 	1.40125
9.92702 	1.40402
9.9294 	1.40679
9.93178 	1.40954
9.93416 	1.41228
9.93654 	1.41501
9.93892 	1.41772
9.9413 	1.42042
9.94368 	1.42311
9.94606 	1.42579
9.94844 	1.42845
9.95082 	1.4311
9.9532 	1.43374
9.95558 	1.43637
9.95796 	1.43898
9.96034 	1.44158
9.96272 	1.44417
9.9651 	1.44675
9.96748 	1.44932
9.96986 	1.45187
9.97224 	1.45441
9.97462 	1.45694
9.977 	1.45946
9.97938 	1.46196
9.98176 	1.46445
9.98414 	1.46694
9.98652 	1.46941
9.9889 	1.47186
9.99128 	1.47431
9.99366 	1.47674
9.99604 	1.47917
9.99842 	1.48158
10.0008 	1.48398
10.0032 	1.48636
10.0056 	1.48874
10.0079 	1.49111
10.0103 	1.49346
10.0127 	1.4958
10.0151 	1.49813
10.0175 	1.50045
10.0198 	1.50276
10.0222 	1.50506
10.0246 	1.50734
10.027 	1.50962
10.0294 	1.51188
10.0317 	1.51413
10.0341 	1.51637
10.0365 	1.5186
10.0389 	1.52082
10.0413 	1.52303
10.0436 	1.52523
10.046 	1.52742
10.0484 	1.52959
10.0508 	1.53176
10.0532 	1.53391
10.0555 	1.53606
10.0579 	1.53819
10.0603 	1.54031
10.0627 	1.54242
10.0651 	1.54453
10.0674 	1.54662
10.0698 	1.5487
10.0722 	1.55077
10.0746 	1.55283
10.077 	1.55488
10.0793 	1.55691
10.0817 	1.55894
10.0841 	1.56096
10.0865 	1.56297
10.0889 	1.56497
10.0912 	1.56696
10.0936 	1.56893
10.096 	1.5709
10.0984 	1.57286
10.1008 	1.57481
10.1031 	1.57675
10.1055 	1.57867
10.1079 	1.58059
10.1103 	1.5825
10.1127 	1.5844
10.115 	1.58629
10.1174 	1.58817
10.1198 	1.59003
10.1222 	1.59189
10.1246 	1.59374
10.1269 	1.59558
10.1293 	1.59741
10.1317 	1.59924
10.1341 	1.60105
10.1365 	1.60285
10.1388 	1.60464
10.1412 	1.60643
10.1436 	1.6082
10.146 	1.60996
10.1484 	1.61172
10.1507 	1.61346
10.1531 	1.6152
10.1555 	1.61693
10.1579 	1.61865
10.1603 	1.62036
10.1626 	1.62206
10.165 	1.62375
10.1674 	1.62543
10.1698 	1.6271
10.1722 	1.62877
10.1745 	1.63042
10.1769 	1.63207
10.1793 	1.6337
10.1817 	1.63533
10.1841 	1.63695
10.1864 	1.63856
10.1888 	1.64016
10.1912 	1.64176
10.1936 	1.64334
10.196 	1.64492
10.1983 	1.64649
10.2007 	1.64804
10.2031 	1.64959
10.2055 	1.65114
10.2079 	1.65267
10.2102 	1.65419
10.2126 	1.65571
10.215 	1.65722
10.2174 	1.65872
10.2198 	1.66021
10.2221 	1.66169
10.2245 	1.66316
10.2269 	1.66463
10.2293 	1.66609
10.2317 	1.66754
10.234 	1.66898
10.2364 	1.67041
10.2388 	1.67184
10.2412 	1.67326
10.2436 	1.67466
10.2459 	1.67607
10.2483 	1.67746
10.2507 	1.67884
10.2531 	1.68022
10.2555 	1.68159
10.2578 	1.68295
10.2602 	1.6843
10.2626 	1.68565
10.265 	1.68699
10.2674 	1.68832
10.2697 	1.68964
10.2721 	1.69096
10.2745 	1.69226
10.2769 	1.69356
10.2793 	1.69485
10.2816 	1.69614
10.284 	1.69741
10.2864 	1.69868
10.2888 	1.69994
10.2912 	1.7012
10.2935 	1.70244
10.2959 	1.70368
10.2983 	1.70492
10.3007 	1.70614
10.3031 	1.70736
10.3054 	1.70857
10.3078 	1.70977
10.3102 	1.71096
10.3126 	1.71215
10.315 	1.71333
10.3173 	1.7145
10.3197 	1.71567
10.3221 	1.71683
10.3245 	1.71798
10.3269 	1.71913
10.3292 	1.72026
10.3316 	1.7214
10.334 	1.72252
10.3364 	1.72364
10.3388 	1.72475
10.3411 	1.72585
10.3435 	1.72694
10.3459 	1.72803
10.3483 	1.72912
10.3507 	1.73019
10.353 	1.73126
10.3554 	1.73232
10.3578 	1.73338
10.3602 	1.73442
10.3626 	1.73547
10.3649 	1.7365
10.3673 	1.73753
10.3697 	1.73855
10.3721 	1.73957
10.3745 	1.74057
10.3768 	1.74158
10.3792 	1.74257
10.3816 	1.74356
10.384 	1.74454
10.3864 	1.74552
10.3887 	1.74649
10.3911 	1.74745
10.3935 	1.74841
10.3959 	1.74936
10.3983 	1.7503
10.4006 	1.75124
10.403 	1.75217
10.4054 	1.7531
10.4078 	1.75401
10.4102 	1.75493
10.4125 	1.75583
10.4149 	1.75673
10.4173 	1.75763
10.4197 	1.75852
10.4221 	1.7594
10.4244 	1.76027
10.4268 	1.76114
10.4292 	1.76201
10.4316 	1.76286
10.434 	1.76372
10.4363 	1.76456
10.4387 	1.7654
10.4411 	1.76623
10.4435 	1.76706
10.4459 	1.76788
10.4482 	1.7687
10.4506 	1.76951
10.453 	1.77032
10.4554 	1.77111
10.4578 	1.77191
10.4601 	1.77269
10.4625 	1.77348
10.4649 	1.77425
10.4673 	1.77502
10.4697 	1.77579
10.472 	1.77654
10.4744 	1.7773
10.4768 	1.77804
10.4792 	1.77879
10.4816 	1.77952
10.4839 	1.78025
10.4863 	1.78098
10.4887 	1.7817
10.4911 	1.78241
10.4935 	1.78312
10.4958 	1.78382
10.4982 	1.78452
10.5006 	1.78522
10.503 	1.7859
10.5054 	1.78658
10.5077 	1.78726
10.5101 	1.78793
10.5125 	1.7886
10.5149 	1.78926
10.5173 	1.78991
10.5196 	1.79056
10.522 	1.79121
10.5244 	1.79185
10.5268 	1.79248
10.5292 	1.79311
10.5315 	1.79374
10.5339 	1.79436
10.5363 	1.79497
10.5387 	1.79558
10.5411 	1.79618
10.5434 	1.79678
10.5458 	1.79738
10.5482 	1.79796
10.5506 	1.79855
10.553 	1.79913
10.5553 	1.7997
10.5577 	1.80027
10.5601 	1.80083
10.5625 	1.80139
10.5649 	1.80195
10.5672 	1.8025
10.5696 	1.80304
10.572 	1.80358
10.5744 	1.80412
10.5768 	1.80465
10.5791 	1.80517
10.5815 	1.80569
10.5839 	1.80621
10.5863 	1.80672
10.5887 	1.80723
10.591 	1.80773
10.5934 	1.80823
10.5958 	1.80872
10.5982 	1.80921
10.6006 	1.80969
10.6029 	1.81017
10.6053 	1.81065
10.6077 	1.81112
10.6101 	1.81158
10.6125 	1.81204
10.6148 	1.8125
10.6172 	1.81295
10.6196 	1.8134
10.622 	1.81384
10.6244 	1.81428
10.6267 	1.81472
10.6291 	1.81515
10.6315 	1.81557
10.6339 	1.81599
10.6363 	1.81641
10.6386 	1.81682
10.641 	1.81723
10.6434 	1.81763
10.6458 	1.81803
10.6482 	1.81843
10.6505 	1.81882
10.6529 	1.81921
10.6553 	1.81959
10.6577 	1.81997
10.6601 	1.82034
10.6624 	1.82071
10.6648 	1.82108
10.6672 	1.82144
10.6696 	1.8218
10.672 	1.82215
10.6743 	1.8225
10.6767 	1.82285
10.6791 	1.82319
10.6815 	1.82353
10.6839 	1.82386
10.6862 	1.82419
10.6886 	1.82452
10.691 	1.82484
10.6934 	1.82516
10.6958 	1.82547
10.6981 	1.82578
10.7005 	1.82609
10.7029 	1.82639
10.7053 	1.82669
10.7077 	1.82698
10.71 	1.82727
10.7124 	1.82756
10.7148 	1.82784
10.7172 	1.82812
10.7196 	1.8284
10.7219 	1.82867
10.7243 	1.82894
10.7267 	1.8292
10.7291 	1.82946
10.7315 	1.82972
10.7338 	1.82997
10.7362 	1.83022
10.7386 	1.83046
10.741 	1.83071
10.7434 	1.83094
10.7457 	1.83118
10.7481 	1.83141
10.7505 	1.83164
10.7529 	1.83186
10.7553 	1.83208
10.7576 	1.8323
10.76 	1.83251
10.7624 	1.83272
10.7648 	1.83293
10.7672 	1.83313
10.7695 	1.83333
10.7719 	1.83353
10.7743 	1.83372
10.7767 	1.83391
10.7791 	1.83409
10.7814 	1.83428
10.7838 	1.83446
10.7862 	1.83463
10.7886 	1.8348
10.791 	1.83497
10.7933 	1.83514
10.7957 	1.8353
10.7981 	1.83546
10.8005 	1.83561
10.8029 	1.83577
10.8052 	1.83592
10.8076 	1.83606
10.81 	1.8362
10.8124 	1.83634
10.8148 	1.83648
10.8171 	1.83661
10.8195 	1.83674
10.8219 	1.83687
10.8243 	1.83699
10.8267 	1.83711
10.829 	1.83723
10.8314 	1.83734
10.8338 	1.83745
10.8362 	1.83756
10.8386 	1.83766
10.8409 	1.83777
10.8433 	1.83786
10.8457 	1.83796
10.8481 	1.83805
10.8505 	1.83814
10.8528 	1.83823
10.8552 	1.83831
10.8576 	1.83839
10.86 	1.83847
10.8624 	1.83854
10.8647 	1.83861
10.8671 	1.83868
10.8695 	1.83875
10.8719 	1.83881
10.8743 	1.83887
10.8766 	1.83892
10.879 	1.83898
10.8814 	1.83903
10.8838 	1.83908
10.8862 	1.83912
10.8885 	1.83916
10.8909 	1.8392
10.8933 	1.83924
10.8957 	1.83927
10.8981 	1.83931
10.9004 	1.83933
10.9028 	1.83936
10.9052 	1.83938
10.9076 	1.8394
10.91 	1.83942
10.9123 	1.83943
10.9147 	1.83945
10.9171 	1.83945
10.9195 	1.83946
10.9219 	1.83947
10.9242 	1.83947
10.9266 	1.83946
10.929 	1.83946
10.9314 	1.83945
10.9338 	1.83944
10.9361 	1.83943
10.9385 	1.83942
10.9409 	1.8394
10.9433 	1.83938
10.9457 	1.83936
10.948 	1.83933
10.9504 	1.83931
10.9528 	1.83928
10.9552 	1.83924
10.9576 	1.83921
10.9599 	1.83917
10.9623 	1.83913
10.9647 	1.83909
10.9671 	1.83904
10.9695 	1.83899
10.9718 	1.83894
10.9742 	1.83889
10.9766 	1.83884
10.979 	1.83878
10.9814 	1.83872
10.9837 	1.83866
10.9861 	1.83859
10.9885 	1.83853
10.9909 	1.83846
10.9933 	1.83838
10.9956 	1.83831
10.998 	1.83823
11.0004 	1.83816
11.0028 	1.83807
11.0052 	1.83799
11.0075 	1.83791
11.0099 	1.83782
11.0123 	1.83773
11.0147 	1.83763
11.0171 	1.83754
11.0194 	1.83744
11.0218 	1.83734
11.0242 	1.83724
11.0266 	1.83714
11.029 	1.83703
11.0313 	1.83692
11.0337 	1.83681
11.0361 	1.8367
11.0385 	1.83659
11.0409 	1.83647
11.0432 	1.83635
11.0456 	1.83623
11.048 	1.8361
11.0504 	1.83598
11.0528 	1.83585
11.0551 	1.83572
11.0575 	1.83559
11.0599 	1.83546
11.0623 	1.83532
11.0647 	1.83518
11.067 	1.83504
11.0694 	1.8349
11.0718 	1.83475
11.0742 	1.83461
11.0766 	1.83446
11.0789 	1.83431
11.0813 	1.83416
11.0837 	1.834
11.0861 	1.83384
11.0885 	1.83369
11.0908 	1.83353
11.0932 	1.83336
11.0956 	1.8332
11.098 	1.83303
11.1004 	1.83286
11.1027 	1.83269
11.1051 	1.83252
11.1075 	1.83235
11.1099 	1.83217
11.1123 	1.83199
11.1146 	1.83181
11.117 	1.83163
11.1194 	1.83145
11.1218 	1.83126
11.1242 	1.83107
11.1265 	1.83088
11.1289 	1.83069
11.1313 	1.8305
11.1337 	1.8303
11.1361 	1.83011
11.1384 	1.82991
11.1408 	1.82971
11.1432 	1.82951
11.1456 	1.8293
11.148 	1.8291
11.1503 	1.82889
11.1527 	1.82868
11.1551 	1.82847
11.1575 	1.82826
11.1599 	1.82804
11.1622 	1.82782
11.1646 	1.82761
11.167 	1.82739
11.1694 	1.82717
11.1718 	1.82694
11.1741 	1.82672
11.1765 	1.82649
11.1789 	1.82626
11.1813 	1.82603
11.1837 	1.8258
11.186 	1.82557
11.1884 	1.82533
11.1908 	1.82509
11.1932 	1.82486
11.1956 	1.82462
11.1979 	1.82437
11.2003 	1.82413
11.2027 	1.82389
11.2051 	1.82364
11.2075 	1.82339
11.2098 	1.82314
11.2122 	1.82289
11.2146 	1.82264
11.217 	1.82238
11.2194 	1.82213
11.2217 	1.82187
11.2241 	1.82161
11.2265 	1.82135
11.2289 	1.82109
11.2313 	1.82082
11.2336 	1.82056
11.236 	1.82029
11.2384 	1.82002
11.2408 	1.81975
11.2432 	1.81948
11.2455 	1.81921
11.2479 	1.81894
11.2503 	1.81866
11.2527 	1.81838
11.2551 	1.8181
11.2574 	1.81782
11.2598 	1.81754
11.2622 	1.81726
11.2646 	1.81697
11.267 	1.81669
11.2693 	1.8164
11.2717 	1.81611
11.2741 	1.81582
11.2765 	1.81553
11.2789 	1.81524
11.2812 	1.81494
11.2836 	1.81465
11.286 	1.81435
11.2884 	1.81405
11.2908 	1.81375
11.2931 	1.81345
11.2955 	1.81315
11.2979 	1.81284
11.3003 	1.81254
11.3027 	1.81223
11.305 	1.81192
11.3074 	1.81161
11.3098 	1.8113
11.3122 	1.81099
11.3146 	1.81068
11.3169 	1.81036
11.3193 	1.81005
11.3217 	1.80973
11.3241 	1.80941
11.3265 	1.80909
11.3288 	1.80877
11.3312 	1.80845
11.3336 	1.80813
11.336 	1.8078
11.3384 	1.80748
11.3407 	1.80715
11.3431 	1.80682
11.3455 	1.80649
11.3479 	1.80616
11.3503 	1.80583
11.3526 	1.80549
11.355 	1.80516
11.3574 	1.80482
11.3598 	1.80449
11.3622 	1.80415
11.3645 	1.80381
11.3669 	1.80347
11.3693 	1.80313
11.3717 	1.80278
11.3741 	1.80244
11.3764 	1.8021
11.3788 	1.80175
11.3812 	1.8014
11.3836 	1.80105
11.386 	1.8007
11.3883 	1.80035
11.3907 	1.8
11.3931 	1.79965
11.3955 	1.79929
11.3979 	1.79894
11.4002 	1.79858
11.4026 	1.79822
11.405 	1.79787
11.4074 	1.79751
11.4098 	1.79715
11.4121 	1.79678
11.4145 	1.79642
11.4169 	1.79606
11.4193 	1.79569
11.4217 	1.79533
11.424 	1.79496
11.4264 	1.79459
11.4288 	1.79422
11.4312 	1.79385
11.4336 	1.79348
11.4359 	1.79311
11.4383 	1.79273
11.4407 	1.79236
11.4431 	1.79198
11.4455 	1.79161
11.4478 	1.79123
11.4502 	1.79085
11.4526 	1.79047
11.455 	1.79009
11.4574 	1.78971
11.4597 	1.78933
11.4621 	1.78895
11.4645 	1.78856
11.4669 	1.78818
11.4693 	1.78779
11.4716 	1.7874
11.474 	1.78702
11.4764 	1.78663
11.4788 	1.78624
11.4812 	1.78585
11.4835 	1.78545
11.4859 	1.78506
11.4883 	1.78467
11.4907 	1.78427
11.4931 	1.78388
11.4954 	1.78348
11.4978 	1.78308
11.5002 	1.78269
11.5026 	1.78229
11.505 	1.78189
11.5073 	1.78149
11.5097 	1.78108
11.5121 	1.78068
11.5145 	1.78028
11.5169 	1.77987
11.5192 	1.77947
11.5216 	1.77906
11.524 	1.77866
11.5264 	1.77825
11.5288 	1.77784
11.5311 	1.77743
11.5335 	1.77702
11.5359 	1.77661
11.5383 	1.7762
11.5407 	1.77578
11.543 	1.77537
11.5454 	1.77496
11.5478 	1.77454
11.5502 	1.77413
11.5526 	1.77371
11.5549 	1.77329
11.5573 	1.77287
11.5597 	1.77245
11.5621 	1.77203
11.5645 	1.77161
11.5668 	1.77119
11.5692 	1.77077
11.5716 	1.77035
11.574 	1.76992
11.5764 	1.7695
11.5787 	1.76907
11.5811 	1.76865
11.5835 	1.76822
11.5859 	1.76779
11.5883 	1.76737
11.5906 	1.76694
11.593 	1.76651
11.5954 	1.76608
11.5978 	1.76565
11.6002 	1.76521
11.6025 	1.76478
11.6049 	1.76435
11.6073 	1.76391
11.6097 	1.76348
11.6121 	1.76304
11.6144 	1.76261
11.6168 	1.76217
11.6192 	1.76173
11.6216 	1.7613
11.624 	1.76086
11.6263 	1.76042
11.6287 	1.75998
11.6311 	1.75954
11.6335 	1.75909
11.6359 	1.75865
11.6382 	1.75821
11.6406 	1.75777
11.643 	1.75732
11.6454 	1.75688
11.6478 	1.75643
11.6501 	1.75599
11.6525 	1.75554
11.6549 	1.75509
11.6573 	1.75464
11.6597 	1.75419
11.662 	1.75375
11.6644 	1.7533
11.6668 	1.75285
11.6692 	1.75239
11.6716 	1.75194
11.6739 	1.75149
11.6763 	1.75104
11.6787 	1.75058
11.6811 	1.75013
11.6835 	1.74967
11.6858 	1.74922
11.6882 	1.74876
11.6906 	1.74831
11.693 	1.74785
11.6954 	1.74739
11.6977 	1.74693
11.7001 	1.74648
11.7025 	1.74602
11.7049 	1.74556
11.7073 	1.7451
11.7096 	1.74464
11.712 	1.74417
11.7144 	1.74371
11.7168 	1.74325
11.7192 	1.74279
11.7215 	1.74232
11.7239 	1.74186
11.7263 	1.74139
11.7287 	1.74093
11.7311 	1.74046
11.7334 	1.74
11.7358 	1.73953
11.7382 	1.73906
11.7406 	1.73859
11.743 	1.73812
11.7453 	1.73766
11.7477 	1.73719
11.7501 	1.73672
11.7525 	1.73625
11.7549 	1.73577
11.7572 	1.7353
11.7596 	1.73483
11.762 	1.73436
11.7644 	1.73389
11.7668 	1.73341
11.7691 	1.73294
11.7715 	1.73246
11.7739 	1.73199
11.7763 	1.73151
11.7787 	1.73104
11.781 	1.73056
11.7834 	1.73009
11.7858 	1.72961
11.7882 	1.72913
11.7906 	1.72865
11.7929 	1.72817
11.7953 	1.7277
11.7977 	1.72722
11.8001 	1.72674
11.8025 	1.72626
11.8048 	1.72578
11.8072 	1.72529
11.8096 	1.72481
11.812 	1.72433
11.8144 	1.72385
11.8167 	1.72337
11.8191 	1.72288
11.8215 	1.7224
11.8239 	1.72191
11.8263 	1.72143
11.8286 	1.72094
11.831 	1.72046
11.8334 	1.71997
11.8358 	1.71949
11.8382 	1.719
11.8405 	1.71851
11.8429 	1.71803
11.8453 	1.71754
11.8477 	1.71705
11.8501 	1.71656
11.8524 	1.71607
11.8548 	1.71558
11.8572 	1.7151
11.8596 	1.71461
11.862 	1.71411
11.8643 	1.71362
11.8667 	1.71313
11.8691 	1.71264
11.8715 	1.71215
11.8739 	1.71166
11.8762 	1.71116
11.8786 	1.71067
11.881 	1.71018
11.8834 	1.70969
11.8858 	1.70919
11.8881 	1.7087
11.8905 	1.7082
11.8929 	1.70771
11.8953 	1.70721
11.8977 	1.70672
11.9 	1.70622
11.9024 	1.70572
11.9048 	1.70523
11.9072 	1.70473
11.9096 	1.70423
11.9119 	1.70374
11.9143 	1.70324
11.9167 	1.70274
11.9191 	1.70224
11.9215 	1.70174
11.9238 	1.70124
11.9262 	1.70074
11.9286 	1.70024
11.931 	1.69974
11.9334 	1.69924
11.9357 	1.69874
11.9381 	1.69824
11.9405 	1.69774
11.9429 	1.69724
11.9453 	1.69674
11.9476 	1.69623
11.95 	1.69573
11.9524 	1.69523
11.9548 	1.69473
11.9572 	1.69422
11.9595 	1.69372
11.9619 	1.69322
11.9643 	1.69271
11.9667 	1.69221
11.9691 	1.6917
11.9714 	1.6912
11.9738 	1.69069
11.9762 	1.69019
11.9786 	1.68968
11.981 	1.68918
11.9833 	1.68867
11.9857 	1.68816
11.9881 	1.68766
11.9905 	1.68715
11.9929 	1.68664
11.9952 	1.68613
11.9976 	1.68563
