4555
10080 0
10090 0
10100 0.181735
101860 0
101870 0
101880 0
101880 -8.4567e-17
101890 0
101890 -0.229627
101900 0
101900 -1.90876e-17
102640 0
102650 0
102660 0
102660 0.00393111
102670 0
102670 -0.0784058
102680 0
102680 0.0745842
102690 0
102690 -0.0575364
102700 0
102700 -0.00900419
103420 0
103430 0
103440 0
103440 0.00639504
103450 0
103450 -0.0191851
103460 0
103460 0.0544503
103470 0
103470 0.100724
103480 0
103480 0.0289591
103490 0
103490 -0.0570796
103500 0
103500 -0.00753709
104200 0
104210 0
104220 0
104220 0.00793942
104230 0
104230 0.0267772
104240 0
104240 0.0235805
104250 0
104250 0.142683
104260 0
104260 -0.034319
104270 0
104270 0.0284447
104280 0
104280 0.0461512
104290 0
104290 -0.0467892
104300 0
104300 -0.0107983
105000 0
105000 -0.0311002
105010 0
105010 0.15186
105020 0
105020 -0.0477231
105030 0
105030 0.157382
105040 0
105040 -0.0820748
105050 0
105050 0.00944845
105060 0
105060 0.0298852
105070 0.00783692
105070 0.0362088
105080 0
105080 0.0384604
105090 0
105090 -0.0495537
105100 0
105100 -0.0138728
105800 0
105810 0
105820 0
105820 0.0158014
105830 0.00430302
105830 -0.0249398
105840 0
105840 0.0765928
105850 0.015951
105850 0.0809465
105860 0
105860 0.0100118
105870 -0.0016439
105870 0.00506309
105880 0.00226608
105880 0.0436364
105890 0
105890 -0.0509575
105900 0
105900 -0.0198371
106620 0
106630 0
106640 0
106640 -0.00984973
106650 0.00639831
106650 -0.0765227
106660 0.00990406
106660 0.0727871
106670 0.0180646
106670 -0.0237923
106680 0.0117769
106680 0.0304289
106690 0.0108245
106690 -0.0529139
106700 0.00314948
106700 -0.0276583
107440 0
107450 0
107460 0.0081385
107460 -0.0357701
107470 0.0124955
107470 -0.0687896
107480 0.00988187
107480 0.0137941
107490 0.0206201
107490 -0.0483626
107500 0.00894363
107500 -0.0381268
108260 0
108270 0
108280 0.0205969
108280 -0.0501776
108290 0.0180716
108290 -0.0338301
108300 0.0151732
108300 -0.0483684
10860 0
10870 0
10880 0.104775
10890 0
10900 0
109080 0
109090 0
109100 0.0156715
109100 -0.0493506
109860 0
109870 0
109880 -0.0251586
109880 0.150952
109890 0
109900 0
110640 0
110650 0
110660 -0.0555991
110670 0
110680 0
111420 0
111430 0
111440 -0.0757759
111450 0
111460 0
111740 0
111750 0
111760 0
111760 -0.0132341
111770 0
111770 -1.29369e-17
111780 0
111780 -0.240921
111790 0
111790 3.42043e-17
111800 0
111800 0.0275305
112200 0
112210 0
112220 -0.103797
112230 0
112240 0
112520 0
112530 0
112540 0
112540 -0.0152541
112550 0
112550 0.0112659
112560 0
112560 -0.125591
112570 0
112570 0.072563
112580 0
112580 -0.0676113
112590 0
112590 -0.0203661
112600 0
112600 0.0163886
113000 -0.208292
113010 0
113020 0
113300 0
113310 0
113320 0
113320 -0.0155039
113330 0
113330 0.0258692
113340 0
113340 -0.0450063
113350 0
113350 0.0747031
113360 0
113360 0.0603477
113370 0
113370 0.0197469
113380 0
113380 -0.0821418
113390 0
113390 -0.0174545
113400 0
113400 0.0182646
114100 0
114100 0.0527876
114110 0
114110 0.0603977
114120 0
114120 0.0799323
114130 0
114130 0.0477838
114140 0
114140 0.132809
114150 0
114150 -0.0132271
114160 0
114160 -0.0440148
114170 0
114170 0.0457834
114180 0
114180 -0.0609025
114190 0
114190 -0.0264419
114200 0
114200 0.0201063
114900 0
114910 0
114920 0
114920 -0.0233995
114930 0
114930 0.0122049
114940 0
114940 -0.108439
114950 0
114950 0.0868613
114960 0
114960 -0.0162256
114970 0
114970 0.0144082
114980 0
114980 -0.0603923
114990 0
114990 -0.0317005
115000 0
115000 0.0251033
115720 0
115730 0
115740 0
115740 0.0113522
115750 0
115750 -0.0450955
115760 0
115760 -0.0932711
115770 0.00495316
115770 0.00857021
115780 0.00647379
115780 -0.0417247
115790 0.007595
115790 -0.0416948
115800 0.000757413
115800 0.0318728
11640 0
11650 0
116540 0
116550 0
116560 0
116560 0.0404268
116570 0.00403478
116570 -0.0653532
116580 0.00632308
116580 -0.0158073
116590 0.0150203
116590 -0.0467116
116600 0.00214575
116600 0.0409969
11660 0.0821547
11670 0
11680 0
117360 0
117370 0
117380 0.00655806
117380 0.0557677
117390 0.0148567
117390 -0.0452445
117400 0.00554703
117400 0.051091
118180 0
118190 0
118200 0.00576758
118200 0.0630152
118960 0
118970 0
118980 0.0242305
118980 0.19273
118990 0.0999047
118990 0.237704
119000 0.0520363
119000 -0.064995
119740 0
119750 0
119760 0.0282661
119760 0.161404
119770 0.0398799
119770 0.212693
119780 0.0259865
119780 0.140553
119790 0
119800 0
120520 0
120530 0
120540 0.0323715
120550 -0.00329209
120560 0.0261304
120570 0
120580 0
121300 0
121310 0
121320 0.0421681
121330 -0.0366867
121340 0.0281122
121350 0
121360 0
121620 0
121630 0
121640 0
121640 -1.054e-16
121650 0
121650 -0.039131
121660 0
121660 6.42435e-17
121670 0
121670 -0.243337
121680 0
121680 -6.64083e-18
121690 0
121690 0.0651024
121700 0
121700 -7.90996e-18
122100 0.104994
122110 -0.0835561
122120 0.0336247
122130 0
122140 0
122400 0
122410 0
122420 0
122420 0.0048342
122430 0
122430 -0.0639504
122440 0
122440 0.025099
122450 0
122450 -0.179941
122460 0
122460 0.0646563
122470 0
122470 -0.0496961
122480 0
122480 -0.0351681
122490 0
122490 0.0400674
122500 0
122500 0.00453463
123200 0
123200 0.0808848
123210 0
123210 -0.122964
123220 0
123220 0.0875874
123230 0
123230 -0.0959941
123240 0
123240 0.0834443
123250 0
123250 0.0224923
123260 0
123260 -0.0111958
123270 0
123270 -0.085991
123280 0
123280 -0.0265115
123290 0
123290 0.0478035
123300 0
123300 0.00614904
124000 0
124010 0
124020 0
124020 -0.0094857
124030 0
124030 -0.0221599
124040 0
124040 -0.0302432
124050 0
124050 -0.144695
124060 0
124060 0.0247106
124070 0
124070 -0.0271649
124080 0
124080 -0.0425983
124090 0
124090 0.0501704
124100 0
124100 0.0106191
12420 0
12430 0
12440 0.0768172
12450 0
12460 0
124820 0
124830 0
124840 0
124840 -0.00206055
124850 0
124850 0.0647653
124860 0
124860 -0.0744899
124870 0
124870 -0.0136619
124880 0.00218791
124880 -0.0369156
124890 0.00242543
124890 0.0589896
124900 0
124900 0.0162495
125640 0
125650 0
125660 0
125660 0.0207704
125670 0
125670 0.0871794
125680 0.00167795
125680 -0.0345655
125690 0.00477732
125690 0.0629263
125700 0
125700 0.0256237
126460 0
126470 0
126480 0.000395547
126480 0.0427035
126490 0.00497157
126490 0.0607326
126500 0.00293804
126500 0.0382383
127280 0
127290 0
127300 0.002038
127300 0.0603833
128060 0
128070 0
128080 0.01449
128080 0.146349
128090 -0.00886142
128090 0.301288
128100 0.0289965
128100 0.0327361
128840 0
128850 0
128860 0.0308154
128860 0.128508
128870 0.0112816
128870 0.269938
128880 0.107111
128880 0.217992
128890 0.00702556
128890 0.173723
128900 0.0574088
128900 -0.0780234
129620 0
129630 0
129640 0.0415871
129640 0.129309
129650 0.025807
129650 0.273951
129660 0.103353
129660 0.263759
129670 0.0160799
129670 0.174196
129680 -0.00137647
129680 0.0941344
129690 0
129700 0
130400 0
130410 0
130420 0.0600848
130430 0.0413429
130440 0.0910729
130450 0.0222987
130460 0.0110411
130470 0
130480 0
131200 0.18222
131210 0.0845664
131220 0.094919
131230 0.0270829
131240 0.0161285
131250 0
131260 0
131500 0
131510 0
131520 0
131520 -0.0177279
131530 0
131530 -6.72934e-16
131540 0
131540 -0.0903844
131550 0
131550 -3.7961e-16
131560 0
131560 -0.226121
131570 0
131570 2.26482e-17
131580 0
131580 0.118013
131590 0
131590 3.9862e-17
131600 0
131600 -0.0144033
13200 0
132000 0
132010 0
132020 0.00775363
132030 0
132040 0
13210 0
13220 0.0880263
13230 0
132300 0
132300 -0.2103
132310 0
132310 0.0398449
132320 0
132320 -0.225733
132330 0
132330 0.0469433
132340 0
132340 -0.211138
132350 0
132350 0.0422265
132360 0
132360 0.0238958
132370 0
132370 -0.0517024
132380 0
132380 0.0647817
132390 0
132390 0.0140288
13240 0
132400 0
132400 -0.0140162
133100 0
133110 0
133120 0
133120 0.0194051
133130 0
133130 -0.0260024
133140 0
133140 0.0599613
133150 0
133150 -0.0750875
133160 0
133160 -0.0482634
133170 0
133170 -0.0198486
133180 0
133180 0.0825879
133190 0
133190 0.0175443
133200 0
133200 -0.0193983
133920 0
133930 0
133940 0
133940 0.00437421
133950 0
133950 0.0166976
133960 0
133960 0.127815
133970 0
133970 -0.0400093
133980 0
133980 0.0649198
133990 0
133990 0.0306847
134000 0
134000 -0.0259352
134740 0
134750 0
134760 0
134760 -0.0305933
134770 0
134770 0.055456
134780 0
134780 0.0555746
134790 0
134790 0.0402853
134800 0
134800 -0.0370289
135560 0
135570 0
135580 0
135580 -0.0596428
135590 0
135590 0.0553613
135600 0.0024236
135600 -0.0527292
136380 0
136390 0
136400 0.00207837
136400 -0.0849695
137160 0
137170 0
137180 -0.0265443
137180 0.0659326
137190 -0.0602875
137190 0.224403
137200 -0.0132901
137200 0.0158179
137940 0
137950 0
137960 -0.0296477
137960 0.0607707
137970 -0.0117727
137970 0.198959
137980 -0.0378462
137980 0.225712
137990 -0.00801202
137990 0.144216
138000 -0.0103621
138000 0.0524088
138720 0
138730 0
138740 -0.0319888
138740 0.0671327
138750 0.0238627
138750 0.207211
138760 -0.0264557
138760 0.294192
138770 0.0710331
138770 0.206295
138780 -0.0196924
138780 0.133081
138790 -0.0588897
138790 0.0976251
138800 -0.0303029
138800 0.0863789
139500 0
139510 0
139520 -0.0388047
139520 0.105162
139530 0.0620829
139530 0.253267
139540 -0.0141471
139540 0.366054
139550 0.106348
139550 0.273238
139560 -0.0148444
139560 0.177054
139570 -0.0404676
139570 0.098335
139580 -0.0217068
139580 0.0704757
139590 0
139600 0
14000 0.165213
14010 0
14020 0
140300 -0.0835508
140310 0.179645
140320 -0.00200326
140330 0.130134
140340 -0.0129161
140350 -0.0350349
140360 -0.0222851
140370 0
140380 0
141100 0
141110 0
141120 -0.0366206
141130 -0.0696729
141140 -0.0244138
141150 0
141160 0
141400 0
141400 3.01627e-16
141410 0
141410 -0.151434
141420 0
141420 9.24013e-17
141430 0
141430 -0.176127
141440 0
141440 -2.12866e-16
141450 0
141450 -0.154731
141460 0
141460 2.42001e-16
141470 0
141470 0.182912
141480 0
141480 6.63544e-17
141490 0
141490 -0.0473094
141500 0
141500 3.05516e-18
142200 0
142210 0
142220 0
142220 -0.00451155
142230 0
142230 0.068524
142240 0
142240 -0.0234238
142250 0
142250 0.192809
142260 0
142260 -0.0603409
142270 0
142270 0.0532502
142280 0
142280 0.0328209
142290 0
142290 -0.0429328
142300 0
142300 -0.00423197
143020 0
143030 0
143040 0
143040 0.0064621
143050 0
143050 -0.0331945
143060 0
143060 0.0550213
143070 0
143070 0.0833132
143080 0
143080 0.0292627
143090 0
143090 -0.0609778
143100 0
143100 -0.00761613
143840 0
143850 0
143860 0
143860 -0.00737303
143870 0
143870 -0.0983784
143880 0
143880 0.0527112
143890 0
143890 -0.0717844
143900 0
143900 -0.0157057
144660 0
144670 0
144680 0
144680 -0.0321556
144690 0
144690 -0.0918357
144700 0.0008921
144700 -0.0282011
145480 0
145490 0
145500 0.000846018
145500 -0.0613868
146260 0
146270 0
146280 -0.0116279
146280 0.0139966
146290 0.0091106
146290 0.100217
146300 0.00714294
146300 -0.0377231
147040 0
147050 0
147060 0.0152458
147060 -0.0227208
147070 -0.0212543
147070 0.0867674
147080 -0.079626
147080 0.15364
147090 -0.0149428
147090 0.0724538
147100 -0.0052147
147100 0.0451561
147820 0
147830 0
147840 0.022508
147840 -0.0278221
147850 -0.0413896
147850 0.0955571
147860 -0.0596106
147860 0.205786
147870 -0.0445378
147870 0.172293
147880 -0.0295564
147880 0.107437
147890 -0.00596785
147890 0.0930497
147900 -0.00266387
147900 0.0627136
148600 0
148610 0
148620 -0.0341422
148620 0.0535529
148630 -0.0649085
148630 0.136323
148640 -0.0273935
148640 0.265551
148650 -0.0545508
148650 0.260154
148660 0.0118167
148660 0.177656
148670 -0.019861
148670 0.103142
148680 -0.0636527
148680 0.0702678
148690 -0.00378809
148690 0.0772595
148700 0.0326571
148700 0.0952237
149400 -0.0468546
149400 0.405357
149410 -0.145626
149410 0.376989
149420 0.0252784
149420 0.437432
149430 -0.0621233
149430 0.382469
149440 0.0403176
149440 0.243052
149450 -0.024454
149450 0.138815
149460 -0.0791617
149460 0.0809912
149470 -0.00957149
149470 0.0729602
149480 0.0119305
149480 0.0582317
149490 0
149500 0
150200 0
150210 0
150220 -0.0426386
150230 -0.0211059
150240 -0.112182
150250 -0.0113837
150260 0.00954773
150270 0
150280 0
151020 0
151030 0
151040 0.0396036
151050 0
151060 0
152120 0
152130 0
152140 0
152140 -0.0175256
152150 0
152150 0.0098057
152160 0
152160 -0.144294
152170 0
152170 0.063158
152180 0
152180 -0.0776793
152190 0
152190 -0.0177264
152200 0
152200 0.0188291
152940 0
152950 0
152960 0
152960 0.0149288
152970 0
152970 -0.0358642
152980 0
152980 -0.114477
152990 0
152990 -0.0262541
153000 0
153000 0.0320328
153760 0
153770 0
153780 0
153780 0.0593972
153790 0
153790 -0.0593248
153800 0
153800 0.0518097
154580 0
154590 0
154600 0
154600 0.107449
155360 0
155370 0
155380 0
155380 0.0299969
155390 0.0214846
155390 0.0495799
155400 0.00186442
155400 0.0323598
156140 0
156150 0
156160 0.00165205
156160 0.0302452
156170 0.0178687
156170 -1.17609e-08
156180 0.0415113
156180 0.0648508
156190 0.0212692
156190 4.96561e-09
156200 0.0173755
156200 0.028718
156920 0
156930 0
156940 0.00554686
156940 0.0283048
156950 0.0243553
156950 -0.0321595
156960 0.0132727
156960 0.0869776
156970 -0.0763354
156970 0.103164
156980 0.0130882
156980 0.0554929
156990 0.0183411
156990 0.079517
157000 0.0184306
157000 0.0369728
157700 0
157710 0
157720 0.0245501
157720 0.0259612
157730 0.0544715
157730 -0.0657681
157740 -0.0191336
157740 0.12001
157750 -0.0971007
157750 0.165957
157760 -0.0152941
157760 0.128255
157770 -0.0199549
157770 0.0735815
157780 0.0221293
157780 0.0715398
157790 0.0163978
157790 0.0849265
157800 0.0174346
157800 0.0491151
158500 -0.0110687
158500 0.26944
158510 -0.169966
158510 0.244397
158520 -0.0767699
158520 0.234873
158530 -0.101092
158530 0.280222
158540 -0.0321794
158540 0.19706
158550 -0.015122
158550 0.111406
158560 0.0158339
158560 0.0718061
158570 -0.0332588
158570 0.0721311
158580 0.0198561
158580 0.0444959
158590 0.045381
158590 0.0721118
158600 0.0195799
158600 0.0765626
159300 0
159310 0
159320 0.041734
159320 0.122764
159330 -0.0118529
159330 0.123614
159340 0.0300797
159340 0.141936
159350 -0.0618677
159350 0.0994258
159360 0.0195158
159360 0.0481726
159370 0.0442528
159370 0.0680526
159380 0.0171599
159380 0.043356
159390 0
159400 0
160120 0
160130 0
160140 0.0197432
160150 0.0742232
160160 0.0159369
160170 0
160180 0
162040 0
162050 0
162060 0
162060 -0.00318673
162070 0
162070 0.0967205
162080 0
162080 -0.0604612
162090 0
162090 0.0709762
162100 0
162100 0.00729919
162860 0
162870 0
162880 0
162880 0.0189183
162890 0
162890 0.134436
162900 0
162900 0.0164375
163680 0
163690 0
163700 0
163700 0.0578316
164460 0
164470 0
164480 0
164480 0.00985073
164490 0
164490 -0.00870333
164500 0
164500 0.0432036
165240 0
165250 0
165260 0.000330962
165260 0.0167908
165270 0
165270 0.03428
165280 0.0133141
165280 0.0672213
165290 0.00276634
165290 0.0247434
165300 0.0121258
165300 0.0123114
166020 0
166030 0
166040 0.00113057
166040 0.0168679
166050 0.00287383
166050 0.0557524
166060 0.0175036
166060 0.0310599
166070 0.0403712
166070 0.0634239
166080 0.0179962
166080 0.0180264
166090 0.0138212
166090 0.0564575
166100 0.00872003
166100 0.0143073
166800 0
166810 0
166820 0.00920926
166820 0.0120695
166830 0.0209122
166830 0.0768231
166840 -0.0172144
166840 0.0300439
166850 0.0600927
166850 0.0648776
166860 -0.0431527
166860 0.0699878
166870 0.0311947
166870 0.0367513
166880 0.0425128
166880 0.075633
166890 0.0131745
166890 0.0638671
166900 0.00117952
166900 0.0207621
167600 -0.0724157
167600 0.129545
167610 0.142276
167610 0.153129
167620 0.0838523
167620 -0.110866
167630 0.042779
167630 0.144188
167640 -0.0812973
167640 0.110966
167650 0.0254797
167650 0.061144
167660 0.0302383
167660 0.056705
167670 0.0340149
167670 0.0716951
167680 0.0313136
167680 0.052774
167690 0.00568183
167690 0.0656664
167700 -0.00446759
167700 0.0301451
168400 0
168410 0
168420 0.035403
168420 0.0488289
168430 0.0523946
168430 0.0770103
168440 0.0637238
168440 0.155781
168450 0.0480578
168450 0.120686
168460 0.0150982
168460 0.044932
168470 0.014774
168470 0.0672674
168480 0.0386705
168480 0.046449
168490 0.00044693
168490 0.0554411
168500 -0.03171
168500 0.0563322
169220 0
169230 0
169240 0.00461138
169240 0.161909
169250 0.00217318
169250 0.165082
169260 0.058186
169260 0.0912791
169270 0.00135406
169270 0.0557177
169280 -0.0200095
169280 0.0335884
169290 0
169300 0
170040 0
170050 0
170060 -0.036752
170070 0
170080 0
171960 0
171970 0
171980 0
171980 -0.0528806
171990 0
171990 0.0553417
172000 0
172000 -0.0458135
172780 0
172790 0
172800 0
172800 -0.138048
173560 0
173570 0
173580 0
173580 -0.0359401
173590 0
173590 -0.0465559
173600 0
173600 -0.0457646
174340 0
174350 0
174360 0
174360 -0.029638
174370 0
174370 0.00725854
174380 0
174380 -0.0423584
174390 0
174390 0.00527286
174400 0.00269727
174400 -0.0189713
175120 0
175130 0
175140 0
175140 -0.0208317
175150 0.000447855
175150 0.0332467
175160 0
175160 0.011136
175170 0.0078631
175170 0.0761366
175180 0.000725202
175180 0.00304669
175190 -0.00939803
175190 0.02762
175200 0.0028002
175200 -0.0180009
175900 0
175910 0
175920 0.00187047
175920 -0.00607203
175930 0.00867284
175930 0.0531942
175940 0.00277536
175940 0.0642685
175950 0.0119132
175950 0.0713666
175960 0.0265547
175960 0.0513655
175970 0.0127598
175970 0.0239834
175980 -0.0137768
175980 0.0628632
175990 -0.00439788
175990 0.0299864
176000 0.00578321
176000 -0.0161733
176700 0.0318841
176700 0.126864
176710 0.0804908
176710 0.0913583
176720 0.0159146
176720 0.160831
176730 0.0332923
176730 0.0517207
176740 0.0374967
176740 0.072715
176750 0.000638123
176750 0.0233104
176760 0.00617144
176760 0.0374998
176770 0.0491627
176770 0.0826118
176780 -0.0133093
176780 0.0484353
176790 -0.0168295
176790 0.0371736
176800 0.00957829
176800 -0.0163295
177500 0
177510 0
177520 0.0253404
177520 -0.0329239
177530 0.0428773
177530 0.0518793
177540 -0.00224132
177540 0.128174
177550 0.0845197
177550 0.159346
177560 0.00174197
177560 0.0323135
177570 0.0106947
177570 0.0666429
177580 -0.0212367
177580 0.0553558
177590 -0.0227655
177590 0.0421131
177600 -0.0152137
177600 0.0194874
178320 0
178330 0
178340 -0.0275782
178340 0.100384
178350 -0.0309586
178350 0.172132
178360 -0.0305564
178360 0.132379
178370 -0.00194295
178370 0.0676057
178380 -0.0184426
178380 0.0465982
178390 -0.0358036
178390 0.0365175
178400 -0.0151582
178400 0.062207
179140 0
179150 0
179160 -0.0121704
179160 0.0688479
179170 0.0297115
179170 -0.0456005
179180 -0.0111889
179180 0.0406373
179190 0
179200 0
181880 0
181890 0
181900 0
181900 -0.0488398
182660 0
182670 0
182680 0
182680 -0.00789484
182690 0
182690 0.00750269
182700 0
182700 -0.0519415
183440 0
183450 0
183460 0
183460 -0.0108195
183470 0
183470 -0.053433
183480 0
183480 -0.059467
183490 0
183490 -0.0389888
183500 0
183500 -0.00920093
18400 0
184220 0
184230 0
184240 0
184240 -0.00700432
184250 0
184250 -0.0670141
184260 0
184260 -0.00733958
184270 0
184270 -0.077105
184280 0
184280 -0.00503622
184290 0.00687761
184290 -0.0195857
184300 0
184300 -0.00650203
185000 0
185010 0
185020 0
185020 0.00463383
185030 0.0022614
185030 -0.070241
185040 0
185040 0.0461526
185050 0
185050 -0.0384707
185060 0.00518999
185060 0.0650158
185070 0.00266085
185070 -0.0288137
185080 -0.0301777
185080 0.033177
185090 0.00679082
185090 -0.0213614
185100 0.000805109
185100 -0.00203953
185800 0
185800 0.128852
185810 0.0232514
185810 -0.057397
185820 0
185820 0.138723
185830 0.0107915
185830 0.0311764
185840 0.00521657
185840 0.0891805
185850 -0.0011515
185850 0.0051554
185860 -0.00518776
185860 0.0175409
185870 -0.0461653
185870 0.0788144
185880 -0.0211392
185880 0.0258788
185890 0.0126265
185890 -0.0141058
185900 -0.00104038
185900 0.00166033
186600 0
186610 0
186620 0.0145108
186620 -0.0182718
186630 0.0431161
186630 -0.0739609
186640 -0.0158123
186640 0.0666309
186650 -0.0642835
186650 0.160633
186660 0.0142795
186660 0.0173918
186670 -0.0299854
186670 0.0576562
186680 -0.0370836
186680 0.0418723
186690 -0.0093667
186690 0.0210122
186700 0.00449271
186700 0.00525033
187420 0
187430 0
187440 -0.0139458
187440 0.0358113
187450 -0.0202233
187450 0.122592
187460 -0.0628725
187460 0.119213
187470 -0.0233249
187470 0.070908
187480 -0.0261448
187480 0.0487161
187490 -0.00168659
187490 0.0354025
187500 0.0122629
187500 0.032221
188240 0
188250 0
188260 0.0121623
188260 0.0742902
188270 0.00388108
188270 0.0395093
188280 -0.0116423
188280 0.0477029
188290 0.00241693
188290 0.0325286
188300 0.0309903
188300 0.0819479
189060 0
189070 0
189080 0.0271348
189080 0.0483475
189090 0
189100 0
19180 0
19190 0
19200 -0.0620039
19200 0.248015
192540 0
192550 0
192560 0
192560 0.0263567
192570 0
192570 -0.011046
192580 0
192580 0.0387333
192590 0
192590 -0.00808615
192600 0
192600 0.0154142
193320 0
193330 0
193340 0
193340 0.00799641
193350 0
193350 -0.026964
193360 0
193360 -0.0525178
193370 0
193370 -0.0706266
193380 0
193380 -0.0247497
193390 0
193390 0.00883855
193400 0
193400 0.0174313
194100 0
194110 0
194120 0
194120 -0.0178208
194130 0
194130 -0.0282962
194140 0
194140 -0.113565
194150 0
194150 -0.0339188
194160 0
194160 -0.0892289
194170 0
194170 -0.0137819
194180 0.0026272
194180 0.00845906
194190 0
194190 -0.000544986
194200 0
194200 0.0148329
194900 0
194900 -0.204123
194910 0
194910 0.0124465
194920 0
194920 -0.202465
194930 0
194930 0.0424252
194940 0
194940 -0.0840278
194950 0
194950 0.0272818
194960 0.00433205
194960 -0.0271935
194970 0.0478235
194970 -0.0512275
194980 -0.000897971
194980 0.00619692
194990 0.00203704
194990 0.00831299
195000 0
195000 0.0157333
195700 0
195710 0
195720 0.00401839
195720 0.0133283
195730 0.0273397
195730 -0.0470516
195740 0.0165799
195740 -0.0451022
195750 -0.0775269
195750 0.0980106
195760 0.002881
195760 -0.0380129
195770 -0.0219675
195770 0.0322439
195780 0.015104
195780 0.018514
195790 0.00679677
195790 0.0108256
195800 0.000680141
195800 0.0153194
196520 0
196530 0
196540 0.00530557
196540 0.0292942
196550 0.00540849
196550 0.0532942
196560 0.027943
196560 0.0625279
196570 -0.0289029
196570 0.0533292
196580 0.0194012
196580 0.0368099
196590 0.0228168
196590 0.0338547
196600 0.0146962
196600 0.0172445
197340 0
197350 0
197360 0.0190374
197360 0.0447836
197370 0.0400299
197370 0.0436524
197380 0.0225122
197380 0.0395218
197390 0.0272426
197390 0.0482455
197400 0.0124558
197400 0.045647
198160 0
198170 0
198180 0.00887701
198180 0.0530068
198190 0.0232747
198190 0.0299972
198200 0.00994518
198200 0.0732308
19960 0
19970 0
19980 -0.0340935
19980 0.136374
19990 0.140571
20000 -0.040163
20000 0.160652
202420 0
202430 0
202440 0
202440 -0.0013131
202450 0
202450 0.0699226
202460 0
202460 -0.0111804
202470 0
202470 0.080542
202480 0
202480 -0.00594614
202490 0
202490 0.0220991
202500 0
202500 0.0015476
203200 0
203210 0
203220 0
203220 -0.0125316
203230 0
203230 0.0341595
203240 0
203240 -0.0533104
203250 0
203250 -0.0248619
203260 0
203260 -0.0724671
203270 0
203270 0.0081108
203280 0
203280 0.0246347
203290 0
203290 0.0293044
203300 0
203300 -0.000694773
204000 0
204000 -0.102358
204010 0
204010 -0.104457
204020 0
204020 -0.098474
204030 0
204030 -0.151712
204040 0
204040 -0.0597851
204050 0
204050 -0.0446527
204060 0
204060 -0.00404982
204070 0.0139585
204070 0.0486324
204080 0
204080 0.00932972
204090 0
204090 0.0201041
204100 0
204100 0.000862629
204800 0
204810 0
204820 0
204820 0.00092096
204830 0.00834601
204830 0.0755213
204840 0
204840 -0.0233859
204850 0.0276024
204850 0.0518032
204860 0
204860 -0.047752
204870 0.00835935
204870 0.0319274
204880 0.00391613
204880 0.0301858
204890 0.00109677
204890 0.0181808
204900 0
204900 -0.00146976
205620 0
205630 0
205640 0
205640 0.0134842
205650 0.0105038
205650 0.040635
205660 0.0151596
205660 0.0516769
205670 0.0245111
205670 0.0472496
205680 0.0232552
205680 0.0264739
205690 0.00952436
205690 0.0287049
205700 -0.00418736
205700 0.00718949
206440 0
206450 0
206460 -0.00180364
206460 0.0120241
206470 0.00293993
206470 0.0384273
206480 0.0236034
206480 0.0338664
206490 0.00206692
206490 0.0495567
206500 -0.0115782
206500 0.0205432
207260 0
207270 0
207280 -0.0213966
207280 0.0306383
207290 -0.00493658
207290 0.0412313
207300 -0.0204605
207300 0.0343671
20740 0
20750 0
20760 -0.0257056
20760 0.102823
20770 0.139025
20780 -0.0236325
20780 0.0945299
20790 0
20800 0
208080 0
208090 0
208100 -0.025712
208100 0.0342542
208860 0
208870 0
208880 -0.013784
208880 0.165331
208890 0
208900 0
209640 0
209650 0
209660 -0.0255008
209670 0
209680 0
210420 0
210430 0
210440 -0.0222889
210450 0
210460 0
211200 0
211210 0
211220 -0.0190545
211230 0
211240 0
212000 -0.0282862
212010 0
212020 0
212300 0
212310 0
212320 0
212320 0.03938
212330 0
212330 -0.00262832
212340 0
212340 0.150232
212350 0
212350 -0.00758969
212360 0
212360 0.116493
212370 0
212370 -0.00200629
212380 0
212380 0.00857627
212390 0
212390 0.00177337
212400 0
212400 -0.0121417
213100 0
213100 0.159597
213110 0
213110 -0.086769
213120 0
213120 0.133247
213130 0
213130 -0.0896127
213140 0
213140 0.0271516
213150 0
213150 -0.0489887
213160 0
213160 0.0380012
213170 0
213170 0.0481839
213180 0
213180 0.0227531
213190 0
213190 -0.00710898
213200 0
213200 -0.0145808
213900 0
213910 0
213920 0
213920 0.0132673
213930 0
213930 0.0311133
213940 0
213940 0.102367
213950 0
213950 0.0488262
213960 0
213960 0.0812038
213970 0
213970 0.0165051
213980 0
213980 -0.00397223
213990 0
213990 -0.00449881
214000 0
214000 -0.0145369
214720 0
214730 0
214740 0
214740 -0.0248763
214750 0
214750 0.0105998
214760 0
214760 -0.00952685
214770 0.0053422
214770 0.0500214
214780 -0.00995181
214780 0.0120348
214790 -0.0155296
214790 0.0169829
214800 0.00163592
214800 -0.0156071
21520 0
21530 0
21540 -0.0233747
21550 0.140248
215540 0
215550 0
215560 0
215560 -0.0240082
215570 0.0236679
215570 -0.0309481
215580 0.0103083
215580 -0.0318218
215590 -0.0221203
215590 0.030778
215600 0.00514841
215600 -0.0145332
21560 -0.0188683
21570 0
21580 0
216360 0
216370 0
216380 0.00845456
216380 -0.0132369
216390 0.0287084
216390 -0.0354561
216400 -0.0111969
216400 0.0137198
217180 0
217190 0
217200 -0.00791194
217200 0.0130302
217960 0
217970 0
217980 -0.0191102
217980 0.198271
217990 0.0981612
217990 0.267609
218000 0.0382468
218000 -0.0771729
218740 0
218750 0
218760 -0.0172102
218760 0.185431
218770 0.00958617
218770 0.220757
218780 -0.0158222
218780 0.161559
218790 0
218800 0
219520 0
219530 0
219540 -0.0206713
219550 -0.0322812
219560 -0.016686
219570 0
219580 0
220300 0
220310 0
220320 -0.0292112
220330 -0.0562146
220340 -0.0194742
220350 0
220360 0
221100 -0.0766222
221110 -0.0962727
221120 -0.0245387
221130 0
221140 0
222200 0
222200 1.71097e-16
222210 0
222210 0.2983
222220 0
222220 9.0051e-17
222230 0
222230 0.281906
222240 0
222240 -1.26071e-16
222250 0
222250 0.0976007
222260 0
222260 1.03559e-16
222270 0
222270 -0.0405498
222280 0
222280 2.25127e-17
222290 0
222290 -0.0222357
222300 0
222300 -1.68846e-18
22300 0
223000 0
223010 0
223020 0
223020 0.00982464
223030 0
223030 -0.0433276
223040 0
223040 0.0429245
223050 0
223050 0.00731269
223060 0
223060 0.0657043
223070 0
223070 -0.0135865
223080 0
223080 -0.0261572
223090 0
223090 -0.0267499
22310 0
223100 0
223100 0.0017901
22320 -0.0267443
22330 0.158221
22340 -0.0178295
22350 0
22360 0
223820 0
223830 0
223840 0
223840 -0.00833915
223850 0
223850 -0.0594755
223860 0
223860 -0.0327835
223870 0
223870 -0.0688696
223880 0.00358895
223880 -0.0177753
223890 0.00504117
223890 -0.0171833
223900 0
223900 0.00191076
224640 0
224650 0
224660 0
224660 -0.00329231
224670 0.00747982
224670 -0.0152528
224680 0.00256666
224680 -0.0467911
224690 0.00886246
224690 -0.0110095
224700 0.000278159
224700 0.00689394
225460 0
225470 0
225480 0.00057803
225480 0.0162543
225490 0.00688368
225490 0.00852172
225500 0.0078326
225500 0.0139168
226280 0
226290 0
226300 0.00547709
226300 0.0316656
227060 0
227070 0
227080 -0.00706961
227080 0.140787
227090 -0.0332264
227090 0.31206
227100 0.0320598
227100 0.0338035
227840 0
227850 0
227860 0.135279
227860 9.89922e-05
227870 -0.0160681
227870 0.255969
227880 0.085223
227880 0.217732
227890 -0.0100063
227890 0.187824
227900 0.0772649
227900 -0.0774639
228620 0
228630 0
228640 -0.00316331
228640 0.148999
228650 -0.0121855
228650 0.276265
228660 0.0426225
228660 0.276349
228670 -0.00759263
228670 0.179263
228680 -0.0213498
228680 0.1109
228690 0
228700 0
229400 0
229410 0
229420 -0.0116559
229430 -0.0154964
229440 0.000999412
229450 -0.00835817
229460 -0.00896551
229470 0
229480 0
230200 -0.0603764
230210 -0.0318589
230220 -0.0345167
230230 -0.010203
230240 -0.00385964
230250 0
230260 0
231000 0
23100 -0.0624445
231010 0
231020 0.00797915
231030 0
231040 0
23110 0.241846
23120 -0.0199982
23130 0
23140 0
232920 0
232930 0
232940 0
232940 0.0127187
232950 0
232950 -0.0170114
232960 0
232960 -0.0305338
232970 0
232970 -0.062412
232980 0
232980 -0.0128033
232990 0
232990 0.013285
233000 0
233000 0.0157168
233740 0
233750 0
233760 0
233760 0.0269418
233770 0
233770 0.0209159
233780 0
233780 0.0380286
233790 0
233790 0.0151941
233800 0
233800 0.0159404
234560 0
234570 0
234580 0
234580 0.0180166
234590 0
234590 0.0433417
234600 0.00542969
234600 0.0153032
235380 0
235390 0
235400 0.00446867
235400 0.0134347
236160 0
236170 0
236180 0.0245654
236180 0.0593637
236190 -0.072731
236190 0.214719
236200 0.00826812
236200 0.0241385
236940 0
236950 0
236960 0.0203469
236960 0.0585702
236970 -0.0135417
236970 0.174458
236980 -0.0112842
236980 0.194605
236990 -0.00921592
236990 0.155532
237000 0.0225905
237000 0.0655201
237720 0
237730 0
237740 0.0230868
237740 0.0680045
237750 0.0105053
237750 0.210567
237760 -0.00121005
237760 0.269305
237770 0.0684194
237770 0.189502
237780 0.0103728
237780 0.121228
237790 -0.0721293
237790 0.121356
237800 0.0209574
237800 0.114858
238500 0
238510 0
238520 0.0319056
238520 0.120058
238530 0.0225441
238530 0.248325
238540 0.00776603
238540 0.338677
238550 0.0701806
238550 0.254981
238560 0.0112819
238560 0.177454
238570 -0.0424326
238570 0.108164
238580 0.0194563
238580 0.0794027
238590 0
238600 0
239300 0.087438
239310 0.0514222
239320 0.0159636
239330 0.0570556
239340 0.0142561
239350 -0.0294594
239360 0.017541
239370 0
239380 0
240100 0
240110 0
240120 0.0265149
240130 -0.0366453
240140 0.0176766
240150 0
240160 0
242840 0
242850 0
242860 0
242860 0.00502223
242870 0
242870 0.0350657
242880 0
242880 0.0564468
242890 0
242890 0.0255866
242900 0
242900 -0.00587954
243660 0
243670 0
243680 0
243680 -0.0118955
243690 0
243690 -0.00779436
243700 0.00176833
243700 0.00348757
244480 0
244490 0
244500 0.00157691
244500 -0.0300478
245260 0
245270 0
245280 0.00445326
245280 0.0118432
245290 0.0533505
245290 0.0878935
245300 0.011781
245300 -0.033285
246040 0
246050 0
246060 0.000358581
246060 0.0128399
246070 0.0268697
246070 0.0739675
246080 -0.0690064
246080 0.110894
246090 0.0188907
246090 0.0827725
246100 0.00455216
246100 0.0478962
246820 0
246830 0
246840 0.0044608
246840 0.0170923
246850 0.0227475
246850 0.114218
246860 -0.0256798
246860 0.165214
246870 -0.00354149
246870 0.135095
246880 -0.00736165
246880 0.0924264
246890 0.0253125
246890 0.123226
246900 0.00626642
246900 0.0689881
247600 0
247610 0
247620 0.0144844
247620 0.056288
247630 0.0307737
247630 0.151572
247640 0.0155458
247640 0.235093
247650 0.00203329
247650 0.215541
247660 0.0449895
247660 0.16062
247670 0.0168657
247670 0.0935242
247680 -0.0595164
247680 0.0724011
247690 0.0172572
247690 0.105882
247700 0.0581328
247700 0.138161
248400 0.0950676
248400 0.463227
248410 0.0694086
248410 0.390353
248420 0.0718111
248420 0.392951
248430 0.0137436
248430 0.346975
248440 0.065054
248440 0.218979
248450 0.0180359
248450 0.125346
248460 -0.0629157
248460 0.0917916
248470 0.0146475
248470 0.0906803
248480 0.0301451
248480 0.0688973
248490 0
248500 0
249200 0
249210 0
249220 -0.00573912
249230 0.0236802
249240 -0.0794059
249250 0.0127722
249260 0.0247924
249270 0
249280 0
250020 0
250030 0
250040 0.0460126
250050 0
250060 0
252760 0
252770 0
252780 0
252780 -0.0245689
252790 0
252790 -0.0518844
252800 0
252800 0.0193339
253580 0
253590 0
253600 0
253600 -0.0601866
254360 0
254370 0
254380 0
254380 -0.0264253
254390 0.0169237
254390 0.0630389
254400 0.00281612
254400 -0.0201611
255140 0
255150 0
255160 0.000704436
255160 -0.0202769
255170 0.00663471
255170 0.0189044
255180 0.0303307
255180 0.0359583
255190 0.00474221
255190 0.0289477
255200 -0.0238596
255200 0.0255316
255920 0
255930 0
255940 0.00159615
255940 -0.0217438
255950 -0.00960043
255950 0.0453576
255960 0.0131146
255960 0.059776
255970 0.0635518
255970 -0.0655736
255980 -0.000446107
255980 0.0517146
255990 0.032025
255990 0.104287
256000 -0.020449
256000 0.0332795
256700 0
256710 0
256720 -0.0275242
256720 0.0321958
256730 -0.0113108
256730 0.0819231
256740 0.00365957
256740 0.126124
256750 -0.0485035
256750 0.142604
256760 -0.015346
256760 0.104502
256770 0.0617484
256770 3.8277e-05
256780 0.0077643
256780 0.0862492
256790 0.020922
256790 0.107114
256800 -0.0254736
256800 0.0662191
257500 -0.0604173
257500 0.351684
257510 0.00235693
257510 0.356174
257520 0.002817
257520 0.251081
257530 -0.00864121
257530 0.300287
257540 -0.01843
257540 0.158579
257550 0.0186165
257550 0.102661
257560 0.00685757
257560 0.0809684
257570 -0.0387643
257570 0.0875789
257580 -0.00616234
257580 0.0646329
257590 0.0599056
257590 0.113849
257600 -0.0353099
257600 0.137956
258300 0
258310 0
258320 -0.0275218
258320 0.172269
258330 -0.0057233
258330 0.201488
258340 0.00854944
258340 0.188485
258350 -0.0670792
258350 0.148614
258360 -0.00608932
258360 0.0914543
258370 0.0540649
258370 0.106554
258380 -0.0231282
258380 0.0652944
258390 0
258400 0
259120 0
259130 0
259140 -0.0256118
259150 0.0822578
259160 -0.0206741
259170 0
259180 0
262680 0
262690 0
262700 0
262700 -0.0433879
263460 0
263470 0
263480 0
263480 0.00339155
263490 0
263490 -0.0788041
263500 0
263500 -0.00837914
264240 0
264250 0
264260 0.002399
264260 8.39847e-05
264270 0.00279095
264270 -0.0337276
264280 0.00439946
264280 0.0638747
264290 0.00561588
264290 -0.0243447
264300 0.00883631
264300 -0.0108302
265020 0
265030 0
265040 0
265040 -0.00334043
265050 0.0106931
265050 -0.0290809
265060 0.00969276
265060 0.0111198
265070 0.0147004
265070 0.0153282
265080 0.00421214
265080 0.0214242
265090 -0.0328485
265090 0.0688196
265100 -0.00411533
265100 0.00977576
265800 0
265810 0
265820 -0.0134481
265820 0.0181646
265830 -0.0411349
265830 0.041848
265840 -0.0277048
265840 0.0552278
265850 0.00029789
265850 0.0891449
265860 0.0478313
265860 -0.0574373
265870 -0.0169407
265870 0.03702
265880 0.0407615
265880 0.0900371
265890 -0.0238074
265890 0.0710378
265900 -0.0131872
265900 0.0274802
266600 -0.0896949
266600 0.182822
266610 -0.097807
266610 0.291919
266620 -0.0747654
266620 0.126551
266630 -0.022362
266630 0.240328
266640 -0.0664932
266640 0.0768235
266650 -0.0284397
266650 0.0780418
266660 0.0227684
266660 0.0632719
266670 -0.00379566
266670 0.104136
266680 0.0194294
266680 0.0725384
266690 -0.0255865
266690 0.101684
266700 -0.0176497
266700 0.053807
267400 0
267410 0
267420 0.000846687
267420 0.0758308
267430 -0.0317391
267430 0.155165
267440 0.0310755
267440 0.184363
267450 0.00223402
267450 0.204585
267460 -0.0119199
267460 0.0833183
267470 -0.0187488
267470 0.116686
267480 0.0405673
267480 0.0750902
267490 -0.0206087
267490 0.108358
267500 -0.0568998
267500 0.129463
268220 0
268230 0
268240 -0.00823821
268240 0.213179
268250 -0.0301484
268250 0.267258
268260 0.0648001
268260 0.16156
268270 -0.018785
268270 0.104447
268280 -0.0359663
268280 0.0659861
268290 0
268300 0
269040 0
269050 0
269060 -0.0538651
269070 0
269080 0
273340 0
273350 0
273360 0
273360 0.0181123
273370 0
273370 0.00710053
273380 0
273380 -0.0569471
273390 0
273390 0.00515808
273400 0.00146368
273400 0.0174961
274120 0
274130 0
274140 0
274140 0.0181318
274150 0
274150 0.0133403
274160 0
274160 -0.0238142
274170 0
274170 0.0659563
274180 0.00532433
274180 -0.00732417
274190 -0.0210061
274190 0.0305798
274200 0.00110739
274200 0.0168487
274900 0
274910 0
274920 0.00541121
274920 0.0183253
274930 0.00358827
274930 0.0196063
274940 0.0151541
274940 -0.0170061
274950 0.0243654
274950 0.0537991
274960 0.0125302
274960 0.0191297
274970 0.00264093
274970 0.0197629
274980 -0.0226147
274980 0.0644697
274990 -0.00971241
274990 0.0282896
27500 0
275000 0.0083821
275000 0.0208707
275700 0.00201726
275700 0.0462647
275710 -0.0507123
275710 0.167697
275720 0.0344912
275720 -0.0382385
275730 -0.0390867
275730 0.147255
275740 0.0111189
275740 0.0186492
275750 -0.0333058
275750 0.0474278
275760 -0.0168394
275760 0.0387361
275770 0.0465095
275770 0.127074
275780 -0.00722211
275780 0.053549
275790 -0.0264722
275790 0.058838
275800 0.0171903
275800 0.0223045
276500 0
276510 0
276520 0.0235306
276520 0.0326717
276530 0.0178215
276530 0.110694
276540 -0.0182185
276540 0.12616
276550 0.067734
276550 0.256996
276560 0.00580357
276560 0.0505777
276570 0.000887687
276570 0.113945
276580 -0.00634689
276580 0.0719422
276590 -0.0280196
276590 0.0879392
276600 0.027701
276600 0.0459301
277320 0
277330 0
277340 0.0241242
277340 0.105446
277350 -0.0334592
277350 0.252893
277360 -0.011827
277360 0.191264
277370 0.00601762
277370 0.120311
277380 0.00884148
277380 0.0715126
277390 -0.0487919
277390 0.0866431
277400 0.0391659
277400 0.146381
278140 0
278150 0
278160 0.0289279
278160 0.104751
278170 0.0600432
278170 -0.0626423
278180 0.0265949
278180 0.0734716
278190 0
278200 0
28280 0
28290 0
28300 -0.126675
28300 0.190012
283220 0
283230 0
283240 0
283240 0.00310347
283250 0
283250 0.0316968
283260 0
283260 0.0102619
283270 0
283270 -0.0348311
283280 0
283280 0.00566543
283290 0.00693286
283290 0.0416568
283300 0
283300 -0.000250343
284000 0
284010 0
284020 0
284020 0.0117797
284030 0.00639414
284030 0.0459826
284040 0
284040 0.0377671
284050 -0.00361516
284050 0.0200473
284060 0.000616582
284060 0.0653555
284070 0.00640436
284070 0.0162487
284080 0.027144
284080 -0.033171
284090 0.0050416
284090 0.0271875
284100 0.00161585
284100 0.00605769
284800 0
284800 0.0551189
284810 0.0485648
284810 0.100302
284820 0
284820 0.049523
284830 0.0219607
284830 0.0467459
284840 0
284840 0.043925
284850 0.0152163
284850 0.0365522
284860 -0.00828863
284860 0.0152179
284870 -0.00840359
284870 0.113324
284880 -0.0130039
284880 0.021449
284890 0.0221202
284890 0.0309462
284900 0.00308888
284900 0.00611765
285600 0
285610 0
285620 0.00440797
285620 0.0112518
285630 0.0365043
285630 0.071748
285640 0.00518642
285640 0.049556
285650 -0.0120784
285650 0.226984
285660 0.0165405
285660 0.0386266
285670 0.0151201
285670 0.0855945
285680 -0.0377704
285680 0.0417041
285690 0.0272221
285690 0.0480209
285700 0.0131576
285700 0.0139192
286420 0
286430 0
286440 -0.00198371
286440 0.0274975
286450 0.036429
286450 0.154911
286460 -0.0604192
286460 0.141445
286470 0.011394
286470 0.102377
286480 -0.0213957
286480 0.0585375
286490 0.0271174
286490 0.0829073
286500 0.0224769
286500 0.0673921
287240 0
287250 0
287260 0.0213404
287260 0.0883995
287270 0.0315071
287270 0.0758668
287280 -0.0149352
287280 0.0629915
287290 0.0196209
287290 0.0727618
287300 0.0498208
287300 0.16112
288060 0
288070 0
288080 0.0424456
288080 0.0682864
288090 0
288100 0
29060 0
29070 0
29080 -0.0659574
29080 0.0989361
29090 -0.0504206
29090 0.201683
29100 -0.0635792
29100 0.0953687
293100 0
293110 0
293120 0
293120 -0.00448131
293130 0
293130 0.00586675
293140 0
293140 0.0327367
293150 0
293150 0.00920667
293160 0
293160 -0.026499
293170 0
293170 0.00311222
293180 0.00486172
293180 0.0420942
293190 0
293190 -0.000848299
293200 0
293200 -0.0193944
293900 0
293900 0.0790607
293910 0
293910 0.0821468
293920 0
293920 0.086819
293930 0
293930 0.0753276
293940 0
293940 0.00578149
293950 0
293950 0.0459304
293960 0.00266922
293960 0.0283569
293970 -0.0498072
293970 0.0624221
293980 0.00319662
293980 0.0166314
293990 0.00455056
293990 0.0149152
294000 0
294000 -0.0187389
294700 0
294710 0
294720 0.00180321
294720 -0.0159084
294730 -0.017428
294730 0.0347524
294740 0.00756972
294740 0.0257715
294750 -0.0487092
294750 0.12054
294760 0.00165003
294760 -0.0126145
294770 -0.00918302
294770 0.0405214
294780 0.0118885
294780 0.0224684
294790 0.0136384
294790 0.0172212
294800 0.00199268
294800 -0.0223766
295520 0
295530 0
295540 0.0023054
295540 -0.020017
295550 0.00649415
295550 0.057617
295560 0.0305303
295560 0.0597774
295570 -0.0384935
295570 0.0586046
295580 0.00719697
295580 0.0347149
295590 0.0297479
295590 0.0696797
295600 -0.0258742
295600 0.0308452
296340 0
296350 0
296360 -0.0287439
296360 0.0417089
296370 0.0488442
296370 0.082477
296380 -0.00184151
296380 0.0395147
296390 0.0332413
296390 0.0888622
296400 -0.0311008
296400 0.0776578
297160 0
297170 0
297180 -0.0334587
297180 0.0647954
297190 0.0335714
297190 0.0537787
297200 -0.0383261
297200 0.120935
29840 0
29850 0
29860 -0.0460076
29860 0.0727217
29870 -0.0481595
29870 0.192638
29880 0.0491789
29880 0.138595
29890 -0.0299911
29890 0.119964
29900 0.0771199
29900 -0.122642
303000 0
303000 2.70153e-17
303010 0
303010 -0.0516871
303020 0
303020 2.70153e-17
303030 0
303030 0.0027668
303040 0
303040 -6.58146e-17
303050 0
303050 -0.0372453
303060 0
303060 3.82717e-17
303070 0.0164503
303070 0.0308208
303080 0
303080 6.75382e-18
303090 0
303090 -0.0362617
303100 0
303800 0
303810 0
303820 0
303820 -0.00930124
303830 0.00909615
303830 -0.0378246
303840 0
303840 -0.0346272
303850 0.0201647
303850 0.0294906
303860 0
303860 -0.0612508
303870 0.00886643
303870 -0.0118057
303880 0
303880 0.0321734
303890 0.00310212
303890 -0.0302454
303900 0
303900 -0.00513777
304620 0
304630 0
304640 0
304640 0.00507321
304650 0.0104649
304650 -0.0369273
304660 0.0109295
304660 0.0425199
304670 0.0053546
304670 0.0182243
304680 0.0153426
304680 0.0203506
304690 -0.0345683
304690 0.0502966
304700 -0.00798841
304700 0.0109875
305440 0
305450 0
305460 -0.00580029
305460 0.00828187
305470 -0.0450142
305470 0.072749
305480 0.0166648
305480 0.042239
305490 -0.0316473
305490 0.0760073
305500 -0.0178875
305500 0.0309626
30620 0
306260 0
306270 0
306280 -0.0302936
306280 0.0434438
306290 -0.0273923
306290 0.0645284
30630 0
306300 -0.0279271
306300 0.0507073
30640 -0.0364357
30640 0.0676664
30650 -0.0477056
30650 0.190822
30660 0.0896894
30660 0.158681
30670 -0.0297247
30670 0.118899
30680 0.04631
30680 -0.0753916
30690 0
30700 0
307080 0
307090 0
307100 -0.0404223
307100 0.0493366
307860 0
307870 0
307880 -0.0522324
307880 0.142891
307890 0
307900 0
308640 0
308650 0
308660 -0.0427591
308670 0
308680 0
309420 0
309430 0
309440 -0.0276127
309450 0
309460 0
310200 0
310210 0
310220 -0.0189954
310230 0
310240 0
311000 -0.0246443
311010 0
311020 0
313720 0
313730 0
313740 0
313740 0.0144203
313750 0
313750 0.0137766
313760 0
313760 -0.0452427
313770 0.00137808
313770 0.0609417
313780 0.00342099
313780 -0.0182912
313790 -0.018202
313790 0.0260223
313800 0.00222336
313800 0.0219182
31400 0
31410 0
31420 -0.0291804
31430 -0.0545916
31440 0.118868
31450 -0.0294445
314540 0
314550 0
314560 0
314560 0.0249478
314570 -0.0313294
314570 0.0427768
314580 0.00384108
314580 -0.022506
314590 -0.0223929
314590 0.0399456
314600 0.00695083
314600 0.0267221
31460 -0.0649826
31470 0
31480 0
315360 0
315370 0
315380 0.0244819
315380 0.0386631
315390 0.0447195
315390 -0.0462832
315400 0.0182574
315400 0.0344076
316180 0
316190 0
316200 0.0174136
316200 0.0331764
316960 0
316970 0
316980 0.0269245
316980 0.148975
316990 0.0746938
316990 0.231245
317000 -0.000685317
317000 0.0468387
317740 0
317750 0
317760 0.0249699
317760 0.152733
317770 -0.038092
317770 0.172556
317780 0.0229561
317780 0.136767
317790 0
317800 0
318520 0
318530 0
318540 0.0246388
318550 -0.0670643
318560 0.0198886
318570 0
318580 0
319300 0
319310 0
319320 0.0299307
319330 -0.0758052
319340 0.0199538
319350 0
319360 0
320100 0.0727581
320110 -0.107292
320120 0.0233011
320130 0
320140 0
32200 0.0282817
32210 -0.0948598
32220 0.168408
32230 -0.0303795
32240 -0.0718949
32250 0
32260 0
323640 0
323650 0
323660 0
323660 -0.00459576
323670 0.0123276
323670 0.0531137
323680 0
323680 -0.0565702
323690 0.00958528
323690 0.0383376
323700 0
323700 0.00889293
324460 0
324470 0
324480 0.0089116
324480 0.0176904
324490 0.0191881
324490 0.0497802
324500 0.0070165
324500 0.0152022
325280 0
325290 0
325300 0.0055681
325300 0.0549985
326060 0
326070 0
326080 0.0233321
326080 0.0900908
326090 -0.00781489
326090 0.24283
326100 0.0351368
326100 0.0646311
326840 0
326850 0
326860 0.0211771
326860 0.0986572
326870 0.0200385
326870 0.183373
326880 0.0910181
326880 0.154675
326890 0.0124789
326890 0.161171
326900 -0.0256962
326900 0.0877293
327620 0
327630 0
327640 0.0144516
327640 0.12352
327650 0.027638
327650 0.233832
327660 0.0110074
327660 0.215057
327670 0.0172208
327670 0.133983
327680 0.0101069
327680 0.0974786
327690 0
327700 0
328400 0
328410 0
328420 0.00741284
328430 0.0335458
328440 -0.0395392
328450 0.0180933
328460 0.0199229
328470 0
328480 0
329200 -0.0335309
329210 0.0586563
329220 -0.0789038
329230 0.018785
329240 0.0267752
329250 0
329260 0
33000 0
330000 0
330010 0
330020 0.0557998
330030 0
330040 0
33010 0
33020 -0.132655
33030 0
33040 0
333560 0
333570 0
333580 0
333580 -0.0396977
333590 0.00513794
333590 0.0502068
333600 0.00198336
333600 -0.0309868
334380 0
334390 0
334400 0.0021071
334400 0.0303931
335160 0
335170 0
335180 0.0294069
335180 -0.0322673
335190 -0.0543629
335190 0.146012
335200 0.0144338
335200 0.0211472
335940 0
335950 0
335960 -0.0283996
335960 0.036821
335970 0.0222089
335970 0.125864
335980 -0.0355909
335980 0.118079
335990 0.0151145
335990 0.138309
336000 0.0115559
336000 0.0562959
336720 0
336730 0
336740 -0.0264463
336740 0.0548509
336750 0.0389914
336750 0.207133
336760 -0.00864145
336760 0.176972
336770 0.0869096
336770 0.122784
336780 -0.0137785
336780 0.0872796
336790 -0.0599593
336790 0.123806
336800 -0.00705961
336800 0.138492
337500 0
337510 0
337520 -0.0295298
337520 0.147933
337530 0.0420604
337530 0.224968
337540 0.00569712
337540 0.26822
337550 0.0551965
337550 0.187221
337560 -0.00736384
337560 0.145811
337570 -0.0126055
337570 0.093674
337580 -0.023369
337580 0.0813396
337590 0
337600 0
338300 -0.0544449
338310 0.0550632
338320 0.0173781
338330 0.0193031
338340 -0.00742073
338350 0.00945597
338360 -0.0223108
338370 0
338380 0
339100 0
339110 0
339120 -0.03567
339130 0.0282368
339140 -0.02378
339150 0
339160 0
343480 0
343490 0
343500 0
343500 0.0553092
344260 0
344270 0
344280 0.00328559
344280 -0.016283
344290 0.00851696
344290 0.0476741
344300 0.00560162
344300 0.00562645
345040 0
345050 0
345060 0.00632974
345060 -0.0126145
345070 -0.0332182
345070 0.0692034
345080 0.0549792
345080 -0.068139
345090 -0.023354
345090 0.0836282
345100 0.0225234
345100 0.029331
345820 0
345830 0
345840 -0.00601139
345840 0.0177205
345850 -0.0420337
345850 0.146308
345860 0.00464794
345860 0.0865079
345870 -0.0452309
345870 0.0779051
345880 -0.00036719
345880 0.0670491
345890 -0.00606072
345890 0.132856
345900 0.0026493
345900 0.0609757
346600 0
346610 0
346620 0.00280665
346620 0.0810638
346630 -0.0495537
346630 0.160438
346640 0.0484118
346640 0.217735
346650 -0.0324585
346650 0.194209
346660 0.058796
346660 0.110491
346670 -0.0180349
346670 0.0795076
346680 0.0703505
346680 -0.0731894
346690 -0.00885315
346690 0.138406
346700 0.0500873
346700 0.171429
347400 0.0735418
347400 0.573965
347410 -0.0860903
347410 0.500023
347420 0.0976845
347420 0.439481
347430 -0.0220567
347430 0.399369
347440 0.0586727
347440 0.169789
347450 -0.0203557
347450 0.135401
347460 -0.0552977
347460 0.102167
347470 -0.014983
347470 0.119468
347480 0.00686576
347480 0.08082
347490 0
347500 0
348200 0
348210 0
348220 -0.0266824
348230 -0.0316112
348240 -0.0531449
348250 -0.0170498
348260 -0.000260004
348270 0
348280 0
349020 0
349030 0
349040 0.00689016
349050 0
349060 0
354140 0
354150 0
354160 0.000150589
354160 0.0293182
354170 -0.021509
354170 0.0349827
354180 0.0123502
354180 0.0396376
354190 -0.0153737
354190 0.0368348
354200 0.00908915
354200 0.020698
354920 0
354930 0
354940 0.00393332
354940 0.0231397
354950 -0.0283597
354950 0.0758855
354960 -0.0099011
354960 0.0204664
354970 0.0346381
354970 -0.0752776
354980 0.00214638
354980 0.0384118
354990 0.0211144
354990 0.109467
355000 0.0176468
355000 0.024521
355700 0
355710 0
355720 0.0199795
355720 0.0445216
355730 -0.0205981
355730 0.103309
355740 -0.0355776
355740 0.140684
355750 -0.0230293
355750 0.202517
355760 -0.0253764
355760 0.058925
355770 -0.00705516
355770 0.069535
355780 0.0220309
355780 0.0786045
355790 0.000934101
355790 0.128049
355800 0.0203784
355800 0.0604579
356500 -0.00473686
356500 0.38632
356510 0.0142745
356510 0.519422
356520 -0.0680525
356520 0.304332
356530 0.0375357
356530 0.480501
356540 -0.0233827
356540 0.110949
356550 0.0159965
356550 0.149915
356560 0.00954785
356560 0.0754092
356570 -0.0669879
356570 0.127228
356580 0.0167674
356580 0.0724084
356590 0.0542967
356590 0.17878
356600 0.025825
356600 0.163482
357300 0
357310 0
357320 0.0356948
357320 0.178061
357330 -0.0445459
357330 0.345839
357340 0.011127
357340 0.179748
357350 -0.0867643
357350 0.239066
357360 0.0132042
357360 0.124599
357370 0.0382263
357370 0.163124
357380 0.020752
357380 0.0799791
357390 0
357400 0
358120 0
358130 0
358140 0.0247868
358150 0.0588859
358160 0.0200082
358170 0
358180 0
364020 0
364030 0
364040 0
364040 -0.00191738
364050 0.0212597
364050 0.0542583
364060 0.000326937
364060 -0.0207772
364070 0.00973135
364070 0.062021
364080 -0.00981066
364080 0.0111453
364090 0.0132914
364090 0.0660961
364100 0
364100 0.0048062
364800 0
364810 0
364820 -0.00994072
364820 0.0176136
364830 0.0538538
364830 0.0621798
364840 -0.0515255
364840 0.0600625
364850 0.0226395
364850 0.180527
364860 0.0198172
364860 -0.0692455
364870 0.0220103
364870 0.0585672
364880 0.0406302
364880 0.0639439
364890 0.0192881
364890 0.0740166
364900 -0.00460673
364900 0.0152419
365600 -0.0645213
365600 0.153929
365610 0.0671721
365610 0.440012
365620 -0.0717362
365620 0.127215
365630 -0.0112656
365630 0.440129
365640 0.042867
365640 -0.0452036
365650 0.0105862
365650 0.136145
365660 0.00991385
365660 0.0452271
365670 0.0392692
365670 0.150928
365680 0.0129355
365680 0.0595376
365690 0.00773077
365690 0.148847
365700 -0.00191033
365700 0.0448924
36600 0
366400 0
366410 0
366420 0.00600086
366420 0.0624076
366430 0.054934
366430 0.257939
366440 -0.00858589
366440 0.128124
366450 0.044789
366450 0.296996
366460 -0.0331745
366460 0.0928867
366470 0.01724
366470 0.166772
366480 0.0583906
366480 0.0739548
366490 0.00410069
366490 0.176636
366500 -0.042158
366500 0.160424
367220 0
367230 0
367240 0.0139423
367240 0.167767
367250 0.0110207
367250 0.315162
367260 0.0832243
367260 0.185266
367270 0.00686684
367270 0.147371
367280 -0.021104
367280 0.0771682
367290 0
367300 0
368040 0
368050 0
368060 -0.0408793
368070 0
368080 0
37380 0
37390 0
373900 0
373910 0
373920 0.00295935
373920 -0.00424467
373930 -0.00503537
373930 0.0313777
373940 0.0112503
373940 0.0719212
373950 -0.0140733
373950 0.106581
373960 0.00280757
373960 0.0567882
373970 -0.0026532
373970 0.0337174
373980 -0.013748
373980 0.0277982
373990 0.00394048
373990 0.0244458
374000 0.00136595
374000 -0.0170816
37400 0.0845705
374700 0.0230643
374700 0.065252
374710 -0.0746191
374710 0.241506
374720 0.0204345
374720 0.10455
374730 -0.0797138
374730 0.245967
374740 0.00618547
374740 0.0348493
374750 -0.0391977
374750 0.0774097
374760 0.0102199
374760 0.0168772
374770 0.0592174
374770 0.162567
374780 -0.00467834
374780 0.0251505
374790 -0.018039
374790 0.0804603
374800 0.00741011
374800 -0.0193576
375500 0
375510 0
375520 0.0146129
375520 -0.0239765
375530 0.0327283
375530 0.154089
375540 0.0249661
375540 0.0514088
375550 0.0587142
375550 0.315055
375560 0.0187392
375560 0.0397335
375570 0.0087961
375570 0.137163
375580 -0.0219953
375580 0.043942
375590 -0.0140759
375590 0.134478
375600 -0.0178356
375600 0.0474129
376320 0
376330 0
376340 -0.0303466
376340 0.0582457
376350 -0.00401022
376350 0.260391
376360 -0.0295034
376360 0.178428
376370 0.0356586
376370 0.142963
376380 -0.0195147
376380 0.0596238
376390 -0.0493022
376390 0.136375
376400 -0.0191061
376400 0.187552
377140 0
377150 0
377160 -0.0163049
377160 0.102683
377170 -0.0671475
377170 0.081577
377180 -0.0149899
377180 0.0760917
377190 0
377200 0
38160 0
38170 0
38180 0.041341
38190 -0.107804
38190 0.161706
38200 0.037874
383800 0
383800 -1.44082e-16
383810 0.00240334
383810 0.0614283
383820 0
383820 9.0051e-18
383830 0.0612962
383830 0.0759843
383840 0
383840 -2.70153e-17
383850 0.0135747
383850 0.0196078
383860 0
383860 9.0051e-18
383870 -0.0493071
383870 0.127349
383880 0
383880 1.68846e-18
383890 -0.0159998
383890 0.0274592
383900 0
383900 1.12564e-18
384600 0
384610 0
384620 0
384620 0.00844884
384630 -0.0634122
384630 0.0783871
384640 0
384640 0.0393797
384650 -0.0408196
384650 0.237292
384660 0.0043503
384660 0.0608327
384670 -0.0258133
384670 0.084721
384680 0
384680 -0.0394685
384690 -0.0154056
384690 0.0694077
384700 0.00722003
384700 0.00953294
385420 0
385430 0
385440 0.00751061
385440 -0.0104471
385450 -0.0332411
385450 0.156868
385460 -0.0520142
385460 0.100839
385470 -0.0364836
385470 0.0978891
385480 -0.0212734
385480 0.0274478
385490 -0.00423144
385490 0.123105
385500 0.011651
385500 0.0702357
386240 0
386250 0
386260 0.00637538
386260 0.0677101
386270 0.00172374
386270 0.102878
386280 -0.0362111
386280 0.047952
386290 0.00107345
386290 0.104125
386300 0.0443597
386300 0.174899
387060 0
387070 0
387080 0.0405069
387080 0.0683845
387090 0
387100 0
38940 0
38950 0
38960 0.0273326
38960 0.0317411
38970 -0.0984978
38970 0.147747
38980 -0.0151585
38980 0.161691
38990 -0.0670333
38990 0.10055
39000 0.0370633
394520 0
394530 0
394540 0
394540 0.0283349
394550 -0.0137551
394550 0.0728991
394560 0.0146432
394560 0.0260415
394570 0.0439818
394570 -0.0600004
394580 0
394580 0.0136611
394590 0.0248166
394590 0.0981812
394600 0.0173363
394600 0.019409
395340 0
395350 0
395360 0.0202602
395360 0.0244967
395370 0.0396547
395370 0.110886
395380 0.0174094
395380 0.0299119
395390 0.0269873
395390 0.11482
395400 0.0159469
395400 0.0577942
396160 0
396170 0
396180 0.0114213
396180 0.065928
396190 0.0406245
396190 0.073984
396200 -0.00416686
396200 0.0950439
39720 0
39730 0
39740 0.02071
39740 0.0355029
39750 -0.0917158
39750 0.14497
39760 -0.0331556
39760 0.20734
39770 -0.0187783
39770 0.142178
39780 0.00324029
39780 0.0888634
39790 0.0552051
39790 -0.0898726
39800 0.0492625
404440 0
404450 0
404460 0
404460 0.0019233
404470 0.0113774
404470 0.0854393
404480 0
404480 0.0551512
404490 0.0079989
404490 0.0861332
404500 0.00659694
404500 -0.0167244
40500 0
40510 0
40520 0.0160633
40520 0.0642532
405260 0
405270 0
405280 -0.0249057
405280 0.0415094
405290 -0.00646707
405290 0.0930085
405300 0.0217463
405300 -0.0613793
40530 -0.0940766
40530 0.174714
40540 -0.0467736
40540 0.254719
40550 0.0157792
40550 0.17357
40560 -0.00642691
40560 0.111195
40570 0.0544591
40570 -0.0941687
40580 0.0308859
40590 0
40600 0
406080 0
406090 0
406100 0.0223613
406100 -0.0932592
406860 0
406870 0
406880 -0.0411674
406880 0.0959092
406890 0
406900 0
407640 0
407650 0
407660 -0.00725643
407670 0
407680 0
408420 0
408430 0
408440 0.0196126
408450 0
408460 0
409200 0
409210 0
409220 0.0403937
409230 0
409240 0
410000 0.0885361
410010 0
410020 0
41300 -0.0154906
41310 -0.122463
41320 -0.0749362
41330 0.0423622
41340 -0.00636896
41350 -0.10471
41360 0.0269535
41370 0
41380 0
414360 0
414370 0
414380 0.0102769
414380 -0.0180933
414390 -0.0527465
414390 0.0784013
414400 0
414400 -0.0562258
415180 0
415190 0
415200 0.00243178
415200 -0.0814621
415960 0
415970 0
415980 -0.0142485
415980 0.0761209
415990 0.0651445
415990 0.158675
416000 0.000650316
416000 0.0387979
416740 0
416750 0
416760 -0.0189495
416760 0.0971043
416770 -0.0547928
416770 0.108126
416780 -0.0174212
416780 0.0941559
416790 0
416800 0
417520 0
417530 0
417540 -0.0247871
417550 -0.0513926
417560 -0.0200083
417570 0
417580 0
418300 0
418310 0
418320 -0.034242
418330 -0.0306167
418340 -0.0228281
418350 0
418360 0
419100 -0.087217
419110 -0.018037
419120 -0.0279318
419130 0
419140 0
42100 0
42110 0
42120 0.0438742
42130 -0.156095
42140 0.0292496
42150 0
42160 0
424280 0
424290 0
424300 0
424300 0.0153992
425060 0
425070 0
425080 0.016089
425080 0.0225292
425090 -0.0283268
425090 0.150452
425100 0.0181508
425100 0.107311
425840 0
425850 0
425860 0.00138579
425860 0.0490806
425870 -0.00398732
425870 0.122458
425880 0.0661388
425880 0.0779359
425890 -0.00248308
425890 0.12787
425900 0.0194486
425900 0.0707006
426620 0
426630 0
426640 -0.0118214
426640 0.0898412
426650 -0.0092195
426650 0.211116
426660 -0.0387064
426660 0.126257
426670 -0.00574454
426670 0.0925647
426680 0.00435499
426680 0.0733585
426690 0
426700 0
427400 0
427410 0
427420 -0.0267218
427430 -0.0201957
427440 -0.0773146
427450 -0.0108928
427460 0.00854592
427470 0
427480 0
428200 -0.115131
428210 -0.0467402
428220 -0.102018
428230 -0.0149689
428240 0.0101647
428250 0
428260 0
429000 0
429010 0
429020 0.0323536
429030 0
429040 0
434940 0
434950 0
434960 0.0115782
434960 0.0225869
434970 0.0280637
434970 0.111706
434980 -0.00541747
434980 0.0390008
434990 0.019099
434990 0.124272
435000 0.0155905
435000 0.0587811
435720 0
435730 0
435740 0.0282049
435740 0.041627
435750 0.0211322
435750 0.226525
435760 0.0187524
435760 0.0631551
435770 0.070103
435770 0.0919326
435780 0.0164981
435780 0.0456202
435790 -0.0611037
435790 0.13436
435800 0.0485374
435800 0.0860297
436500 0
436510 0
436520 0.0381399
436520 0.165958
436530 -0.000969882
436530 0.258264
436540 0.0232997
436540 0.20497
436550 0.000988501
436550 0.197866
436560 0.0168344
436560 0.092548
436570 -0.00169654
436570 0.11547
436580 0.0174255
436580 0.0662665
436590 0
436600 0
437300 0.100431
437310 -0.0554017
437320 0.0247209
437330 -0.0501848
437340 0.0167148
437350 0.0206658
437360 0.0174857
437370 0
437380 0
438100 0
438110 0
438120 0.0278631
438130 0.0535298
438140 0.0185754
438150 0
438160 0
444820 0
444830 0
444840 0.00826047
444840 0.0117559
444850 0.0221617
444850 0.169335
444860 0
444860 0.033119
444870 -0.00175996
444870 0.0733373
444880 0.0140707
444880 0.0250341
444890 0.0233315
444890 0.136455
444900 0.000265526
444900 -0.00434449
445600 0
445610 0
445620 0.0179164
445620 0.0732884
445630 0.0426302
445630 0.212952
445640 0.0544746
445640 0.158365
445650 0.0251756
445650 0.262411
445660 0.0401085
445660 0.0640806
445670 0.0163741
445670 0.118257
445680 0.0411951
445680 -0.0673625
445690 0.00939912
445690 0.186929
445700 0.0525759
445700 0.0796661
446400 0.0703222
446400 0.446848
446410 0.107238
446410 0.683391
446420 0.0590345
446420 0.352716
446430 0.0446726
446430 0.604412
446440 0.0366619
446440 0.102349
446450 0.0184398
446450 0.211738
446460 -0.0264116
446460 0.0769593
446470 0.00773145
446470 0.17935
446480 0.00942446
446480 0.061579
446490 0
446500 0
447200 0
447210 0
447220 0.00173326
447230 0.0129338
447240 0.00105214
447250 0.00697602
447260 0.000894383
447270 0
447280 0
448020 0
448030 0
448040 -0.0066999
448050 0
448060 0
454700 0
454710 0
454720 0.0224394
454720 -0.0325523
454730 0.0133197
454730 0.141873
454740 -0.0080636
454740 0.069773
454750 0.0238954
454750 0.292437
454760 0.00458466
454760 -0.0212956
454770 0.00357981
454770 0.112313
454780 0.00565848
454780 0.0255489
454790 -0.00572859
454790 0.146961
454800 0
454800 -0.024633
455500 -0.047232
455500 0.173595
455510 0.0899539
455510 0.678808
455520 0.0201724
455520 0.147051
455530 0.082267
455530 0.687032
455540 -0.00340194
455540 0.0425032
455550 0.029786
455550 0.217425
455560 -0.00278087
455560 0.0328554
455570 -0.0709117
455570 0.177308
455580 -0.0112789
455580 0.0341703
455590 0.0582275
455590 0.239729
455600 -0.0288105
455600 0.0723576
456300 0
456310 0
456320 -0.0347667
456320 0.0769949
456330 -0.0323789
456330 0.4412
456340 -0.0144248
456340 0.0782958
456350 -0.0671396
456350 0.296416
456360 -0.0137178
456360 0.0961169
456370 0.0313653
456370 0.20177
456380 -0.0187199
456380 0.0510537
456390 0
456400 0
45700 0
457120 0
457130 0
457140 -0.0199838
457150 0.0356855
457160 -0.0161311
457170 0
457180 0
464600 0
464600 -2.80284e-16
464610 -0.142722
464610 0.514789
464620 0
464630 -0.0584851
464630 0.537505
464640 0
464640 -7.70358e-18
464650 -0.036735
464650 0.166398
464660 0
464670 0.000419534
464670 0.175738
464680 0
464680 4.92466e-19
464690 -0.0223147
464690 0.173532
464700 0
46480 0
46490 0
46500 0.0175797
46500 0.105478
465400 0
465410 0
465420 0
465420 -0.0101851
465430 -0.0320839
465430 0.279783
465440 0
465440 -0.0394481
465450 -0.00794939
465450 0.318424
465460 0.045377
465460 -0.0536974
465470 -0.0157615
465470 0.168983
465480 0.0221109
465480 0.0638804
465490 -0.0142096
465490 0.212072
465500 -0.0480263
465500 0.0843331
466220 0
466230 0
466240 0.0115244
466240 0.0643138
466250 -0.0170231
466250 0.284747
466260 0.0785521
466260 0.124266
466270 -0.0106068
466270 0.147629
466280 -0.0215921
466280 0.0433969
466290 0
466300 0
467040 0
467050 0
467060 -0.0369587
467070 0
467080 0
47260 0
47270 0
47280 0.00798074
47280 0.0478845
47290 0.0750358
47300 0.00714626
47300 0.0428776
475320 0
475330 0
475340 0
475340 0.0226778
475350 0.0117474
475350 0.243893
475360 -0.00510767
475360 0.075185
475370 0.0558157
475370 0.119962
475380 0.00944795
475380 0.0108805
475390 -0.0549196
475390 0.15044
475400 0.0338656
475400 0.0866803
476140 0
476150 0
476160 0.0229854
476160 0.0492783
476170 -0.0719539
476170 0.0827815
476180 0.0211317
476180 0.0422998
476190 0
476200 0
48040 0
48050 0
48060 0.00895509
48060 0.0281446
48070 0.0649048
48080 -0.0609472
48080 0.127272
48090 0.0456313
48100 0.0253459
48100 0.045385
485240 0
485250 0
485260 -0.000988906
485260 0.00886183
485270 0.0260231
485270 0.110183
485280 0.0017903
485280 -0.0534075
485290 0.0162058
485290 0.11537
485300 0.0137422
485300 0.0461857
486060 0
486070 0
486080 0.0360188
486080 0.044488
486090 0
486100 0
48820 0
48830 0
48840 0.0162965
48850 0.0580062
48850 0.067362
48860 -0.093814
48860 0.165906
48870 0.0198451
48870 0.130744
48880 -0.0268935
48880 0.0821077
48890 0.0418408
48900 0.0390547
48900 0.0525997
495160 0
495170 0
495180 0.0110748
495180 -0.0293331
495190 0.0504084
495190 0.101764
495200 0.00183877
495200 -0.12972
49600 0
49610 0
49620 0.000530546
49620 0.0429748
49630 0.0581313
49630 0.0996537
49640 -0.118632
49640 0.21014
49650 0.00125547
49650 0.195861
49660 -0.0265421
49660 0.128234
49670 0.0326674
49670 0.0655369
49680 -0.0239151
49680 0.0485152
49690 0.0342761
49700 0.0568935
49700 0.100158
50400 -0.121082
50400 0.328294
50410 0.0764401
50410 0.305761
50420 -0.173311
50420 0.348556
50430 -0.0150667
50430 0.277227
50440 -0.0124033
50440 0.160332
50450 0.0320092
50450 0.0864724
50460 -0.0514856
50460 0.0571833
50470 0.0353305
50480 0.0368664
50480 0.0660562
50490 0
50500 0
505080 0
505090 0
505100 0
505100 -0.0641347
505860 0
505870 0
505880 0.0362081
505880 -0.0514446
505890 0
505900 0
506640 0
506650 0
506660 0.0015086
506670 0
506680 0
507420 0
507430 0
507440 0.0243536
507450 0
507460 0
508200 0
508210 0
508220 0.035125
508230 0
508240 0
509000 0.067004
509010 0
509020 0
51200 0
51210 0
51220 0.0512771
51230 0.0667527
51240 -0.0709934
51250 0.0360037
51260 0.0637858
51270 0
51280 0
515740 0
515750 0
515760 0.020509
515760 0.0335974
515770 -0.0704242
515770 0.0783301
515780 0.0188549
515780 0.0278295
515790 0
515800 0
516520 0
516530 0
516540 0.0198382
516550 -0.0322667
516560 0.0160136
516570 0
516580 0
517300 0
517310 0
517320 0.0261252
517330 0.00646723
517340 0.0174168
517350 0
517360 0
518100 0.0674499
518110 0.0416797
518120 0.0216012
518130 0
518140 0
52020 0
52030 0
52040 0.0951784
52050 0
52060 0
525620 0
525630 0
525640 -0.00867657
525640 0.0330387
525650 0.0207856
525650 0.238627
525660 0.00769657
525660 -0.0626069
525670 0.0129512
525670 0.109603
525680 0.0176238
525680 0.0177294
525690 0
525700 0
526400 0
526410 0
526420 -0.0136669
526430 0.0191764
526440 -0.0688726
526450 0.010343
526460 0.0150923
526470 0
526480 0
527200 -0.0470662
527210 0.0316896
527220 -0.0586289
527230 0.0101488
527240 0.0123484
527250 0
527260 0
528000 0
528010 0
528020 0.0212589
528030 0
528040 0
535500 0
535510 0
535520 -0.0290345
535520 0.0778792
535530 -0.0177569
535530 0.38233
535540 0.00500522
535540 0.0805373
535550 -0.0368199
535550 0.268415
535560 0
535560 -0.0073828
535570 0.017201
535570 0.176281
535580 0.0125476
535580 -0.0227289
535590 0
535600 0
536300 -0.0726799
536310 -0.0794122
536320 -0.000556534
536330 -0.0769289
536340 -0.0111723
536350 0.0345223
536360 -0.0198801
536370 0
536380 0
537100 0
537110 0
537120 -0.0297809
537130 0.0652013
537140 -0.0198539
537150 0
537160 0
545400 0
545400 -3.75963e-16
545410 -0.0567256
545410 0.804836
545420 0
545430 -0.0035348
545430 0.723618
545440 0
545440 -2.25127e-18
545450 -0.0178357
545450 0.255567
545460 0
545470 -0.0168639
545470 0.213983
545480 0
545490 0
545500 0
546200 0
546210 0
546220 0.00899147
546230 -0.0298991
546240 0.0423793
546250 -0.0161264
546260 -0.00885734
546270 0
546280 0
547020 0
547030 0
547040 -0.0274385
547050 0
547060 0
54800 0
55580 0
55590 0
55600 0
55600 -0.107281
556120 0
556130 0
556140 0.0265015
556150 0.0023448
556160 0.0213922
556170 0
556180 0
56360 0
56370 0
56380 0
56380 -0.044578
56390 0.0162096
56390 0.0972576
56400 0
56400 -0.0394107
566040 0
566050 0
566060 -0.0246246
566070 0
566080 0
57140 0
57150 0
57160 0.0022133
57160 -0.0243463
57170 0.0131127
57170 0.0786765
57180 0.0428886
57180 0.0612694
57190 0.00937242
57190 0.0562345
57200 0.0188285
57200 -0.0326361
57920 0
57930 0
57940 0.00662853
57940 -0.0132571
57950 0.0200917
57950 0.0631453
57960 0.0654221
57960 0.0775749
57970 -0.00818613
57970 0.0941413
57980 0.023398
57980 0.0413049
57990 0.03566
57990 0.0620749
58000 0.0291108
58000 -0.0315577
58700 0
58710 0
58720 -0.000410373
58720 0.0213397
58730 0.0491359
58740 0.0817501
58740 0.10609
58750 -0.0546442
58750 0.157337
58760 0.0263293
58760 0.101147
58770 0.028786
58770 0.0572255
58780 0.015702
58780 0.042983
58790 0.0452913
58790 0.060141
58800 0.034615
58800 -0.0372227
59500 0.0902491
59500 0.204688
59510 0.00279078
59510 0.226088
59520 0.121334
59520 0.220816
59530 -0.102535
59530 0.244815
59540 0.0186438
59540 0.154229
59550 0.0280432
59550 0.0895931
59560 0.0274812
59560 0.0539705
59570 0.0335072
59570 0.0473503
59580 -0.00444164
59580 0.0261094
59590 0.0376345
59590 0.0674325
59600 0.0445583
59600 -0.0546544
60300 0
60310 0
60320 -0.0287632
60320 0.0628834
60330 0.0872975
60330 0.109965
60340 0.0387334
60340 0.0822996
60350 0.0229019
60350 0.0620037
60360 0.000753983
60360 0.0274762
60370 0.0386998
60370 0.0737371
60380 0.029344
60380 -0.0365711
60390 0
60400 0
606420 0
606430 0
606440 0.0366327
606450 0
606460 0
607200 0
607210 0
607220 0.0364584
607230 0
607240 0
608000 0.058665
608010 0
608020 0
61120 0
61130 0
61140 -0.0430133
61150 0.090749
61160 -0.0347206
61170 0
61180 0
616300 0
616310 0
616320 -0.0327119
616330 0.047023
616340 -0.021808
616350 0
616360 0
617100 -0.0788599
617110 0.0914298
617120 -0.0252554
617130 0
617140 0
626200 -3.78214e-16
626210 -0.0575209
626220 0
626230 -0.0184214
626240 1.12564e-18
626250 0
626260 0
627000 0
627010 0
627020 -0.0103522
627030 0
627040 0
63900 0
64680 0
64690 0
64700 0
64700 -0.0889962
65460 0
65470 0
65480 0
65480 -0.0331526
65490 0
65490 -0.102518
65500 0
65500 -0.0290754
66240 0
66250 0
66260 0.000565225
66260 -0.0146959
66270 0
66270 -0.0763619
66280 0.013975
66280 0.0714279
66290 0
66290 -0.0551183
66300 0.00971574
66300 -0.0279746
67020 0
67030 0
67040 0.00157406
67040 -0.00314812
67050 0.00522058
67050 -0.0574264
67060 0.0167168
67060 0.0926587
67070 0.0010018
67070 0.046086
67080 0.00929596
67080 0.0409699
67090 0.0303719
67090 -0.0498275
67100 0.0138317
67100 -0.0281244
67800 0
67810 0
67820 0.00660698
67820 0.013214
67830 0.0212765
67830 -0.0425529
67840 0.0338323
67840 0.102492
67850 0.0388325
67850 0.078323
67860 0.0217694
67860 0.0636614
67870 -0.0178065
67870 0.0307939
67880 0.0402442
67880 0.0451453
67890 0.0422568
67890 -0.0445023
67900 0.0149649
67900 -0.0360174
68600 0.103148
68600 0.117431
68610 -0.0023467
68610 0.122047
68620 0.117165
68620 0.120814
68630 0.0780147
68630 0.135678
68640 -0.00915241
68640 0.11724
68650 -0.0127518
68650 0.0551287
68660 0.0400325
68660 0.0581272
68670 -0.0234985
68670 0.0449754
68680 0.0249685
68680 0.0251086
68690 0.0388384
68690 -0.0418549
68700 0.0153701
68700 -0.0486551
69400 0
69410 0
69420 -0.0110547
69420 0.0275639
69430 0.0551485
69430 -0.0753439
69440 0.0965508
69440 0.104361
69450 -0.0180511
69450 0.0715781
69460 0.0172144
69460 0.0288946
69470 0.0367025
69470 -0.0372059
69480 0.00307493
69480 0.0190355
69490 0.0270956
69490 -0.0337691
69500 0.0182193
69500 -0.0844563
70220 0
70230 0
70240 -0.0544089
70240 0.0784286
70250 -0.0544425
70250 0.0817839
70260 0.00962286
70260 0.0314863
70270 0.0256976
70270 -0.0339223
70280 0.0120743
70280 -0.059753
70290 0
70300 0
707000 -1.9361e-16
707010 0
707020 0
71040 0
71050 0
71060 -0.0653787
71070 0
71080 0
73000 0
73780 0
73790 0
73800 0
73800 0.137988
74560 0
74570 0
74580 0
74580 0.0446065
74590 0
74590 -0.0879291
74600 0
74600 0.0389083
75340 0
75350 0
75360 0
75360 0.0177327
75370 0
75370 -0.0590181
75380 0
75380 -0.0777587
75390 0
75390 -0.042873
75400 0.00237222
75400 0.0301924
76120 0
76130 0
76140 0
76140 0.00348038
76150 0.00139526
76150 -0.0362767
76160 0
76160 -0.0945309
76170 0.0112235
76170 0.0350171
76180 0
76180 -0.0440423
76190 0.0172096
76190 -0.0472309
76200 0.00308922
76200 0.0264892
76900 0
76910 0
76920 0.00151078
76920 -0.013597
76930 0.00534143
76930 -0.0106828
76940 0.00918019
76940 -0.0994518
76950 0.0182714
76950 0.0830517
76960 -0.0265206
76960 0.0306255
76970 0.000279514
76970 0.00763618
76980 0.0370494
76980 -0.0403622
76990 0.0231591
76990 -0.0460162
77000 0.00308304
77000 0.0284205
77700 0.0462132
77700 -0.113993
77710 0.0405896
77710 0.0811796
77720 0.0541865
77720 -0.11387
77730 0.0465316
77730 0.129416
77740 0.00190676
77740 0.061196
77750 -0.000540818
77750 0.0201373
77760 0.022652
77760 -0.0470473
77770 0.000928927
77770 0.041596
77780 -0.0253585
77780 0.026753
77790 0.0213291
77790 -0.0525288
77800 0.00289099
77800 0.0327457
78500 0
78510 0
78520 0.00743606
78520 0.0163058
78530 0.0266241
78530 -0.0651321
78540 0.0820188
78540 -0.0838754
78550 0.0262596
78550 0.0807671
78560 0.00936297
78560 -0.0294905
78570 0.0269861
78570 -0.0331192
78580 -0.00911139
78580 0.0250526
78590 0.0161727
78590 -0.0534391
78600 0.00275579
78600 0.0404922
79320 0
79330 0
79340 0.0378438
79340 0.0476527
79350 0.0774857
79350 -0.0869389
79360 -0.0121488
79360 0.0530788
79370 0.0220414
79370 -0.0471719
79380 0.0150808
79380 0.0163471
79390 0.00983267
79390 -0.0486595
79400 0.0114822
79400 0.0573374
80140 0
80150 0
80160 0.0216957
80160 0.0435029
80170 0.00750676
80170 -0.0494778
80180 0.008792
80180 0.0399944
80190 0
80200 0
82100 0
82880 0
82890 0
82900 0
82900 0.0699729
83660 0
83670 0
83680 0
83680 0.0185019
83690 0
83690 0.140663
83700 0
83700 0.0160757
84440 0
84450 0
84460 0
84460 0.00392893
84470 0
84470 0.0822968
84480 0
84480 -0.0775704
84490 0
84490 0.06005
84500 0
84500 0.0172514
85220 0
85230 0
85240 0
85240 -0.00449707
85250 0
85250 0.0456368
85260 0
85260 -0.0808922
85270 0
85270 -0.0379141
85280 0
85280 -0.0405533
85290 0.00453198
85290 0.0544185
85300 0
85300 0.0160529
86000 0
86010 0
86020 0.000447456
86020 -0.0152135
86030 0
86030 0.0124163
86040 0.00259884
86040 -0.0693776
86050 0
86050 -0.0893985
86060 0.00180021
86060 0.00804012
86070 0
86070 -0.00363794
86080 0.0227961
86080 -0.049932
86090 0.00575265
86090 0.0478791
86100 0
86100 0.020038
86800 0.0127561
86800 -0.0527254
86810 0.00988082
86810 -0.0889278
86820 0.0146097
86820 -0.0361454
86830 0.0130044
86830 -0.135862
86840 0.015679
86840 0.0486129
86850 0.00549243
86850 -0.00568413
86860 0.00732703
86860 -0.0478063
86870 -0.000839934
86870 0.0383422
86880 0.0179694
86880 -0.039519
86890 0.00513681
86890 0.0480727
86900 0
86900 0.0253901
87600 0
87610 0
87620 0.00890794
87620 -0.00995706
87630 0.0196986
87630 0.0596351
87640 0.0413437
87640 -0.103641
87650 -0.0233924
87650 0.0813303
87660 0.00338495
87660 -0.0314263
87670 0.0222503
87670 0.0247276
87680 0.0230989
87680 -0.033713
87690 0.00392251
87690 0.0463597
87700 0
87700 0.0346992
88420 0
88430 0
88440 0.0178033
88440 0.0285133
88450 0.0532781
88450 0.0728439
88460 -0.0524351
88460 0.0589738
88470 0.025698
88470 0.039289
88480 -0.00869419
88480 0.0225814
88490 0.00595261
88490 0.0412456
88500 0.00818567
88500 0.0471242
89240 0
89250 0
89260 0.0354438
89260 0.0514864
89270 0.0097421
89270 0.044201
89280 0.01926
89280 0.0225954
89290 0.00605106
89290 0.027526
89300 0.0248561
89300 0.0697959
90060 0
90070 0
90080 0.0184459
90080 0.0493547
90090 0
90100 0
91980 0
91990 0
92000 0
92000 -0.212736
92760 0
92770 0
92780 0
92780 -0.0398387
92790 0
92790 0.0734588
92800 0
92800 -0.0345145
9300 0
93540 0
93550 0
93560 0
93560 -0.00692145
93570 0
93570 0.0352926
93580 0
93580 0.128454
93590 0
93590 0.0258356
93600 0
93600 -0.0277271
94320 0
94330 0
94340 0
94340 0.00687919
94350 0
94350 0.0105081
94360 0
94360 0.117767
94370 0
94370 -0.0587365
94380 0
94380 0.0603768
94390 0
94390 0.0337996
94400 0
94400 -0.0219258
95100 0
95110 0
95120 0
95120 0.0208913
95130 0
95130 -0.01679
95140 0
95140 0.0919599
95150 0
95150 -0.09324
95160 0
95160 0.00243503
95170 0
95170 -0.0167448
95180 0.0065113
95180 0.0615419
95190 0
95190 0.0320023
95200 0
95200 -0.0230846
95900 0
95900 0.0664472
95910 0.0030938
95910 -0.10519
95920 0
95920 0.0448687
95930 0.00394499
95930 -0.111587
95940 0
95940 -0.0546
95950 0.00156971
95950 -0.00326558
95960 0.00063624
95960 0.0522511
95970 0.0251331
95970 -0.0276463
95980 0.00528125
95980 0.0464275
95990 0
95990 0.0393521
96000 0
96000 -0.025855
96700 0
96710 0
96720 0.00208948
96720 0.0120306
96730 0.0139938
96730 0.0215494
96740 0.00931999
96740 0.110675
96750 0.0531752
96750 -0.0663282
96760 0.000447244
96760 0.0366568
96770 0.00473203
96770 0.0153083
96780 0.0112476
96780 0.0365981
96790 0
96790 0.044085
96800 0
96800 -0.0311796
97520 0
97530 0
97540 0.00309975
97540 -0.0262033
97550 0.0256576
97550 0.0699746
97560 0.0363611
97560 0.053036
97570 0.0225895
97570 0.0282981
97580 0.0148085
97580 0.0187479
97590 0.00851815
97590 0.0491417
97600 0.00634906
97600 -0.0380407
98340 0
98350 0
98360 0.0269489
98360 -0.0451865
98370 0.0152848
98370 0.0651753
98380 -0.0130172
98380 0.0207917
98390 0.014753
98390 0.0443555
98400 0.0178281
98400 -0.0458917
99160 0
99170 0
99180 0.0288285
99180 -0.0468804
99190 0.00983376
99190 0.0263117
99200 0.0295013
99200 -0.0552265
