# 2014-03-26.12:23:07
# qmax = 11
# E = 0
# A= 9	 T1= 0	 T2= 0	 A1= 9	 A2= 9
# central = 1	 tensor = 1	 spinisospin = 0
# norm = 1.24924
# k 	 mf 	 corr 	 total
0	18.656	0	18.656
0.1	18.3836	0	18.3836
0.2	17.5766	0	17.5766
0.3	16.2709	0	16.2709
0.4	14.5391	0	14.5391
0.5	12.4968	0	12.4968
0.6	10.2964	0	10.2964
0.7	8.10666	0	8.10666
0.8	6.08328	0	6.08328
0.9	4.34153	0	4.34153
1	2.94207	0	2.94207
1.1	1.89091	0	1.89091
1.2	1.15167	0	1.15167
1.3	0.664318	0	0.664318
1.4	0.362778	0	0.362778
1.5	0.187517	0	0.187517
1.6	0.0917302	0	0.0917302
1.7	0.0424662	0	0.0424662
1.8	0.0186054	0	0.0186054
1.9	0.00771444	0	0.00771444
2	0.00302744	0	0.00302744
2.1	0.00112455	0	0.00112455
2.2	0.0003952	0	0.0003952
2.3	0.000131631	0	0.000131631
2.4	4.14969e-05	0	4.14969e-05
2.5	1.23669e-05	0	1.23669e-05
2.6	3.47627e-06	0	3.47627e-06
2.7	9.22179e-07	0	9.22179e-07
2.8	2.31891e-07	0	2.31891e-07
2.9	5.53983e-08	0	5.53983e-08
3	1.25746e-08	0	1.25746e-08
3.1	2.70615e-09	0	2.70615e-09
3.2	5.40344e-10	0	5.40344e-10
3.3	9.98611e-11	0	9.98611e-11
3.4	1.91919e-11	0	1.91919e-11
3.5	3.32098e-12	0	3.32098e-12
3.6	5.4342e-13	0	5.4342e-13
3.7	8.53626e-14	0	8.53626e-14
3.8	1.28403e-14	0	1.28403e-14
3.9	2.14004e-15	0	2.14004e-15
4	4.87105e-16	0	4.87105e-16
4.1	3.60306e-16	0	3.60306e-16
4.2	1.17816e-16	0	1.17816e-16
4.3	5.05916e-17	0	5.05916e-17
4.4	9.33709e-17	0	9.33709e-17
4.5	4.00556e-17	0	4.00556e-17
4.6	6.46792e-17	0	6.46792e-17
4.7	4.7993e-17	0	4.7993e-17
4.8	7.68473e-17	0	7.68473e-17
4.9	2.54733e-17	0	2.54733e-17
5	8.02446e-16	0	8.02446e-16
5.1	9.79568e-17	0	9.79568e-17
5.2	1.27818e-13	0	1.27818e-13
5.3	1.65459e-15	0	1.65459e-15
5.4	2.11707e-16	0	2.11707e-16
5.5	3.17148e-17	0	3.17148e-17
5.6	1.02256e-14	0	1.02256e-14
5.7	8.24444e-15	0	8.24444e-15
5.8	1.87232e-13	0	1.87232e-13
5.9	6.34758e-13	0	6.34758e-13
# mf integral is 3.25005
# cor integral is 0
# tot integral is 3.25005
