# mass number (A) = 27
# number of protons (Z) = 13
#relative orbital quantum number l = 4
# k (1/fm)	total two_body (fm^3)
0.0	0.238449103472
0.02	0.238125375131
0.04	0.237156824761
0.06	0.235551320626
0.08	0.23332185816
0.1	0.23048638481
0.12	0.227067559469
0.14	0.223092450998
0.16	0.21859218145
0.18	0.213601520577
0.2	0.208158439005
0.22	0.202303628083
0.24	0.196079994912
0.26	0.189532141252
0.28	0.182705835147
0.3	0.17564748392
0.32	0.168403616926
0.34	0.161020385974
0.36	0.153543090684
0.38	0.146015735325
0.4	0.138480622779
0.42	0.130977990382
0.44	0.123545691336
0.46	0.116218924411
0.48	0.109030013584
0.5	0.102008238272
0.52	0.0951797138335
0.54	0.0885673211174
0.56	0.0821906830186
0.58	0.0760661852544
0.6	0.070207037977
0.62	0.064623374317
0.64	0.0593223815683
0.66	0.0543084604554
0.68	0.0495834077664
0.7	0.0451466175932
0.72	0.0409952964767
0.74	0.0371246879063
0.76	0.0335283018539
0.78	0.0301981453226
0.8	0.0271249502475
0.82	0.0242983954817
0.84	0.0217073200286
0.86	0.0193399251219
0.88	0.0171839632059
0.9	0.0152269123032
0.92	0.0134561346864
0.94	0.0118590191669
0.96	0.0104231066874
0.98	0.00913619923484
1.0	0.00798645238928
1.02	0.00696245207506
1.04	0.00605327629395
1.06	0.00524854278855
1.08	0.00453844371368
1.1	0.00391376848411
1.12	0.00336591602246
1.14	0.00288689765424
1.16	0.00246933189182
1.18	0.00210643232031
1.2	0.00179198974806
1.22	0.00152034971926
1.24	0.00128638640706
1.26	0.00108547381902
1.28	0.000913455153278
1.3	0.000766611048397
1.32	0.000641627374345
1.34	0.000535563117997
1.36	0.000445818826965
1.38	0.000370105990755
1.4	0.00030641765989
1.42	0.000253000532216
1.44	0.000208328671576
1.46	0.000171078967652
1.48	0.00014010839686
1.5	0.000114433102682
1.52	9.32092791749e-05
1.54	7.57158133658e-05
1.56	6.13386200412e-05
1.58	4.95565856884e-05
1.6	3.99290262706e-05
1.62	3.20845556017e-05
1.64	2.57112566679e-05
1.66	2.05480467849e-05
1.68	1.63771284195e-05
1.7	1.30174203707e-05
1.72	1.03188683455e-05
1.74	8.15753939585e-06
1.76	6.43141086152e-06
1.78	5.0567711111e-06
1.8	3.96515623723e-06
1.82	3.10075375945e-06
1.84	2.41821115456e-06
1.86	1.88079355495e-06
1.88	1.45884114036e-06
1.9	1.12848253772e-06
1.92	8.70565897485e-07
1.94	6.69774215975e-07
1.96	5.13895914801e-07
1.98	3.93225680321e-07
2.0	3.00074123513e-07
2.02	2.28367967464e-07
2.04	1.73325233314e-07
2.06	1.31192306337e-07
2.08	9.90318533915e-08
2.1	7.45523630463e-08
2.12	5.59716212647e-08
2.14	4.19077482704e-08
2.16	3.1292534007e-08
2.18	2.33027462351e-08
2.2	1.73058703275e-08
2.22	1.28173944947e-08
2.24	9.46729748457e-09
2.26	6.97384455832e-09
2.28	5.12316648081e-09
2.3	3.75339819769e-09
2.32	2.74239987224e-09
2.34	1.99828250193e-09
2.36	1.45212150635e-09
2.38	1.0523713012e-09
2.4	7.6059768857e-10
2.42	5.48227697345e-10
2.44	3.94082283785e-10
2.46	2.82509343687e-10
2.48	2.01975498018e-10
2.5	1.44007305912e-10
2.52	1.02397730276e-10
2.54	7.26132878269e-11
2.56	5.13525293146e-11
2.58	3.62182567814e-11
2.6	2.54749426133e-11
2.62	1.78697654336e-11
2.64	1.25009913831e-11
2.66	8.72147673061e-12
2.68	6.068139603e-12
2.7	4.21057170123e-12
2.72	2.91371142973e-12
2.74	2.01081434346e-12
2.76	1.38394036959e-12
2.78	9.4991063049e-13
2.8	6.50231619379e-13
2.82	4.43887982733e-13
2.84	3.02202920709e-13
2.86	2.05184189762e-13
2.88	1.38934178189e-13
2.9	9.38197488319e-14
2.92	6.31828776626e-14
2.94	4.24350291188e-14
2.96	2.84229776568e-14
2.98	1.89860495245e-14
3.0	1.26479346114e-14
3.02	8.40281071418e-15
3.04	5.56736270644e-15
3.06	3.67870038646e-15
3.08	2.42414886796e-15
3.1	1.59310397648e-15
3.12	1.04411641455e-15
3.14	6.82454484057e-16
3.16	4.4485494904e-16
3.18	2.89189904539e-16
3.2	1.87485547733e-16
3.22	1.21219483848e-16
3.24	7.81622462158e-17
3.26	5.02622121914e-17
3.28	3.22334011849e-17
3.3	2.06153462929e-17
3.32	1.31490719509e-17
3.34	8.36410614854e-18
3.36	5.30595956875e-18
3.38	3.35682192783e-18
3.4	2.11793504782e-18
3.42	1.33265255855e-18
3.44	8.3625976925e-19
3.46	5.23341816719e-19
3.48	3.26625161633e-19
3.5	2.03298326755e-19
3.52	1.26193776495e-19
3.54	7.81199644533e-20
3.56	4.82287608053e-20
3.58	2.96940979029e-20
3.6	1.82328322162e-20
3.62	1.11649839078e-20
3.64	6.81839306944e-21
3.66	4.15265577846e-21
3.68	2.52225968772e-21
3.7	1.52782506639e-21
3.72	9.22948418272e-22
3.74	5.56033803992e-22
3.76	3.34075730879e-22
3.78	2.00174441628e-22
3.8	1.19616830547e-22
3.82	7.12846337374e-23
3.84	4.23662008482e-23
3.86	2.51109466632e-23
3.88	1.48431684785e-23
3.9	8.75004154259e-24
3.92	5.14414947427e-24
3.94	3.01603939941e-24
3.96	1.76352007664e-24
3.98	1.02835667753e-24
4.0	5.98035690507e-25
4.02	3.46840976798e-25
4.04	2.00610501959e-25
4.06	1.1571692785e-25
4.08	6.65671697266e-26
4.1	3.81894369949e-26
4.12	2.18497456663e-26
4.14	1.24672159716e-26
4.16	7.09434894918e-27
4.18	4.02601673887e-27
4.2	2.27855005058e-27
4.22	1.28606090354e-27
4.24	7.23909815819e-28
4.26	4.06375354807e-28
4.28	2.27504622127e-28
4.3	1.27020276519e-28
4.32	7.07254712342e-29
4.34	3.92734100734e-29
4.36	2.17491025668e-29
4.38	1.20116878343e-29
4.4	6.61586598395e-30
4.42	3.63403685984e-30
4.44	1.99072799287e-30
4.46	1.08756315346e-30
4.48	5.9253910041e-31
4.5	3.21958213492e-31
4.52	1.74462451398e-31
4.54	9.42810474275e-32
4.56	5.08120589786e-32
4.58	2.73104687839e-32
4.6	1.46390024269e-32
4.62	7.82553029882e-33
4.64	4.17192063845e-33
4.66	2.21808541418e-33
4.68	1.17608973702e-33
4.7	6.21902955812e-34
4.72	3.27962922889e-34
4.74	1.72483216431e-34
4.76	9.04667320956e-35
4.78	4.73206748712e-35
4.8	2.46849881678e-35
4.82	1.28420655861e-35
4.84	6.66280051063e-36
4.86	3.44745577553e-36
4.88	1.77893698167e-36
4.9	9.1546635971e-37
4.92	4.69833720241e-37
4.94	2.40472790327e-37
4.96	1.22746090595e-37
4.98	6.24840774015e-38
5.0	3.17213031991e-38
