# t1 = 1 t2 = 1
# selected nl = 00
# P= (p1+p2)/sqrt(2) 
# 	0	1	2	3	10	101	102	103	110	202	203	210	303	1002	1003	1010	 total
0	18.9333	0	0	0	14.2	14.2	0	0	0	5.91666	0	0	0.633929	0	0	7.39581	61.2797
0.05	18.7389	0.38685	0.00133103	1.17763e-06	13.8614	13.8628	0.319726	0.000595442	0.399647	5.69692	0.0713453	0.00162091	0.602	0.00108061	3.95629e-06	7.12018	61.0644
0.1	18.1675	1.50022	0.0206471	7.30702e-05	12.8859	12.9065	1.20974	0.009075	1.51153	5.0861	0.26325	0.0246995	0.515188	0.0164663	0.000242107	6.34292	60.46
0.15	17.2537	3.20569	0.0992684	0.000790448	11.387	11.4863	2.48209	0.0423728	3.0957	4.2155	0.51751	0.115234	0.39711	0.0768226	0.00255875	5.20069	59.5784
0.2	16.051	5.30176	0.291868	0.00413167	9.53329	9.82517	3.88259	0.119628	4.81708	3.2625	0.761059	0.324591	0.277493	0.216394	0.0129397	3.88406	58.5655
0.25	14.627	7.54908	0.649353	0.0143629	7.52041	8.16977	5.15975	0.252826	6.32401	2.40324	0.931664	0.682483	0.182031	0.454989	0.0430745	2.59318	57.5573
0.3	13.057	9.70388	1.20197	0.038284	5.54183	6.74381	6.12926	0.440261	7.32659	1.77023	0.998144	1.17636	0.124707	0.784239	0.10875	1.49479	56.6401
0.35	11.4174	11.5495	1.94717	0.0844153	3.76192	5.7091	6.71505	0.665677	7.65517	1.42741	0.967993	1.7457	0.105333	1.1638	0.224457	0.691781	55.8319
0.4	9.77971	12.9212	2.84531	0.161113	2.29682	5.14214	6.9567	0.903484	7.28613	1.36836	0.880867	2.29392	0.112619	1.52928	0.395825	0.211972	55.0855
0.45	8.20574	13.7215	3.82413	0.274055	1.20563	5.02976	6.98361	1.12782	6.33152	1.53456	0.792068	2.71376	0.130765	1.80917	0.613163	0.0164444	54.3137
0.5	6.74441	13.9233	4.79058	0.423846	0.491955	5.28254	6.96645	1.32172	4.9994	1.84466	0.75348	2.91746	0.146378	1.94497	0.8495	0.0223751	53.423
0.55	5.43006	13.564	5.64703	0.60454	0.114057	5.76109	7.06226	1.48259	3.53809	2.22311	0.799226	2.86141	0.152915	1.90761	1.06492	0.131844	52.3447
0.6	4.28252	12.7309	6.30767	0.803621	0.000264741	6.30794	7.36936	1.62207	2.18	2.61873	0.940162	2.55754	0.151361	1.70503	1.2164	0.25796	51.0516
0.65	3.30848	11.5429	6.71192	1.00358	0.0658918	6.77781	7.9037	1.76029	1.09826	3.00935	1.16706	2.06862	0.147691	1.37908	1.27006	0.342014	49.5567
0.7	2.50376	10.1309	6.83202	1.18475	0.228398	7.06042	8.6004	1.91706	0.383966	3.39386	1.45895	1.49016	0.14889	0.993439	1.21138	0.359198	47.8975
0.75	1.85605	8.62126	6.67421	1.32863	0.418515	7.09273	9.33661	2.10321	0.0452851	3.7777	1.79183	0.925427	0.15952	0.616951	1.04998	0.314157	46.1121
0.8	1.34779	7.12296	6.27404	1.42104	0.586382	6.86042	9.96658	2.31523	0.024092	4.15892	2.14418	0.46138	0.180167	0.307587	0.817211	0.230208	44.2182
0.85	0.958714	5.71986	5.6876	1.45428	0.702911	6.39052	10.3579	2.53482	0.222475	4.52006	2.49803	0.151973	0.2079	0.101315	0.557723	0.136819	42.2029
0.9	0.668021	4.46821	4.98109	1.42787	0.75746	5.73856	10.4199	2.73319	0.530927	4.82848	2.83669	0.0120663	0.238081	0.00804417	0.317823	0.0592603	40.0257
0.95	0.455959	3.39806	4.2207	1.34807	0.75329	4.97399	10.1178	2.87839	0.851638	5.04362	3.14185	0.0216104	0.266343	0.0144069	0.134503	0.0125706	37.6328
1	0.304856	2.51741	3.46465	1.22614	0.702266	4.16692	9.47351	2.94321	1.11316	5.12793	3.39228	0.137005	0.289889	0.0913367	0.0281524	0.000198527	34.9789
1.05	0.199664	1.81776	2.75817	1.07617	0.619954	3.37813	8.55375	2.91144	1.27572	5.05712	3.56535	0.305273	0.307738	0.203515	0.000485815	0.0162344	32.0465
1.1	0.128097	1.27991	2.13144	0.912721	0.521835	2.65327	7.45215	2.78085	1.32887	4.82658	3.64092	0.476951	0.320129	0.317967	0.0374081	0.0494917	28.8586
1.15	0.0805027	0.879152	1.60017	0.748931	0.420886	2.02106	6.26983	2.56274	1.28413	4.45249	3.60611	0.614964	0.327612	0.409976	0.115129	0.0877398	25.4814
1.2	0.0495584	0.589302	1.1679	0.595181	0.326469	1.49437	5.09907	2.27868	1.166	3.968	3.459	0.698475	0.330337	0.46565	0.207277	0.120906	22.0162
1.25	0.0298854	0.3856	0.829207	0.458525	0.244218	1.07343	4.01239	1.95566	1.00338	3.41622	3.20997	0.722257	0.327832	0.481505	0.290981	0.142741	18.5838
1.3	0.0176536	0.246365	0.573023	0.34272	0.176569	0.749593	3.05766	1.62111	0.823273	2.84227	2.88027	0.693051	0.319255	0.462034	0.35067	0.15104	15.3065
1.35	0.0102151	0.153734	0.385606	0.248709	0.123597	0.509204	2.25851	1.29889	0.646929	2.28641	2.49832	0.624645	0.303911	0.41643	0.379259	0.146843	12.2912
1.4	0.00579014	0.0937137	0.252793	0.175348	0.0838824	0.336676	1.61824	1.00672	0.488502	1.77945	2.09495	0.533172	0.281737	0.355448	0.377181	0.133185	9.61679
1.45	0.0032149	0.0558164	0.161512	0.120177	0.0552589	0.216771	1.12555	0.755391	0.355394	1.34075	1.6987	0.433522	0.253559	0.289014	0.350111	0.113836	7.32858
1.5	0.00174856	0.0324879	0.100603	0.0801074	0.0353689	0.135972	0.760455	0.549139	0.249628	0.978658	1.33246	0.337248	0.221038	0.224832	0.306318	0.0923424	5.4384
1.55	0.000931597	0.018482	0.061111	0.0519592	0.0220132	0.0831242	0.499372	0.387034	0.169571	0.692504	1.01155	0.251841	0.18637	0.167894	0.254352	0.0714598	3.92957
1.6	0.000486194	0.010278	0.0362121	0.0328076	0.0133317	0.0495439	0.318896	0.264644	0.111554	0.475329	0.743622	0.180997	0.151866	0.120665	0.201454	0.0529617	2.76465
1.65	0.000248557	0.00558794	0.0209376	0.0201732	0.00786123	0.0287988	0.198135	0.175664	0.0711538	0.316669	0.529639	0.125456	0.119563	0.0836376	0.152771	0.037707	1.894
1.7	0.000124473	0.00297052	0.0118151	0.0120841	0.00451564	0.0163307	0.119827	0.113256	0.0440473	0.204878	0.365687	0.0840103	0.0909521	0.0560068	0.111254	0.025852	1.26361
1.75	6.10606e-05	0.00154417	0.00650845	0.00705398	0.00252794	0.0090364	0.0705664	0.0709615	0.0264856	0.128793	0.24489	0.0544256	0.0668708	0.0362838	0.0779865	0.0171014	0.821097
1.8	2.93414e-05	0.000785025	0.00350054	0.00401384	0.00137976	0.0048803	0.0404813	0.0432287	0.0154805	0.0787043	0.159144	0.0341525	0.0475403	0.0227683	0.0527211	0.0109329	0.519743
1.85	1.38113e-05	0.000390333	0.00183859	0.00222694	0.000734488	0.00257308	0.0226291	0.0256154	0.00880062	0.0467747	0.100411	0.0207792	0.0326979	0.0138528	0.0344267	0.00676377	0.320529
1.9	6.36827e-06	0.00018984	0.000943193	0.001205	0.000381453	0.00132465	0.0123302	0.0147701	0.00486895	0.0270462	0.0615383	0.0122687	0.0217698	0.00817913	0.0217435	0.00405409	0.19262
1.95	2.87636e-06	9.03173e-05	0.000472658	0.000636057	0.000193327	0.000665986	0.00655062	0.00829057	0.00262277	0.0152212	0.0366499	0.00703492	0.0140385	0.00468995	0.0132976	0.00235652	0.112814
2	1.27262e-06	4.20357e-05	0.000231411	0.000327586	9.56423e-05	0.000327054	0.00339404	0.00453158	0.00137618	0.00834051	0.0212199	0.00392009	0.00877343	0.00261339	0.00788219	0.0013295	0.0644058
2.05	5.51558e-07	1.91407e-05	0.000110706	0.000164649	4.61963e-05	0.000156902	0.00171544	0.00241277	0.000703626	0.00445118	0.0119488	0.00212403	0.00531669	0.00141602	0.00453223	0.000728553	0.0358475
2.1	2.34162e-07	8.52733e-06	5.17557e-05	8.07749e-05	2.17898e-05	7.35455e-05	0.00084597	0.00125173	0.000350681	0.00231435	0.00654597	0.00111963	0.00312585	0.000746421	0.00252979	0.000388035	0.0194551
2.15	9.73814e-08	3.71716e-06	2.3648e-05	3.86858e-05	1.00385e-05	3.36865e-05	0.000407136	0.000632925	0.000170419	0.00117267	0.00349009	0.000574431	0.0017839	0.000382954	0.00137166	0.000200984	0.010297
2.2	3.96707e-08	1.58553e-06	1.05615e-05	1.80905e-05	4.51773e-06	1.50792e-05	0.000191254	0.000311994	8.07758e-05	0.000579192	0.00181156	0.000286964	0.00098868	0.000191309	0.00072284	0.000101287	0.00531573
2.25	1.58306e-08	6.61791e-07	4.61097e-06	8.2611e-06	1.98646e-06	6.59744e-06	8.77091e-05	0.000149967	3.73517e-05	0.000278919	0.000915685	0.000139638	0.000532374	9.30917e-05	0.000370419	4.96869e-05	0.00267698
2.3	6.18815e-09	2.70318e-07	1.96805e-06	3.68445e-06	8.53508e-07	2.82156e-06	3.92744e-05	7.03064e-05	1.68541e-05	0.00013099	0.000450859	6.62076e-05	0.000278636	4.41384e-05	0.00018467	2.37355e-05	0.00131527
2.35	2.3695e-09	1.08057e-07	8.21284e-07	1.60513e-06	3.58391e-07	1.17968e-06	1.7174e-05	3.21535e-05	7.42259e-06	6.00056e-05	0.000216295	3.05967e-05	0.000141803	2.03978e-05	8.9605e-05	1.10454e-05	0.000630573
2.4	8.88768e-10	4.22736e-08	3.35118e-07	6.83126e-07	1.47089e-07	4.82207e-07	7.3348e-06	1.43476e-05	3.19114e-06	2.68178e-05	0.000101127	1.37855e-05	7.0197e-05	9.19036e-06	4.2331e-05	5.00883e-06	0.000295022
2.45	3.26553e-10	1.61862e-08	1.33716e-07	2.8405e-07	5.90098e-08	1.92726e-07	3.05998e-06	6.24775e-06	1.33953e-06	1.16953e-05	4.60897e-05	6.05707e-06	3.38133e-05	4.03804e-06	1.94771e-05	2.21406e-06	0.000134718
2.5	1.17531e-10	6.06586e-09	5.21769e-08	1.15409e-07	2.31437e-08	7.53207e-08	1.24714e-06	2.65541e-06	5.49094e-07	4.9777e-06	2.04808e-05	2.59592e-06	1.58536e-05	1.73061e-06	8.73093e-06	9.5424e-07	6.00477e-05
2.55	4.1437e-11	2.22498e-09	1.99119e-08	4.5822e-08	8.87456e-09	2.87865e-08	4.96621e-07	1.10171e-06	2.19833e-07	2.06797e-06	8.87529e-06	1.08543e-06	7.23722e-06	7.23623e-07	3.8141e-06	4.01099e-07	2.61286e-05
2.6	1.43106e-11	7.98844e-10	7.43216e-09	1.77804e-08	3.32739e-09	1.07596e-08	1.9324e-07	4.46272e-07	8.59708e-08	8.38733e-07	3.75139e-06	4.42877e-07	3.21763e-06	2.95252e-07	1.62416e-06	1.64463e-07	1.11001e-05
2.65	4.84128e-12	2.80744e-10	2.71336e-09	6.74341e-09	1.21994e-09	3.93331e-09	7.34805e-08	1.76515e-07	3.28456e-08	3.32143e-07	1.54686e-06	1.76364e-07	1.39359e-06	1.17576e-07	6.74335e-07	6.57958e-08	4.60441e-06
2.7	1.60434e-12	9.6579e-11	9.68984e-10	2.49991e-09	4.37406e-10	1.40639e-09	2.73082e-08	6.81818e-08	1.2261e-08	1.28442e-07	6.22349e-07	6.85574e-08	5.88133e-07	4.57049e-08	2.73041e-07	2.56878e-08	1.86508e-06
2.75	5.20797e-13	3.25231e-11	3.38504e-10	9.05961e-10	1.53381e-10	4.91886e-10	9.91965e-09	2.57225e-08	4.47239e-09	4.8509e-08	2.44346e-07	2.60187e-08	2.4191e-07	1.73458e-08	1.07838e-07	9.78881e-09	7.37794e-07
2.8	1.65606e-13	1.07213e-11	1.15684e-10	3.20972e-10	5.26053e-11	1.68289e-10	3.52225e-09	9.47906e-09	1.5943e-09	1.78945e-08	9.3633e-08	9.642e-09	9.6998e-08	6.428e-09	4.15521e-08	3.6415e-09	2.85053e-07
2.85	5.1584e-14	3.4599e-12	3.86776e-11	1.11181e-10	1.76475e-11	5.63251e-11	1.22264e-09	3.41247e-09	5.55464e-10	6.44837e-09	3.5024e-08	3.48945e-09	3.79219e-08	2.3263e-09	1.56231e-08	1.32265e-09	1.07574e-07
2.9	1.57395e-14	1.09306e-12	1.26516e-11	3.7655e-11	5.79109e-12	1.84427e-11	4.14916e-10	1.20024e-09	1.89164e-10	2.27015e-09	1.27901e-08	1.23342e-09	1.44583e-08	8.22277e-10	5.73273e-09	4.69121e-10	3.9656e-08
2.95	4.70434e-15	3.38066e-13	4.04903e-12	1.24703e-11	1.85901e-12	5.90805e-12	1.3767e-10	4.12484e-10	6.29728e-11	7.80869e-10	4.5604e-09	4.2587e-10	5.37674e-09	2.83913e-10	2.05327e-09	1.62502e-10	1.42813e-08
3	1.37734e-15	1.02363e-13	1.26792e-12	4.03845e-12	5.83811e-13	1.85173e-12	4.46647e-11	1.38522e-10	2.04944e-11	2.62458e-10	1.58784e-09	1.43651e-10	1.95061e-09	9.57671e-11	7.17932e-10	5.4982e-11	5.02477e-09
# 132.50.7499980.536.249992.251.253.958333.3750.8749990.4199610.5833320.5624990.208333
