# Mass = 0.0441503 Mev*(hbarc)^2/2 
# R = 2.88468 fm 
# a = 0.662 fm 
# V0 = 60.3766 MeV 
# RSO = 2.65574 fm 
# aSO = 0.662 fm 
# VSO = 33.0606 MeV fm^2
# l = 1 
# two_j = 3 
# two_t = 1 
# Energy = -16.0634 MeV
# r 	 V_eff [2m/hbar/hbar]
0.01 	452898
0.012398 	294617
0.014796 	206836
0.017194 	153148
0.019592 	117937
0.02199 	93603.4
0.024388 	76088.6
0.026786 	63063.7
0.029184 	53115.7
0.031582 	45346.5
0.03398 	39163.5
0.036378 	34162.4
0.038776 	30060.3
0.041174 	26653.8
0.043572 	23794.1
0.04597 	21370.2
0.048368 	19297.8
0.050766 	17512.2
0.053164 	15962.6
0.055562 	14609.4
0.05796 	13420.6
0.060358 	12370.8
0.062756 	11438.9
0.065154 	10608.1
0.067552 	9864.12
0.06995 	9195.38
0.072348 	8592.04
0.074746 	8045.83
0.077144 	7549.77
0.079542 	7097.9
0.08194 	6685.13
0.084338 	6307.06
0.086736 	5959.92
0.089134 	5640.43
0.091532 	5345.72
0.09393 	5073.29
0.096328 	4820.96
0.098726 	4586.79
0.101124 	4369.09
0.103522 	4166.34
0.10592 	3977.21
0.108318 	3800.5
0.110716 	3635.15
0.113114 	3480.21
0.115512 	3334.82
0.11791 	3198.21
0.120308 	3069.69
0.122706 	2948.63
0.125104 	2834.47
0.127502 	2726.69
0.1299 	2624.82
0.132298 	2528.45
0.134696 	2437.17
0.137094 	2350.65
0.139492 	2268.55
0.14189 	2190.58
0.144288 	2116.46
0.146686 	2045.95
0.149084 	1978.82
0.151482 	1914.85
0.15388 	1853.85
0.156278 	1795.64
0.158676 	1740.04
0.161074 	1686.91
0.163472 	1636.11
0.16587 	1587.49
0.168268 	1540.93
0.170666 	1496.33
0.173064 	1453.56
0.175462 	1412.54
0.17786 	1373.17
0.180258 	1335.36
0.182656 	1299.02
0.185054 	1264.1
0.187452 	1230.5
0.18985 	1198.17
0.192248 	1167.04
0.194646 	1137.06
0.197044 	1108.16
0.199442 	1080.31
0.20184 	1053.43
0.204238 	1027.5
0.206636 	1002.47
0.209034 	978.296
0.211432 	954.939
0.21383 	932.364
0.216228 	910.536
0.218626 	889.422
0.221024 	868.993
0.223422 	849.217
0.22582 	830.069
0.228218 	811.522
0.230616 	793.55
0.233014 	776.131
0.235412 	759.242
0.23781 	742.861
0.240208 	726.969
0.242606 	711.545
0.245004 	696.573
0.247402 	682.034
0.2498 	667.912
0.252198 	654.192
0.254596 	640.857
0.256994 	627.894
0.259392 	615.289
0.26179 	603.03
0.264188 	591.102
0.266586 	579.496
0.268984 	568.198
0.271382 	557.199
0.27378 	546.488
0.276178 	536.055
0.278576 	525.891
0.280974 	515.985
0.283372 	506.331
0.28577 	496.918
0.288168 	487.74
0.290566 	478.788
0.292964 	470.055
0.295362 	461.535
0.29776 	453.219
0.300158 	445.102
0.302556 	437.178
0.304954 	429.44
0.307352 	421.882
0.30975 	414.5
0.312148 	407.287
0.314546 	400.238
0.316944 	393.35
0.319342 	386.616
0.32174 	380.032
0.324138 	373.593
0.326536 	367.297
0.328934 	361.137
0.331332 	355.111
0.33373 	349.215
0.336128 	343.444
0.338526 	337.796
0.340924 	332.267
0.343322 	326.853
0.34572 	321.552
0.348118 	316.36
0.350516 	311.274
0.352914 	306.292
0.355312 	301.41
0.35771 	296.627
0.360108 	291.938
0.362506 	287.343
0.364904 	282.838
0.367302 	278.421
0.3697 	274.09
0.372098 	269.842
0.374496 	265.676
0.376894 	261.589
0.379292 	257.58
0.38169 	253.646
0.384088 	249.786
0.386486 	245.997
0.388884 	242.279
0.391282 	238.628
0.39368 	235.045
0.396078 	231.526
0.398476 	228.071
0.400874 	224.677
0.403272 	221.345
0.40567 	218.071
0.408068 	214.855
0.410466 	211.695
0.412864 	208.59
0.415262 	205.539
0.41766 	202.54
0.420058 	199.593
0.422456 	196.695
0.424854 	193.847
0.427252 	191.047
0.42965 	188.294
0.432048 	185.586
0.434446 	182.923
0.436844 	180.304
0.439242 	177.728
0.44164 	175.194
0.444038 	172.701
0.446436 	170.248
0.448834 	167.835
0.451232 	165.46
0.45363 	163.122
0.456028 	160.821
0.458426 	158.557
0.460824 	156.328
0.463222 	154.133
0.46562 	151.973
0.468018 	149.845
0.470416 	147.75
0.472814 	145.687
0.475212 	143.656
0.47761 	141.655
0.480008 	139.684
0.482406 	137.742
0.484804 	135.829
0.487202 	133.944
0.4896 	132.088
0.491998 	130.258
0.494396 	128.455
0.496794 	126.678
0.499192 	124.927
0.50159 	123.2
0.503988 	121.499
0.506386 	119.822
0.508784 	118.168
0.511182 	116.538
0.51358 	114.93
0.515978 	113.346
0.518376 	111.783
0.520774 	110.241
0.523172 	108.721
0.52557 	107.222
0.527968 	105.743
0.530366 	104.285
0.532764 	102.846
0.535162 	101.426
0.53756 	100.026
0.539958 	98.6442
0.542356 	97.2808
0.544754 	95.9354
0.547152 	94.6078
0.54955 	93.2976
0.551948 	92.0045
0.554346 	90.7283
0.556744 	89.4686
0.559142 	88.2251
0.56154 	86.9977
0.563938 	85.7859
0.566336 	84.5896
0.568734 	83.4084
0.571132 	82.2422
0.57353 	81.0907
0.575928 	79.9536
0.578326 	78.8307
0.580724 	77.7218
0.583122 	76.6266
0.58552 	75.5449
0.587918 	74.4765
0.590316 	73.4212
0.592714 	72.3787
0.595112 	71.3489
0.59751 	70.3315
0.599908 	69.3264
0.602306 	68.3334
0.604704 	67.3523
0.607102 	66.3828
0.6095 	65.4248
0.611898 	64.4781
0.614296 	63.5426
0.616694 	62.6181
0.619092 	61.7044
0.62149 	60.8013
0.623888 	59.9086
0.626286 	59.0263
0.628684 	58.1542
0.631082 	57.292
0.63348 	56.4397
0.635878 	55.5971
0.638276 	54.7641
0.640674 	53.9405
0.643072 	53.1261
0.64547 	52.3209
0.647868 	51.5247
0.650266 	50.7374
0.652664 	49.9588
0.655062 	49.1889
0.65746 	48.4274
0.659858 	47.6743
0.662256 	46.9294
0.664654 	46.1927
0.667052 	45.4639
0.66945 	44.7431
0.671848 	44.03
0.674246 	43.3247
0.676644 	42.6269
0.679042 	41.9365
0.68144 	41.2535
0.683838 	40.5778
0.686236 	39.9092
0.688634 	39.2477
0.691032 	38.5931
0.69343 	37.9454
0.695828 	37.3044
0.698226 	36.6701
0.700624 	36.0424
0.703022 	35.4212
0.70542 	34.8064
0.707818 	34.1979
0.710216 	33.5957
0.712614 	32.9996
0.715012 	32.4095
0.71741 	31.8255
0.719808 	31.2473
0.722206 	30.675
0.724604 	30.1085
0.727002 	29.5476
0.7294 	28.9923
0.731798 	28.4426
0.734196 	27.8983
0.736594 	27.3594
0.738992 	26.8258
0.74139 	26.2975
0.743788 	25.7743
0.746186 	25.2563
0.748584 	24.7433
0.750982 	24.2353
0.75338 	23.7323
0.755778 	23.2341
0.758176 	22.7407
0.760574 	22.252
0.762972 	21.768
0.76537 	21.2887
0.767768 	20.8139
0.770166 	20.3436
0.772564 	19.8778
0.774962 	19.4163
0.77736 	18.9593
0.779758 	18.5065
0.782156 	18.0579
0.784554 	17.6136
0.786952 	17.1733
0.78935 	16.7372
0.791748 	16.3051
0.794146 	15.877
0.796544 	15.4529
0.798942 	15.0326
0.80134 	14.6162
0.803738 	14.2036
0.806136 	13.7947
0.808534 	13.3896
0.810932 	12.9881
0.81333 	12.5903
0.815728 	12.1961
0.818126 	11.8054
0.820524 	11.4182
0.822922 	11.0344
0.82532 	10.6541
0.827718 	10.2772
0.830116 	9.90362
0.832514 	9.53335
0.834912 	9.16635
0.83731 	8.80259
0.839708 	8.44202
0.842106 	8.08461
0.844504 	7.73033
0.846902 	7.37913
0.8493 	7.031
0.851698 	6.68588
0.854096 	6.34376
0.856494 	6.00458
0.858892 	5.66833
0.86129 	5.33497
0.863688 	5.00447
0.866086 	4.6768
0.868484 	4.35192
0.870882 	4.02981
0.87328 	3.71044
0.875678 	3.39377
0.878076 	3.07978
0.880474 	2.76844
0.882872 	2.45972
0.88527 	2.15359
0.887668 	1.85003
0.890066 	1.549
0.892464 	1.25049
0.894862 	0.954454
0.89726 	0.660881
0.899658 	0.36974
0.902056 	0.0810057
0.904454 	-0.205347
0.906852 	-0.489343
0.90925 	-0.771006
0.911648 	-1.05036
0.914046 	-1.32743
0.916444 	-1.60224
0.918842 	-1.87481
0.92124 	-2.14517
0.923638 	-2.41333
0.926036 	-2.67933
0.928434 	-2.94317
0.930832 	-3.20489
0.93323 	-3.46451
0.935628 	-3.72204
0.938026 	-3.97751
0.940424 	-4.23094
0.942822 	-4.48234
0.94522 	-4.73174
0.947618 	-4.97917
0.950016 	-5.22462
0.952414 	-5.46814
0.954812 	-5.70973
0.95721 	-5.94942
0.959608 	-6.18722
0.962006 	-6.42315
0.964404 	-6.65724
0.966802 	-6.88949
0.9692 	-7.11993
0.971598 	-7.34857
0.973996 	-7.57543
0.976394 	-7.80053
0.978792 	-8.02388
0.98119 	-8.24551
0.983588 	-8.46542
0.985986 	-8.68363
0.988384 	-8.90017
0.990782 	-9.11504
0.99318 	-9.32827
0.995578 	-9.53986
0.997976 	-9.74983
1.00037 	-9.9582
1.00277 	-10.165
1.00517 	-10.3702
1.00757 	-10.5738
1.00997 	-10.7759
1.01236 	-10.9765
1.01476 	-11.1756
1.01716 	-11.3731
1.01956 	-11.5692
1.02196 	-11.7638
1.02435 	-11.9569
1.02675 	-12.1486
1.02915 	-12.3389
1.03155 	-12.5277
1.03395 	-12.7151
1.03634 	-12.9011
1.03874 	-13.0858
1.04114 	-13.269
1.04354 	-13.4509
1.04594 	-13.6315
1.04833 	-13.8107
1.05073 	-13.9886
1.05313 	-14.1652
1.05553 	-14.3405
1.05793 	-14.5145
1.06032 	-14.6872
1.06272 	-14.8586
1.06512 	-15.0288
1.06752 	-15.1978
1.06992 	-15.3655
1.07231 	-15.532
1.07471 	-15.6973
1.07711 	-15.8613
1.07951 	-16.0242
1.08191 	-16.1859
1.0843 	-16.3464
1.0867 	-16.5058
1.0891 	-16.664
1.0915 	-16.821
1.0939 	-16.977
1.09629 	-17.1318
1.09869 	-17.2855
1.10109 	-17.438
1.10349 	-17.5895
1.10589 	-17.7399
1.10828 	-17.8892
1.11068 	-18.0375
1.11308 	-18.1847
1.11548 	-18.3308
1.11788 	-18.4759
1.12027 	-18.62
1.12267 	-18.763
1.12507 	-18.905
1.12747 	-19.046
1.12987 	-19.186
1.13226 	-19.325
1.13466 	-19.463
1.13706 	-19.6001
1.13946 	-19.7362
1.14186 	-19.8713
1.14425 	-20.0054
1.14665 	-20.1386
1.14905 	-20.2709
1.15145 	-20.4022
1.15385 	-20.5326
1.15624 	-20.6621
1.15864 	-20.7907
1.16104 	-20.9184
1.16344 	-21.0451
1.16584 	-21.171
1.16823 	-21.296
1.17063 	-21.4201
1.17303 	-21.5434
1.17543 	-21.6658
1.17783 	-21.7873
1.18022 	-21.908
1.18262 	-22.0279
1.18502 	-22.1469
1.18742 	-22.265
1.18982 	-22.3824
1.19221 	-22.4989
1.19461 	-22.6146
1.19701 	-22.7295
1.19941 	-22.8437
1.20181 	-22.957
1.2042 	-23.0695
1.2066 	-23.1812
1.209 	-23.2922
1.2114 	-23.4024
1.2138 	-23.5118
1.21619 	-23.6205
1.21859 	-23.7284
1.22099 	-23.8356
1.22339 	-23.942
1.22579 	-24.0477
1.22818 	-24.1526
1.23058 	-24.2569
1.23298 	-24.3604
1.23538 	-24.4631
1.23778 	-24.5652
1.24017 	-24.6666
1.24257 	-24.7672
1.24497 	-24.8672
1.24737 	-24.9665
1.24977 	-25.065
1.25216 	-25.1629
1.25456 	-25.2601
1.25696 	-25.3567
1.25936 	-25.4526
1.26176 	-25.5478
1.26415 	-25.6423
1.26655 	-25.7362
1.26895 	-25.8295
1.27135 	-25.9221
1.27375 	-26.014
1.27614 	-26.1053
1.27854 	-26.196
1.28094 	-26.2861
1.28334 	-26.3755
1.28574 	-26.4643
1.28813 	-26.5525
1.29053 	-26.6401
1.29293 	-26.7271
1.29533 	-26.8134
1.29773 	-26.8992
1.30012 	-26.9844
1.30252 	-27.069
1.30492 	-27.153
1.30732 	-27.2364
1.30972 	-27.3192
1.31211 	-27.4014
1.31451 	-27.4831
1.31691 	-27.5642
1.31931 	-27.6447
1.32171 	-27.7247
1.3241 	-27.8041
1.3265 	-27.883
1.3289 	-27.9613
1.3313 	-28.039
1.3337 	-28.1163
1.33609 	-28.1929
1.33849 	-28.2691
1.34089 	-28.3447
1.34329 	-28.4197
1.34569 	-28.4943
1.34808 	-28.5683
1.35048 	-28.6418
1.35288 	-28.7147
1.35528 	-28.7872
1.35768 	-28.8591
1.36007 	-28.9306
1.36247 	-29.0015
1.36487 	-29.0719
1.36727 	-29.1418
1.36967 	-29.2113
1.37206 	-29.2802
1.37446 	-29.3486
1.37686 	-29.4166
1.37926 	-29.4841
1.38166 	-29.551
1.38405 	-29.6176
1.38645 	-29.6836
1.38885 	-29.7491
1.39125 	-29.8142
1.39365 	-29.8788
1.39604 	-29.943
1.39844 	-30.0067
1.40084 	-30.0699
1.40324 	-30.1327
1.40564 	-30.195
1.40803 	-30.2568
1.41043 	-30.3182
1.41283 	-30.3792
1.41523 	-30.4397
1.41763 	-30.4998
1.42002 	-30.5594
1.42242 	-30.6186
1.42482 	-30.6774
1.42722 	-30.7357
1.42962 	-30.7936
1.43201 	-30.8511
1.43441 	-30.9081
1.43681 	-30.9647
1.43921 	-31.0209
1.44161 	-31.0767
1.444 	-31.1321
1.4464 	-31.187
1.4488 	-31.2416
1.4512 	-31.2957
1.4536 	-31.3494
1.45599 	-31.4027
1.45839 	-31.4556
1.46079 	-31.5081
1.46319 	-31.5602
1.46559 	-31.6119
1.46798 	-31.6633
1.47038 	-31.7142
1.47278 	-31.7647
1.47518 	-31.8149
1.47758 	-31.8646
1.47997 	-31.914
1.48237 	-31.963
1.48477 	-32.0116
1.48717 	-32.0598
1.48957 	-32.1077
1.49196 	-32.1552
1.49436 	-32.2023
1.49676 	-32.249
1.49916 	-32.2953
1.50156 	-32.3413
1.50395 	-32.387
1.50635 	-32.4322
1.50875 	-32.4771
1.51115 	-32.5217
1.51355 	-32.5659
1.51594 	-32.6097
1.51834 	-32.6532
1.52074 	-32.6963
1.52314 	-32.739
1.52554 	-32.7814
1.52793 	-32.8235
1.53033 	-32.8652
1.53273 	-32.9066
1.53513 	-32.9476
1.53753 	-32.9883
1.53992 	-33.0287
1.54232 	-33.0687
1.54472 	-33.1083
1.54712 	-33.1477
1.54952 	-33.1867
1.55191 	-33.2253
1.55431 	-33.2637
1.55671 	-33.3017
1.55911 	-33.3394
1.56151 	-33.3767
1.5639 	-33.4137
1.5663 	-33.4504
1.5687 	-33.4868
1.5711 	-33.5229
1.5735 	-33.5586
1.57589 	-33.594
1.57829 	-33.6291
1.58069 	-33.6639
1.58309 	-33.6984
1.58549 	-33.7326
1.58788 	-33.7664
1.59028 	-33.8
1.59268 	-33.8332
1.59508 	-33.8661
1.59748 	-33.8987
1.59987 	-33.9311
1.60227 	-33.9631
1.60467 	-33.9948
1.60707 	-34.0262
1.60947 	-34.0573
1.61186 	-34.0881
1.61426 	-34.1186
1.61666 	-34.1488
1.61906 	-34.1788
1.62146 	-34.2084
1.62385 	-34.2377
1.62625 	-34.2668
1.62865 	-34.2955
1.63105 	-34.324
1.63345 	-34.3522
1.63584 	-34.3801
1.63824 	-34.4077
1.64064 	-34.435
1.64304 	-34.4621
1.64544 	-34.4888
1.64783 	-34.5153
1.65023 	-34.5415
1.65263 	-34.5674
1.65503 	-34.5931
1.65743 	-34.6184
1.65982 	-34.6435
1.66222 	-34.6683
1.66462 	-34.6929
1.66702 	-34.7171
1.66942 	-34.7411
1.67181 	-34.7649
1.67421 	-34.7883
1.67661 	-34.8115
1.67901 	-34.8345
1.68141 	-34.8571
1.6838 	-34.8795
1.6862 	-34.9016
1.6886 	-34.9235
1.691 	-34.9451
1.6934 	-34.9665
1.69579 	-34.9875
1.69819 	-35.0084
1.70059 	-35.0289
1.70299 	-35.0492
1.70539 	-35.0693
1.70778 	-35.0891
1.71018 	-35.1086
1.71258 	-35.1279
1.71498 	-35.1469
1.71738 	-35.1657
1.71977 	-35.1842
1.72217 	-35.2025
1.72457 	-35.2206
1.72697 	-35.2383
1.72937 	-35.2559
1.73176 	-35.2731
1.73416 	-35.2902
1.73656 	-35.307
1.73896 	-35.3235
1.74136 	-35.3398
1.74375 	-35.3559
1.74615 	-35.3717
1.74855 	-35.3873
1.75095 	-35.4026
1.75335 	-35.4177
1.75574 	-35.4326
1.75814 	-35.4472
1.76054 	-35.4616
1.76294 	-35.4757
1.76534 	-35.4896
1.76773 	-35.5033
1.77013 	-35.5167
1.77253 	-35.53
1.77493 	-35.5429
1.77733 	-35.5557
1.77972 	-35.5682
1.78212 	-35.5805
1.78452 	-35.5925
1.78692 	-35.6043
1.78932 	-35.6159
1.79171 	-35.6273
1.79411 	-35.6384
1.79651 	-35.6493
1.79891 	-35.66
1.80131 	-35.6704
1.8037 	-35.6807
1.8061 	-35.6907
1.8085 	-35.7005
1.8109 	-35.71
1.8133 	-35.7194
1.81569 	-35.7285
1.81809 	-35.7374
1.82049 	-35.7461
1.82289 	-35.7545
1.82529 	-35.7628
1.82768 	-35.7708
1.83008 	-35.7786
1.83248 	-35.7862
1.83488 	-35.7936
1.83728 	-35.8007
1.83967 	-35.8077
1.84207 	-35.8144
1.84447 	-35.8209
1.84687 	-35.8272
1.84927 	-35.8333
1.85166 	-35.8392
1.85406 	-35.8448
1.85646 	-35.8503
1.85886 	-35.8555
1.86126 	-35.8605
1.86365 	-35.8654
1.86605 	-35.87
1.86845 	-35.8744
1.87085 	-35.8786
1.87325 	-35.8826
1.87564 	-35.8864
1.87804 	-35.89
1.88044 	-35.8933
1.88284 	-35.8965
1.88524 	-35.8995
1.88763 	-35.9022
1.89003 	-35.9048
1.89243 	-35.9072
1.89483 	-35.9093
1.89723 	-35.9113
1.89962 	-35.913
1.90202 	-35.9146
1.90442 	-35.9159
1.90682 	-35.9171
1.90922 	-35.918
1.91161 	-35.9188
1.91401 	-35.9194
1.91641 	-35.9197
1.91881 	-35.9199
1.92121 	-35.9199
1.9236 	-35.9196
1.926 	-35.9192
1.9284 	-35.9186
1.9308 	-35.9178
1.9332 	-35.9168
1.93559 	-35.9156
1.93799 	-35.9142
1.94039 	-35.9126
1.94279 	-35.9108
1.94519 	-35.9089
1.94758 	-35.9067
1.94998 	-35.9044
1.95238 	-35.9018
1.95478 	-35.8991
1.95718 	-35.8962
1.95957 	-35.8931
1.96197 	-35.8898
1.96437 	-35.8863
1.96677 	-35.8826
1.96917 	-35.8788
1.97156 	-35.8747
1.97396 	-35.8705
1.97636 	-35.8661
1.97876 	-35.8615
1.98116 	-35.8567
1.98355 	-35.8517
1.98595 	-35.8466
1.98835 	-35.8412
1.99075 	-35.8357
1.99315 	-35.83
1.99554 	-35.8241
1.99794 	-35.8181
2.00034 	-35.8118
2.00274 	-35.8054
2.00514 	-35.7988
2.00753 	-35.792
2.00993 	-35.785
2.01233 	-35.7779
2.01473 	-35.7706
2.01713 	-35.7631
2.01952 	-35.7554
2.02192 	-35.7475
2.02432 	-35.7395
2.02672 	-35.7313
2.02912 	-35.7229
2.03151 	-35.7143
2.03391 	-35.7056
2.03631 	-35.6967
2.03871 	-35.6876
2.04111 	-35.6783
2.0435 	-35.6689
2.0459 	-35.6593
2.0483 	-35.6495
2.0507 	-35.6395
2.0531 	-35.6294
2.05549 	-35.6191
2.05789 	-35.6086
2.06029 	-35.598
2.06269 	-35.5872
2.06509 	-35.5762
2.06748 	-35.565
2.06988 	-35.5537
2.07228 	-35.5422
2.07468 	-35.5305
2.07708 	-35.5187
2.07947 	-35.5067
2.08187 	-35.4945
2.08427 	-35.4822
2.08667 	-35.4697
2.08907 	-35.457
2.09146 	-35.4442
2.09386 	-35.4312
2.09626 	-35.418
2.09866 	-35.4047
2.10106 	-35.3912
2.10345 	-35.3775
2.10585 	-35.3637
2.10825 	-35.3497
2.11065 	-35.3356
2.11305 	-35.3213
2.11544 	-35.3068
2.11784 	-35.2921
2.12024 	-35.2773
2.12264 	-35.2624
2.12504 	-35.2473
2.12743 	-35.232
2.12983 	-35.2165
2.13223 	-35.2009
2.13463 	-35.1852
2.13703 	-35.1692
2.13942 	-35.1532
2.14182 	-35.1369
2.14422 	-35.1205
2.14662 	-35.104
2.14902 	-35.0872
2.15141 	-35.0704
2.15381 	-35.0533
2.15621 	-35.0362
2.15861 	-35.0188
2.16101 	-35.0013
2.1634 	-34.9837
2.1658 	-34.9659
2.1682 	-34.9479
2.1706 	-34.9298
2.173 	-34.9115
2.17539 	-34.8931
2.17779 	-34.8745
2.18019 	-34.8558
2.18259 	-34.8369
2.18499 	-34.8179
2.18738 	-34.7987
2.18978 	-34.7793
2.19218 	-34.7599
2.19458 	-34.7402
2.19698 	-34.7204
2.19937 	-34.7005
2.20177 	-34.6804
2.20417 	-34.6602
2.20657 	-34.6398
2.20897 	-34.6192
2.21136 	-34.5985
2.21376 	-34.5777
2.21616 	-34.5567
2.21856 	-34.5356
2.22096 	-34.5143
2.22335 	-34.4929
2.22575 	-34.4713
2.22815 	-34.4496
2.23055 	-34.4278
2.23295 	-34.4058
2.23534 	-34.3836
2.23774 	-34.3613
2.24014 	-34.3389
2.24254 	-34.3163
2.24494 	-34.2936
2.24733 	-34.2707
2.24973 	-34.2477
2.25213 	-34.2246
2.25453 	-34.2013
2.25693 	-34.1778
2.25932 	-34.1543
2.26172 	-34.1305
2.26412 	-34.1067
2.26652 	-34.0827
2.26892 	-34.0585
2.27131 	-34.0343
2.27371 	-34.0098
2.27611 	-33.9853
2.27851 	-33.9606
2.28091 	-33.9358
2.2833 	-33.9108
2.2857 	-33.8857
2.2881 	-33.8604
2.2905 	-33.8351
2.2929 	-33.8096
2.29529 	-33.7839
2.29769 	-33.7581
2.30009 	-33.7322
2.30249 	-33.7061
2.30489 	-33.6799
2.30728 	-33.6536
2.30968 	-33.6272
2.31208 	-33.6006
2.31448 	-33.5738
2.31688 	-33.547
2.31927 	-33.52
2.32167 	-33.4929
2.32407 	-33.4656
2.32647 	-33.4382
2.32887 	-33.4107
2.33126 	-33.383
2.33366 	-33.3553
2.33606 	-33.3274
2.33846 	-33.2993
2.34086 	-33.2712
2.34325 	-33.2429
2.34565 	-33.2144
2.34805 	-33.1859
2.35045 	-33.1572
2.35285 	-33.1284
2.35524 	-33.0995
2.35764 	-33.0704
2.36004 	-33.0412
2.36244 	-33.0119
2.36484 	-32.9825
2.36723 	-32.9529
2.36963 	-32.9232
2.37203 	-32.8934
2.37443 	-32.8635
2.37683 	-32.8334
2.37922 	-32.8033
2.38162 	-32.773
2.38402 	-32.7425
2.38642 	-32.712
2.38882 	-32.6813
2.39121 	-32.6505
2.39361 	-32.6196
2.39601 	-32.5886
2.39841 	-32.5574
2.40081 	-32.5262
2.4032 	-32.4948
2.4056 	-32.4633
2.408 	-32.4316
2.4104 	-32.3999
2.4128 	-32.368
2.41519 	-32.3361
2.41759 	-32.304
2.41999 	-32.2717
2.42239 	-32.2394
2.42479 	-32.207
2.42718 	-32.1744
2.42958 	-32.1417
2.43198 	-32.1089
2.43438 	-32.076
2.43678 	-32.043
2.43917 	-32.0099
2.44157 	-31.9766
2.44397 	-31.9433
2.44637 	-31.9098
2.44877 	-31.8762
2.45116 	-31.8425
2.45356 	-31.8087
2.45596 	-31.7748
2.45836 	-31.7408
2.46076 	-31.7067
2.46315 	-31.6724
2.46555 	-31.6381
2.46795 	-31.6036
2.47035 	-31.569
2.47275 	-31.5344
2.47514 	-31.4996
2.47754 	-31.4647
2.47994 	-31.4297
2.48234 	-31.3946
2.48474 	-31.3594
2.48713 	-31.324
2.48953 	-31.2886
2.49193 	-31.2531
2.49433 	-31.2175
2.49673 	-31.1817
2.49912 	-31.1459
2.50152 	-31.11
2.50392 	-31.0739
2.50632 	-31.0378
2.50872 	-31.0015
2.51111 	-30.9652
2.51351 	-30.9287
2.51591 	-30.8922
2.51831 	-30.8555
2.52071 	-30.8188
2.5231 	-30.7819
2.5255 	-30.745
2.5279 	-30.7079
2.5303 	-30.6708
2.5327 	-30.6336
2.53509 	-30.5962
2.53749 	-30.5588
2.53989 	-30.5213
2.54229 	-30.4836
2.54469 	-30.4459
2.54708 	-30.4081
2.54948 	-30.3702
2.55188 	-30.3322
2.55428 	-30.2941
2.55668 	-30.2559
2.55907 	-30.2176
2.56147 	-30.1792
2.56387 	-30.1408
2.56627 	-30.1022
2.56867 	-30.0636
2.57106 	-30.0248
2.57346 	-29.986
2.57586 	-29.9471
2.57826 	-29.9081
2.58066 	-29.869
2.58305 	-29.8298
2.58545 	-29.7905
2.58785 	-29.7511
2.59025 	-29.7117
2.59265 	-29.6721
2.59504 	-29.6325
2.59744 	-29.5928
2.59984 	-29.553
2.60224 	-29.5131
2.60464 	-29.4732
2.60703 	-29.4331
2.60943 	-29.393
2.61183 	-29.3528
2.61423 	-29.3125
2.61663 	-29.2721
2.61902 	-29.2317
2.62142 	-29.1911
2.62382 	-29.1505
2.62622 	-29.1098
2.62862 	-29.069
2.63101 	-29.0282
2.63341 	-28.9872
2.63581 	-28.9462
2.63821 	-28.9051
2.64061 	-28.8639
2.643 	-28.8227
2.6454 	-28.7814
2.6478 	-28.74
2.6502 	-28.6985
2.6526 	-28.6569
2.65499 	-28.6153
2.65739 	-28.5736
2.65979 	-28.5318
2.66219 	-28.49
2.66459 	-28.448
2.66698 	-28.406
2.66938 	-28.364
2.67178 	-28.3218
2.67418 	-28.2796
2.67658 	-28.2373
2.67897 	-28.195
2.68137 	-28.1526
2.68377 	-28.1101
2.68617 	-28.0675
2.68857 	-28.0249
2.69096 	-27.9822
2.69336 	-27.9394
2.69576 	-27.8966
2.69816 	-27.8537
2.70056 	-27.8107
2.70295 	-27.7677
2.70535 	-27.7246
2.70775 	-27.6815
2.71015 	-27.6382
2.71255 	-27.595
2.71494 	-27.5516
2.71734 	-27.5082
2.71974 	-27.4647
2.72214 	-27.4212
2.72454 	-27.3776
2.72693 	-27.3339
2.72933 	-27.2902
2.73173 	-27.2464
2.73413 	-27.2026
2.73653 	-27.1587
2.73892 	-27.1148
2.74132 	-27.0707
2.74372 	-27.0267
2.74612 	-26.9826
2.74852 	-26.9384
2.75091 	-26.8941
2.75331 	-26.8498
2.75571 	-26.8055
2.75811 	-26.7611
2.76051 	-26.7166
2.7629 	-26.6721
2.7653 	-26.6276
2.7677 	-26.583
2.7701 	-26.5383
2.7725 	-26.4936
2.77489 	-26.4488
2.77729 	-26.404
2.77969 	-26.3591
2.78209 	-26.3142
2.78449 	-26.2692
2.78688 	-26.2242
2.78928 	-26.1791
2.79168 	-26.134
2.79408 	-26.0889
2.79648 	-26.0437
2.79887 	-25.9984
2.80127 	-25.9531
2.80367 	-25.9078
2.80607 	-25.8624
2.80847 	-25.8169
2.81086 	-25.7715
2.81326 	-25.7259
2.81566 	-25.6804
2.81806 	-25.6348
2.82046 	-25.5891
2.82285 	-25.5434
2.82525 	-25.4977
2.82765 	-25.4519
2.83005 	-25.4061
2.83245 	-25.3603
2.83484 	-25.3144
2.83724 	-25.2684
2.83964 	-25.2225
2.84204 	-25.1765
2.84444 	-25.1304
2.84683 	-25.0844
2.84923 	-25.0382
2.85163 	-24.9921
2.85403 	-24.9459
2.85643 	-24.8997
2.85882 	-24.8534
2.86122 	-24.8072
2.86362 	-24.7608
2.86602 	-24.7145
2.86842 	-24.6681
2.87081 	-24.6217
2.87321 	-24.5752
2.87561 	-24.5288
2.87801 	-24.4823
2.88041 	-24.4357
2.8828 	-24.3892
2.8852 	-24.3426
2.8876 	-24.2959
2.89 	-24.2493
2.8924 	-24.2026
2.89479 	-24.1559
2.89719 	-24.1091
2.89959 	-24.0623
2.90199 	-24.0155
2.90439 	-23.9687
2.90678 	-23.9218
2.90918 	-23.8749
2.91158 	-23.8279
2.91398 	-23.781
2.91638 	-23.734
2.91877 	-23.687
2.92117 	-23.6399
2.92357 	-23.5929
2.92597 	-23.5458
2.92837 	-23.4986
2.93076 	-23.4515
2.93316 	-23.4043
2.93556 	-23.3571
2.93796 	-23.3099
2.94036 	-23.2627
2.94275 	-23.2154
2.94515 	-23.1681
2.94755 	-23.1208
2.94995 	-23.0735
2.95235 	-23.0262
2.95474 	-22.9788
2.95714 	-22.9314
2.95954 	-22.884
2.96194 	-22.8366
2.96434 	-22.7892
2.96673 	-22.7417
2.96913 	-22.6943
2.97153 	-22.6468
2.97393 	-22.5993
2.97633 	-22.5517
2.97872 	-22.5042
2.98112 	-22.4567
2.98352 	-22.4091
2.98592 	-22.3615
2.98832 	-22.3139
2.99071 	-22.2663
2.99311 	-22.2187
2.99551 	-22.1711
2.99791 	-22.1235
3.00031 	-22.0758
3.0027 	-22.0282
3.0051 	-21.9805
3.0075 	-21.9328
3.0099 	-21.8851
3.0123 	-21.8374
3.01469 	-21.7897
3.01709 	-21.742
3.01949 	-21.6943
3.02189 	-21.6466
3.02429 	-21.5989
3.02668 	-21.5511
3.02908 	-21.5034
3.03148 	-21.4557
3.03388 	-21.4079
3.03628 	-21.3602
3.03867 	-21.3124
3.04107 	-21.2647
3.04347 	-21.2169
3.04587 	-21.1691
3.04827 	-21.1214
3.05066 	-21.0736
3.05306 	-21.0259
3.05546 	-20.9781
3.05786 	-20.9303
3.06026 	-20.8826
3.06265 	-20.8348
3.06505 	-20.7871
3.06745 	-20.7393
3.06985 	-20.6916
3.07225 	-20.6438
3.07464 	-20.5961
3.07704 	-20.5483
3.07944 	-20.5006
3.08184 	-20.4528
3.08424 	-20.4051
3.08663 	-20.3574
3.08903 	-20.3097
3.09143 	-20.262
3.09383 	-20.2143
3.09623 	-20.1666
3.09862 	-20.1189
3.10102 	-20.0712
3.10342 	-20.0236
3.10582 	-19.9759
3.10822 	-19.9282
3.11061 	-19.8806
3.11301 	-19.833
3.11541 	-19.7854
3.11781 	-19.7378
3.12021 	-19.6902
3.1226 	-19.6426
3.125 	-19.595
3.1274 	-19.5475
3.1298 	-19.4999
3.1322 	-19.4524
3.13459 	-19.4049
3.13699 	-19.3574
3.13939 	-19.3099
3.14179 	-19.2624
3.14419 	-19.215
3.14658 	-19.1675
3.14898 	-19.1201
3.15138 	-19.0727
3.15378 	-19.0253
3.15618 	-18.978
3.15857 	-18.9306
3.16097 	-18.8833
3.16337 	-18.836
3.16577 	-18.7887
3.16817 	-18.7414
3.17056 	-18.6942
3.17296 	-18.647
3.17536 	-18.5998
3.17776 	-18.5526
3.18016 	-18.5054
3.18255 	-18.4583
3.18495 	-18.4112
3.18735 	-18.3641
3.18975 	-18.317
3.19215 	-18.27
3.19454 	-18.2229
3.19694 	-18.1759
3.19934 	-18.129
3.20174 	-18.082
3.20414 	-18.0351
3.20653 	-17.9882
3.20893 	-17.9414
3.21133 	-17.8945
3.21373 	-17.8477
3.21613 	-17.8009
3.21852 	-17.7542
3.22092 	-17.7075
3.22332 	-17.6608
3.22572 	-17.6141
3.22812 	-17.5675
3.23051 	-17.5208
3.23291 	-17.4743
3.23531 	-17.4277
3.23771 	-17.3812
3.24011 	-17.3347
3.2425 	-17.2883
3.2449 	-17.2419
3.2473 	-17.1955
3.2497 	-17.1491
3.2521 	-17.1028
3.25449 	-17.0565
3.25689 	-17.0103
3.25929 	-16.9641
3.26169 	-16.9179
3.26409 	-16.8717
3.26648 	-16.8256
3.26888 	-16.7795
3.27128 	-16.7335
3.27368 	-16.6875
3.27608 	-16.6415
3.27847 	-16.5956
3.28087 	-16.5497
3.28327 	-16.5039
3.28567 	-16.458
3.28807 	-16.4123
3.29046 	-16.3665
3.29286 	-16.3208
3.29526 	-16.2752
3.29766 	-16.2296
3.30006 	-16.184
3.30245 	-16.1384
3.30485 	-16.0929
3.30725 	-16.0475
3.30965 	-16.0021
3.31205 	-15.9567
3.31444 	-15.9114
3.31684 	-15.8661
3.31924 	-15.8208
3.32164 	-15.7756
3.32404 	-15.7305
3.32643 	-15.6854
3.32883 	-15.6403
3.33123 	-15.5953
3.33363 	-15.5503
3.33603 	-15.5053
3.33842 	-15.4604
3.34082 	-15.4156
3.34322 	-15.3708
3.34562 	-15.326
3.34802 	-15.2813
3.35041 	-15.2367
3.35281 	-15.192
3.35521 	-15.1475
3.35761 	-15.103
3.36001 	-15.0585
3.3624 	-15.0141
3.3648 	-14.9697
3.3672 	-14.9253
3.3696 	-14.8811
3.372 	-14.8368
3.37439 	-14.7927
3.37679 	-14.7485
3.37919 	-14.7044
3.38159 	-14.6604
3.38399 	-14.6164
3.38638 	-14.5725
3.38878 	-14.5286
3.39118 	-14.4848
3.39358 	-14.441
3.39598 	-14.3973
3.39837 	-14.3536
3.40077 	-14.31
3.40317 	-14.2664
3.40557 	-14.2229
3.40797 	-14.1794
3.41036 	-14.136
3.41276 	-14.0927
3.41516 	-14.0494
3.41756 	-14.0061
3.41996 	-13.9629
3.42235 	-13.9198
3.42475 	-13.8767
3.42715 	-13.8337
3.42955 	-13.7907
3.43195 	-13.7478
3.43434 	-13.7049
3.43674 	-13.6621
3.43914 	-13.6193
3.44154 	-13.5767
3.44394 	-13.534
3.44633 	-13.4914
3.44873 	-13.4489
3.45113 	-13.4064
3.45353 	-13.364
3.45593 	-13.3217
3.45832 	-13.2794
3.46072 	-13.2371
3.46312 	-13.195
3.46552 	-13.1528
3.46792 	-13.1108
3.47031 	-13.0688
3.47271 	-13.0268
3.47511 	-12.985
3.47751 	-12.9431
3.47991 	-12.9014
3.4823 	-12.8597
3.4847 	-12.818
3.4871 	-12.7764
3.4895 	-12.7349
3.4919 	-12.6935
3.49429 	-12.6521
3.49669 	-12.6107
3.49909 	-12.5694
3.50149 	-12.5282
3.50389 	-12.4871
3.50628 	-12.446
3.50868 	-12.4049
3.51108 	-12.364
3.51348 	-12.3231
3.51588 	-12.2822
3.51827 	-12.2414
3.52067 	-12.2007
3.52307 	-12.1601
3.52547 	-12.1195
3.52787 	-12.0789
3.53026 	-12.0385
3.53266 	-11.9981
3.53506 	-11.9577
3.53746 	-11.9175
3.53986 	-11.8773
3.54225 	-11.8371
3.54465 	-11.797
3.54705 	-11.757
3.54945 	-11.7171
3.55185 	-11.6772
3.55424 	-11.6374
3.55664 	-11.5976
3.55904 	-11.5579
3.56144 	-11.5183
3.56384 	-11.4787
3.56623 	-11.4392
3.56863 	-11.3998
3.57103 	-11.3605
3.57343 	-11.3212
3.57583 	-11.2819
3.57822 	-11.2428
3.58062 	-11.2037
3.58302 	-11.1647
3.58542 	-11.1257
3.58782 	-11.0868
3.59021 	-11.048
3.59261 	-11.0092
3.59501 	-10.9705
3.59741 	-10.9319
3.59981 	-10.8934
3.6022 	-10.8549
3.6046 	-10.8164
3.607 	-10.7781
3.6094 	-10.7398
3.6118 	-10.7016
3.61419 	-10.6635
3.61659 	-10.6254
3.61899 	-10.5874
3.62139 	-10.5494
3.62379 	-10.5116
3.62618 	-10.4738
3.62858 	-10.436
3.63098 	-10.3984
3.63338 	-10.3608
3.63578 	-10.3232
3.63817 	-10.2858
3.64057 	-10.2484
3.64297 	-10.2111
3.64537 	-10.1738
3.64777 	-10.1367
3.65016 	-10.0996
3.65256 	-10.0625
3.65496 	-10.0256
3.65736 	-9.98866
3.65976 	-9.95184
3.66215 	-9.91508
3.66455 	-9.8784
3.66695 	-9.84178
3.66935 	-9.80524
3.67175 	-9.76877
3.67414 	-9.73237
3.67654 	-9.69604
3.67894 	-9.65978
3.68134 	-9.62359
3.68374 	-9.58747
3.68613 	-9.55142
3.68853 	-9.51545
3.69093 	-9.47954
3.69333 	-9.44371
3.69573 	-9.40795
3.69812 	-9.37226
3.70052 	-9.33664
3.70292 	-9.3011
3.70532 	-9.26562
3.70772 	-9.23022
3.71011 	-9.19489
3.71251 	-9.15963
3.71491 	-9.12444
3.71731 	-9.08932
3.71971 	-9.05428
3.7221 	-9.01931
3.7245 	-8.98441
3.7269 	-8.94958
3.7293 	-8.91483
3.7317 	-8.88015
3.73409 	-8.84553
3.73649 	-8.811
3.73889 	-8.77653
3.74129 	-8.74214
3.74369 	-8.70782
3.74608 	-8.67357
3.74848 	-8.63939
3.75088 	-8.60529
3.75328 	-8.57126
3.75568 	-8.5373
3.75807 	-8.50341
3.76047 	-8.4696
3.76287 	-8.43586
3.76527 	-8.40219
3.76767 	-8.3686
3.77006 	-8.33507
3.77246 	-8.30163
3.77486 	-8.26825
3.77726 	-8.23495
3.77966 	-8.20171
3.78205 	-8.16856
3.78445 	-8.13547
3.78685 	-8.10246
3.78925 	-8.06952
3.79165 	-8.03665
3.79404 	-8.00386
3.79644 	-7.97114
3.79884 	-7.93849
3.80124 	-7.90592
3.80364 	-7.87342
3.80603 	-7.84099
3.80843 	-7.80863
3.81083 	-7.77635
3.81323 	-7.74414
3.81563 	-7.71201
3.81802 	-7.67994
3.82042 	-7.64795
3.82282 	-7.61603
3.82522 	-7.58419
3.82762 	-7.55242
3.83001 	-7.52072
3.83241 	-7.48909
3.83481 	-7.45754
3.83721 	-7.42606
3.83961 	-7.39466
3.842 	-7.36332
3.8444 	-7.33206
3.8468 	-7.30088
3.8492 	-7.26976
3.8516 	-7.23872
3.85399 	-7.20775
3.85639 	-7.17685
3.85879 	-7.14603
3.86119 	-7.11528
3.86359 	-7.0846
3.86598 	-7.054
3.86838 	-7.02347
3.87078 	-6.99301
3.87318 	-6.96262
3.87558 	-6.93231
3.87797 	-6.90207
3.88037 	-6.8719
3.88277 	-6.84181
3.88517 	-6.81178
3.88757 	-6.78183
3.88996 	-6.75196
3.89236 	-6.72215
3.89476 	-6.69242
3.89716 	-6.66276
3.89956 	-6.63317
3.90195 	-6.60366
3.90435 	-6.57421
3.90675 	-6.54484
3.90915 	-6.51554
3.91155 	-6.48632
3.91394 	-6.45716
3.91634 	-6.42808
3.91874 	-6.39907
3.92114 	-6.37014
3.92354 	-6.34127
3.92593 	-6.31248
3.92833 	-6.28376
3.93073 	-6.25511
3.93313 	-6.22653
3.93553 	-6.19803
3.93792 	-6.16959
3.94032 	-6.14123
3.94272 	-6.11294
3.94512 	-6.08472
3.94752 	-6.05658
3.94991 	-6.0285
3.95231 	-6.0005
3.95471 	-5.97257
3.95711 	-5.9447
3.95951 	-5.91692
3.9619 	-5.8892
3.9643 	-5.86155
3.9667 	-5.83397
3.9691 	-5.80647
3.9715 	-5.77904
3.97389 	-5.75167
3.97629 	-5.72438
3.97869 	-5.69716
3.98109 	-5.67001
3.98349 	-5.64293
3.98588 	-5.61592
3.98828 	-5.58899
3.99068 	-5.56212
3.99308 	-5.53532
3.99548 	-5.5086
3.99787 	-5.48194
4.00027 	-5.45536
4.00267 	-5.42884
4.00507 	-5.4024
4.00747 	-5.37602
4.00986 	-5.34972
4.01226 	-5.32348
4.01466 	-5.29732
4.01706 	-5.27122
4.01946 	-5.2452
4.02185 	-5.21924
4.02425 	-5.19336
4.02665 	-5.16754
4.02905 	-5.14179
4.03145 	-5.11612
4.03384 	-5.09051
4.03624 	-5.06497
4.03864 	-5.0395
4.04104 	-5.0141
4.04344 	-4.98877
4.04583 	-4.9635
4.04823 	-4.93831
4.05063 	-4.91319
4.05303 	-4.88813
4.05543 	-4.86314
4.05782 	-4.83822
4.06022 	-4.81337
4.06262 	-4.78859
4.06502 	-4.76388
4.06742 	-4.73923
4.06981 	-4.71465
4.07221 	-4.69015
4.07461 	-4.6657
4.07701 	-4.64133
4.07941 	-4.61702
4.0818 	-4.59279
4.0842 	-4.56862
4.0866 	-4.54451
4.089 	-4.52048
4.0914 	-4.49651
4.09379 	-4.47261
4.09619 	-4.44878
4.09859 	-4.42501
4.10099 	-4.40131
4.10339 	-4.37768
4.10578 	-4.35411
4.10818 	-4.33061
4.11058 	-4.30718
4.11298 	-4.28382
4.11538 	-4.26052
4.11777 	-4.23728
4.12017 	-4.21412
4.12257 	-4.19102
4.12497 	-4.16798
4.12737 	-4.14501
4.12976 	-4.12211
4.13216 	-4.09927
4.13456 	-4.0765
4.13696 	-4.0538
4.13936 	-4.03116
4.14175 	-4.00858
4.14415 	-3.98607
4.14655 	-3.96363
4.14895 	-3.94125
4.15135 	-3.91894
4.15374 	-3.89669
4.15614 	-3.8745
4.15854 	-3.85238
4.16094 	-3.83033
4.16334 	-3.80834
4.16573 	-3.78641
4.16813 	-3.76455
4.17053 	-3.74275
4.17293 	-3.72102
4.17533 	-3.69935
4.17772 	-3.67774
4.18012 	-3.6562
4.18252 	-3.63472
4.18492 	-3.61331
4.18732 	-3.59196
4.18971 	-3.57067
4.19211 	-3.54944
4.19451 	-3.52828
4.19691 	-3.50718
4.19931 	-3.48615
4.2017 	-3.46518
4.2041 	-3.44427
4.2065 	-3.42342
4.2089 	-3.40264
4.2113 	-3.38191
4.21369 	-3.36125
4.21609 	-3.34066
4.21849 	-3.32012
4.22089 	-3.29965
4.22329 	-3.27923
4.22568 	-3.25888
4.22808 	-3.2386
4.23048 	-3.21837
4.23288 	-3.1982
4.23528 	-3.1781
4.23767 	-3.15806
4.24007 	-3.13807
4.24247 	-3.11815
4.24487 	-3.09829
4.24727 	-3.07849
4.24966 	-3.05875
4.25206 	-3.03908
4.25446 	-3.01946
4.25686 	-2.9999
4.25926 	-2.9804
4.26165 	-2.96097
4.26405 	-2.94159
4.26645 	-2.92227
4.26885 	-2.90301
4.27125 	-2.88382
4.27364 	-2.86468
4.27604 	-2.8456
4.27844 	-2.82658
4.28084 	-2.80762
4.28324 	-2.78872
4.28563 	-2.76988
4.28803 	-2.75109
4.29043 	-2.73237
4.29283 	-2.7137
4.29523 	-2.69509
4.29762 	-2.67654
4.30002 	-2.65805
4.30242 	-2.63962
4.30482 	-2.62124
4.30722 	-2.60293
4.30961 	-2.58467
4.31201 	-2.56646
4.31441 	-2.54832
4.31681 	-2.53023
4.31921 	-2.5122
4.3216 	-2.49423
4.324 	-2.47632
4.3264 	-2.45846
4.3288 	-2.44066
4.3312 	-2.42291
4.33359 	-2.40522
4.33599 	-2.38759
4.33839 	-2.37002
4.34079 	-2.3525
4.34319 	-2.33504
4.34558 	-2.31763
4.34798 	-2.30028
4.35038 	-2.28298
4.35278 	-2.26574
4.35518 	-2.24856
4.35757 	-2.23143
4.35997 	-2.21436
4.36237 	-2.19734
4.36477 	-2.18038
4.36717 	-2.16347
4.36956 	-2.14662
4.37196 	-2.12982
4.37436 	-2.11308
4.37676 	-2.09639
4.37916 	-2.07975
4.38155 	-2.06317
4.38395 	-2.04665
4.38635 	-2.03017
4.38875 	-2.01375
4.39115 	-1.99739
4.39354 	-1.98108
4.39594 	-1.96482
4.39834 	-1.94862
4.40074 	-1.93247
4.40314 	-1.91637
4.40553 	-1.90032
4.40793 	-1.88433
4.41033 	-1.86839
4.41273 	-1.85251
4.41513 	-1.83667
4.41752 	-1.82089
4.41992 	-1.80516
4.42232 	-1.78949
4.42472 	-1.77386
4.42712 	-1.75829
4.42951 	-1.74277
4.43191 	-1.7273
4.43431 	-1.71188
4.43671 	-1.69652
4.43911 	-1.6812
4.4415 	-1.66594
4.4439 	-1.65073
4.4463 	-1.63557
4.4487 	-1.62046
4.4511 	-1.6054
4.45349 	-1.59039
4.45589 	-1.57543
4.45829 	-1.56052
4.46069 	-1.54566
4.46309 	-1.53086
4.46548 	-1.5161
4.46788 	-1.50139
4.47028 	-1.48673
4.47268 	-1.47213
4.47508 	-1.45757
4.47747 	-1.44306
4.47987 	-1.4286
4.48227 	-1.41419
4.48467 	-1.39983
4.48707 	-1.38552
4.48946 	-1.37125
4.49186 	-1.35704
4.49426 	-1.34287
4.49666 	-1.32875
4.49906 	-1.31469
4.50145 	-1.30066
4.50385 	-1.28669
4.50625 	-1.27277
4.50865 	-1.25889
4.51105 	-1.24506
4.51344 	-1.23128
4.51584 	-1.21755
4.51824 	-1.20386
4.52064 	-1.19022
4.52304 	-1.17663
4.52543 	-1.16309
4.52783 	-1.14959
4.53023 	-1.13614
4.53263 	-1.12273
4.53503 	-1.10938
4.53742 	-1.09606
4.53982 	-1.0828
4.54222 	-1.06958
4.54462 	-1.05641
4.54702 	-1.04328
4.54941 	-1.0302
4.55181 	-1.01717
4.55421 	-1.00418
4.55661 	-0.991235
4.55901 	-0.978337
4.5614 	-0.965484
4.5638 	-0.952677
4.5662 	-0.939915
4.5686 	-0.927197
4.571 	-0.914525
4.57339 	-0.901897
4.57579 	-0.889314
4.57819 	-0.876775
4.58059 	-0.86428
4.58299 	-0.85183
4.58538 	-0.839424
4.58778 	-0.827062
4.59018 	-0.814744
4.59258 	-0.80247
4.59498 	-0.79024
4.59737 	-0.778053
4.59977 	-0.765909
4.60217 	-0.753809
4.60457 	-0.741752
4.60697 	-0.729738
4.60936 	-0.717768
4.61176 	-0.70584
4.61416 	-0.693954
4.61656 	-0.682112
4.61896 	-0.670312
4.62135 	-0.658554
4.62375 	-0.646839
4.62615 	-0.635166
4.62855 	-0.623535
4.63095 	-0.611946
4.63334 	-0.600398
4.63574 	-0.588893
4.63814 	-0.577429
4.64054 	-0.566007
4.64294 	-0.554626
4.64533 	-0.543286
4.64773 	-0.531988
4.65013 	-0.52073
4.65253 	-0.509514
4.65493 	-0.498338
4.65732 	-0.487203
4.65972 	-0.476109
4.66212 	-0.465055
4.66452 	-0.454042
4.66692 	-0.443068
4.66931 	-0.432135
4.67171 	-0.421242
4.67411 	-0.410389
4.67651 	-0.399576
4.67891 	-0.388803
4.6813 	-0.378069
4.6837 	-0.367375
4.6861 	-0.35672
4.6885 	-0.346104
4.6909 	-0.335527
4.69329 	-0.32499
4.69569 	-0.314491
4.69809 	-0.304032
4.70049 	-0.293611
4.70289 	-0.283228
4.70528 	-0.272884
4.70768 	-0.262579
4.71008 	-0.252312
4.71248 	-0.242083
4.71488 	-0.231892
4.71727 	-0.221739
4.71967 	-0.211624
4.72207 	-0.201547
4.72447 	-0.191507
4.72687 	-0.181505
4.72926 	-0.17154
4.73166 	-0.161613
4.73406 	-0.151723
4.73646 	-0.14187
4.73886 	-0.132053
4.74125 	-0.122274
4.74365 	-0.112532
4.74605 	-0.102826
4.74845 	-0.093157
4.75085 	-0.0835243
4.75324 	-0.073928
4.75564 	-0.064368
4.75804 	-0.0548441
4.76044 	-0.0453562
4.76284 	-0.0359043
4.76523 	-0.0264882
4.76763 	-0.0171079
4.77003 	-0.00776317
4.77243 	0.00154602
4.77483 	0.0108198
4.77722 	0.0200583
4.77962 	0.0292615
4.78202 	0.0384296
4.78442 	0.0475628
4.78682 	0.056661
4.78921 	0.0657244
4.79161 	0.0747531
4.79401 	0.0837473
4.79641 	0.0927069
4.79881 	0.101632
4.8012 	0.110523
4.8036 	0.11938
4.806 	0.128203
4.8084 	0.136991
4.8108 	0.145746
4.81319 	0.154467
4.81559 	0.163155
4.81799 	0.171808
4.82039 	0.180429
4.82279 	0.189016
4.82518 	0.197569
4.82758 	0.20609
4.82998 	0.214577
4.83238 	0.223032
4.83478 	0.231453
4.83717 	0.239842
4.83957 	0.248198
4.84197 	0.256522
4.84437 	0.264813
4.84677 	0.273071
4.84916 	0.281298
4.85156 	0.289492
4.85396 	0.297654
4.85636 	0.305784
4.85876 	0.313882
4.86115 	0.321948
4.86355 	0.329983
4.86595 	0.337986
4.86835 	0.345958
4.87075 	0.353898
4.87314 	0.361807
4.87554 	0.369684
4.87794 	0.377531
4.88034 	0.385346
4.88274 	0.393131
4.88513 	0.400884
4.88753 	0.408607
4.88993 	0.416299
4.89233 	0.423961
4.89473 	0.431592
4.89712 	0.439193
4.89952 	0.446764
4.90192 	0.454304
4.90432 	0.461815
4.90672 	0.469295
4.90911 	0.476746
4.91151 	0.484166
4.91391 	0.491557
4.91631 	0.498919
4.91871 	0.50625
4.9211 	0.513553
4.9235 	0.520826
4.9259 	0.528069
4.9283 	0.535284
4.9307 	0.54247
4.93309 	0.549626
4.93549 	0.556754
4.93789 	0.563853
4.94029 	0.570923
4.94269 	0.577964
4.94508 	0.584977
4.94748 	0.591962
4.94988 	0.598918
4.95228 	0.605846
4.95468 	0.612746
4.95707 	0.619618
4.95947 	0.626462
4.96187 	0.633277
4.96427 	0.640065
4.96667 	0.646826
4.96906 	0.653558
4.97146 	0.660263
4.97386 	0.666941
4.97626 	0.673591
4.97866 	0.680214
4.98105 	0.68681
4.98345 	0.693379
4.98585 	0.699921
4.98825 	0.706435
4.99065 	0.712923
4.99304 	0.719384
4.99544 	0.725819
4.99784 	0.732227
5.00024 	0.738608
5.00264 	0.744963
5.00503 	0.751291
5.00743 	0.757594
5.00983 	0.76387
5.01223 	0.77012
5.01463 	0.776344
5.01702 	0.782542
5.01942 	0.788714
5.02182 	0.794861
5.02422 	0.800982
5.02662 	0.807077
5.02901 	0.813147
5.03141 	0.819191
5.03381 	0.82521
5.03621 	0.831204
5.03861 	0.837173
5.041 	0.843116
5.0434 	0.849035
5.0458 	0.854928
5.0482 	0.860797
5.0506 	0.866641
5.05299 	0.87246
5.05539 	0.878255
5.05779 	0.884025
5.06019 	0.889771
5.06259 	0.895492
5.06498 	0.901189
5.06738 	0.906862
5.06978 	0.912511
5.07218 	0.918136
5.07458 	0.923737
5.07697 	0.929314
5.07937 	0.934867
5.08177 	0.940396
5.08417 	0.945902
5.08657 	0.951384
5.08896 	0.956842
5.09136 	0.962278
5.09376 	0.96769
5.09616 	0.973078
5.09856 	0.978444
5.10095 	0.983786
5.10335 	0.989105
5.10575 	0.994402
5.10815 	0.999675
5.11055 	1.00493
5.11294 	1.01015
5.11534 	1.01536
5.11774 	1.02054
5.12014 	1.0257
5.12254 	1.03084
5.12493 	1.03596
5.12733 	1.04105
5.12973 	1.04612
5.13213 	1.05117
5.13453 	1.0562
5.13692 	1.0612
5.13932 	1.06618
5.14172 	1.07114
5.14412 	1.07608
5.14652 	1.081
5.14891 	1.0859
5.15131 	1.09077
5.15371 	1.09562
5.15611 	1.10046
5.15851 	1.10527
5.1609 	1.11006
5.1633 	1.11482
5.1657 	1.11957
5.1681 	1.1243
5.1705 	1.129
5.17289 	1.13369
5.17529 	1.13835
5.17769 	1.14299
5.18009 	1.14761
5.18249 	1.15221
5.18488 	1.15679
5.18728 	1.16135
5.18968 	1.16589
5.19208 	1.17041
5.19448 	1.17491
5.19687 	1.17939
5.19927 	1.18385
5.20167 	1.18829
5.20407 	1.19271
5.20647 	1.19711
5.20886 	1.20148
5.21126 	1.20584
5.21366 	1.21018
5.21606 	1.2145
5.21846 	1.2188
5.22085 	1.22308
5.22325 	1.22735
5.22565 	1.23159
5.22805 	1.23581
5.23045 	1.24001
5.23284 	1.2442
5.23524 	1.24836
5.23764 	1.25251
5.24004 	1.25664
5.24244 	1.26074
5.24483 	1.26483
5.24723 	1.2689
5.24963 	1.27295
5.25203 	1.27699
5.25443 	1.281
5.25682 	1.285
5.25922 	1.28898
5.26162 	1.29294
5.26402 	1.29688
5.26642 	1.3008
5.26881 	1.3047
5.27121 	1.30859
5.27361 	1.31246
5.27601 	1.31631
5.27841 	1.32014
5.2808 	1.32395
5.2832 	1.32775
5.2856 	1.33153
5.288 	1.33529
5.2904 	1.33903
5.29279 	1.34276
5.29519 	1.34647
5.29759 	1.35016
5.29999 	1.35383
5.30239 	1.35749
5.30478 	1.36112
5.30718 	1.36475
5.30958 	1.36835
5.31198 	1.37194
5.31438 	1.37551
5.31677 	1.37906
5.31917 	1.3826
5.32157 	1.38612
5.32397 	1.38962
5.32637 	1.39311
5.32876 	1.39657
5.33116 	1.40003
5.33356 	1.40346
5.33596 	1.40688
5.33836 	1.41029
5.34075 	1.41367
5.34315 	1.41704
5.34555 	1.4204
5.34795 	1.42373
5.35035 	1.42706
5.35274 	1.43036
5.35514 	1.43365
5.35754 	1.43693
5.35994 	1.44018
5.36234 	1.44342
5.36473 	1.44665
5.36713 	1.44986
5.36953 	1.45306
5.37193 	1.45623
5.37433 	1.4594
5.37672 	1.46255
5.37912 	1.46568
5.38152 	1.46879
5.38392 	1.4719
5.38632 	1.47498
5.38871 	1.47805
5.39111 	1.48111
5.39351 	1.48415
5.39591 	1.48717
5.39831 	1.49018
5.4007 	1.49318
5.4031 	1.49616
5.4055 	1.49913
5.4079 	1.50208
5.4103 	1.50501
5.41269 	1.50793
5.41509 	1.51084
5.41749 	1.51373
5.41989 	1.51661
5.42229 	1.51947
5.42468 	1.52232
5.42708 	1.52516
5.42948 	1.52798
5.43188 	1.53078
5.43428 	1.53357
5.43667 	1.53635
5.43907 	1.53911
5.44147 	1.54186
5.44387 	1.54459
5.44627 	1.54732
5.44866 	1.55002
5.45106 	1.55271
5.45346 	1.55539
5.45586 	1.55806
5.45826 	1.56071
5.46065 	1.56335
5.46305 	1.56597
5.46545 	1.56858
5.46785 	1.57118
5.47025 	1.57376
5.47264 	1.57633
5.47504 	1.57889
5.47744 	1.58143
5.47984 	1.58396
5.48224 	1.58648
5.48463 	1.58898
5.48703 	1.59147
5.48943 	1.59395
5.49183 	1.59641
5.49423 	1.59887
5.49662 	1.6013
5.49902 	1.60373
5.50142 	1.60614
5.50382 	1.60854
5.50622 	1.61093
5.50861 	1.6133
5.51101 	1.61566
5.51341 	1.61801
5.51581 	1.62035
5.51821 	1.62267
5.5206 	1.62498
5.523 	1.62728
5.5254 	1.62957
5.5278 	1.63184
5.5302 	1.6341
5.53259 	1.63635
5.53499 	1.63859
5.53739 	1.64082
5.53979 	1.64303
5.54219 	1.64523
5.54458 	1.64742
5.54698 	1.64959
5.54938 	1.65176
5.55178 	1.65391
5.55418 	1.65605
5.55657 	1.65818
5.55897 	1.6603
5.56137 	1.6624
5.56377 	1.6645
5.56617 	1.66658
5.56856 	1.66865
5.57096 	1.67071
5.57336 	1.67276
5.57576 	1.67479
5.57816 	1.67682
5.58055 	1.67883
5.58295 	1.68083
5.58535 	1.68282
5.58775 	1.6848
5.59015 	1.68677
5.59254 	1.68873
5.59494 	1.69068
5.59734 	1.69261
5.59974 	1.69453
5.60214 	1.69645
5.60453 	1.69835
5.60693 	1.70024
5.60933 	1.70212
5.61173 	1.70399
5.61413 	1.70585
5.61652 	1.70769
5.61892 	1.70953
5.62132 	1.71136
5.62372 	1.71317
5.62612 	1.71498
5.62851 	1.71677
5.63091 	1.71855
5.63331 	1.72033
5.63571 	1.72209
5.63811 	1.72384
5.6405 	1.72559
5.6429 	1.72732
5.6453 	1.72904
5.6477 	1.73075
5.6501 	1.73245
5.65249 	1.73414
5.65489 	1.73582
5.65729 	1.73749
5.65969 	1.73915
5.66209 	1.7408
5.66448 	1.74244
5.66688 	1.74407
5.66928 	1.7457
5.67168 	1.74731
5.67408 	1.74891
5.67647 	1.7505
5.67887 	1.75208
5.68127 	1.75365
5.68367 	1.75521
5.68607 	1.75677
5.68846 	1.75831
5.69086 	1.75984
5.69326 	1.76136
5.69566 	1.76288
5.69806 	1.76438
5.70045 	1.76588
5.70285 	1.76736
5.70525 	1.76884
5.70765 	1.77031
5.71005 	1.77177
5.71244 	1.77321
5.71484 	1.77465
5.71724 	1.77608
5.71964 	1.7775
5.72204 	1.77892
5.72443 	1.78032
5.72683 	1.78171
5.72923 	1.7831
5.73163 	1.78447
5.73403 	1.78584
5.73642 	1.7872
5.73882 	1.78855
5.74122 	1.78989
5.74362 	1.79122
5.74602 	1.79254
5.74841 	1.79386
5.75081 	1.79516
5.75321 	1.79646
5.75561 	1.79775
5.75801 	1.79903
5.7604 	1.8003
5.7628 	1.80156
5.7652 	1.80281
5.7676 	1.80406
5.77 	1.8053
5.77239 	1.80652
5.77479 	1.80774
5.77719 	1.80896
5.77959 	1.81016
5.78199 	1.81136
5.78438 	1.81254
5.78678 	1.81372
5.78918 	1.81489
5.79158 	1.81605
5.79398 	1.81721
5.79637 	1.81836
5.79877 	1.81949
5.80117 	1.82062
5.80357 	1.82175
5.80597 	1.82286
5.80836 	1.82397
5.81076 	1.82507
5.81316 	1.82616
5.81556 	1.82724
5.81796 	1.82831
5.82035 	1.82938
5.82275 	1.83044
5.82515 	1.83149
5.82755 	1.83254
5.82995 	1.83357
5.83234 	1.8346
5.83474 	1.83562
5.83714 	1.83664
5.83954 	1.83764
5.84194 	1.83864
5.84433 	1.83963
5.84673 	1.84062
5.84913 	1.84159
5.85153 	1.84256
5.85393 	1.84352
5.85632 	1.84448
5.85872 	1.84543
5.86112 	1.84637
5.86352 	1.8473
5.86592 	1.84822
5.86831 	1.84914
5.87071 	1.85005
5.87311 	1.85096
5.87551 	1.85185
5.87791 	1.85274
5.8803 	1.85363
5.8827 	1.8545
5.8851 	1.85537
5.8875 	1.85623
5.8899 	1.85709
5.89229 	1.85793
5.89469 	1.85877
5.89709 	1.85961
5.89949 	1.86044
5.90189 	1.86126
5.90428 	1.86207
5.90668 	1.86288
5.90908 	1.86368
5.91148 	1.86447
5.91388 	1.86526
5.91627 	1.86604
5.91867 	1.86681
5.92107 	1.86758
5.92347 	1.86834
5.92587 	1.86909
5.92826 	1.86984
5.93066 	1.87058
5.93306 	1.87132
5.93546 	1.87205
5.93786 	1.87277
5.94025 	1.87348
5.94265 	1.87419
5.94505 	1.8749
5.94745 	1.87559
5.94985 	1.87628
5.95224 	1.87697
5.95464 	1.87764
5.95704 	1.87832
5.95944 	1.87898
5.96184 	1.87964
5.96423 	1.88029
5.96663 	1.88094
5.96903 	1.88158
5.97143 	1.88222
5.97383 	1.88285
5.97622 	1.88347
5.97862 	1.88409
5.98102 	1.8847
5.98342 	1.8853
5.98582 	1.8859
5.98821 	1.88649
5.99061 	1.88708
5.99301 	1.88766
5.99541 	1.88824
5.99781 	1.88881
6.0002 	1.88937
6.0026 	1.88993
6.005 	1.89049
6.0074 	1.89103
6.0098 	1.89157
6.01219 	1.89211
6.01459 	1.89264
6.01699 	1.89317
6.01939 	1.89368
6.02179 	1.8942
6.02418 	1.89471
6.02658 	1.89521
6.02898 	1.89571
6.03138 	1.8962
6.03378 	1.89668
6.03617 	1.89716
6.03857 	1.89764
6.04097 	1.89811
6.04337 	1.89857
6.04577 	1.89903
6.04816 	1.89949
6.05056 	1.89994
6.05296 	1.90038
6.05536 	1.90082
6.05776 	1.90125
6.06015 	1.90168
6.06255 	1.9021
6.06495 	1.90252
6.06735 	1.90293
6.06975 	1.90334
6.07214 	1.90374
6.07454 	1.90414
6.07694 	1.90453
6.07934 	1.90492
6.08174 	1.9053
6.08413 	1.90568
6.08653 	1.90605
6.08893 	1.90641
6.09133 	1.90678
6.09373 	1.90713
6.09612 	1.90749
6.09852 	1.90783
6.10092 	1.90818
6.10332 	1.90851
6.10572 	1.90885
6.10811 	1.90918
6.11051 	1.9095
6.11291 	1.90982
6.11531 	1.91013
6.11771 	1.91044
6.1201 	1.91075
6.1225 	1.91105
6.1249 	1.91134
6.1273 	1.91163
6.1297 	1.91192
6.13209 	1.9122
6.13449 	1.91248
6.13689 	1.91275
6.13929 	1.91302
6.14169 	1.91328
6.14408 	1.91354
6.14648 	1.91379
6.14888 	1.91404
6.15128 	1.91429
6.15368 	1.91453
6.15607 	1.91477
6.15847 	1.915
6.16087 	1.91523
6.16327 	1.91545
6.16567 	1.91567
6.16806 	1.91589
6.17046 	1.9161
6.17286 	1.9163
6.17526 	1.91651
6.17766 	1.9167
6.18005 	1.9169
6.18245 	1.91709
6.18485 	1.91727
6.18725 	1.91745
6.18965 	1.91763
6.19204 	1.9178
6.19444 	1.91797
6.19684 	1.91814
6.19924 	1.9183
6.20164 	1.91845
6.20403 	1.91861
6.20643 	1.91876
6.20883 	1.9189
6.21123 	1.91904
6.21363 	1.91918
6.21602 	1.91931
6.21842 	1.91944
6.22082 	1.91956
6.22322 	1.91968
6.22562 	1.9198
6.22801 	1.91991
6.23041 	1.92002
6.23281 	1.92013
6.23521 	1.92023
6.23761 	1.92033
6.24 	1.92042
6.2424 	1.92051
6.2448 	1.9206
6.2472 	1.92068
6.2496 	1.92076
6.25199 	1.92084
6.25439 	1.92091
6.25679 	1.92098
6.25919 	1.92104
6.26159 	1.9211
6.26398 	1.92116
6.26638 	1.92121
6.26878 	1.92126
6.27118 	1.92131
6.27358 	1.92135
6.27597 	1.92139
6.27837 	1.92143
6.28077 	1.92146
6.28317 	1.92149
6.28557 	1.92151
6.28796 	1.92153
6.29036 	1.92155
6.29276 	1.92157
6.29516 	1.92158
6.29756 	1.92159
6.29995 	1.92159
6.30235 	1.92159
6.30475 	1.92159
6.30715 	1.92158
6.30955 	1.92158
6.31194 	1.92156
6.31434 	1.92155
6.31674 	1.92153
6.31914 	1.92151
6.32154 	1.92148
6.32393 	1.92145
6.32633 	1.92142
6.32873 	1.92139
6.33113 	1.92135
6.33353 	1.92131
6.33592 	1.92126
6.33832 	1.92121
6.34072 	1.92116
6.34312 	1.92111
6.34552 	1.92105
6.34791 	1.92099
6.35031 	1.92093
6.35271 	1.92086
6.35511 	1.92079
6.35751 	1.92072
6.3599 	1.92064
6.3623 	1.92057
6.3647 	1.92048
6.3671 	1.9204
6.3695 	1.92031
6.37189 	1.92022
6.37429 	1.92013
6.37669 	1.92003
6.37909 	1.91993
6.38149 	1.91983
6.38388 	1.91972
6.38628 	1.91962
6.38868 	1.91951
6.39108 	1.91939
6.39348 	1.91928
6.39587 	1.91916
6.39827 	1.91903
6.40067 	1.91891
6.40307 	1.91878
6.40547 	1.91865
6.40786 	1.91852
6.41026 	1.91838
6.41266 	1.91824
6.41506 	1.9181
6.41746 	1.91795
6.41985 	1.91781
6.42225 	1.91766
6.42465 	1.9175
6.42705 	1.91735
6.42945 	1.91719
6.43184 	1.91703
6.43424 	1.91687
6.43664 	1.9167
6.43904 	1.91653
6.44144 	1.91636
6.44383 	1.91619
6.44623 	1.91601
6.44863 	1.91583
6.45103 	1.91565
6.45343 	1.91547
6.45582 	1.91528
6.45822 	1.91509
6.46062 	1.9149
6.46302 	1.91471
6.46542 	1.91451
6.46781 	1.91431
6.47021 	1.91411
6.47261 	1.9139
6.47501 	1.9137
6.47741 	1.91349
6.4798 	1.91328
6.4822 	1.91306
6.4846 	1.91285
6.487 	1.91263
6.4894 	1.91241
6.49179 	1.91219
6.49419 	1.91196
6.49659 	1.91173
6.49899 	1.9115
6.50139 	1.91127
6.50378 	1.91104
6.50618 	1.9108
6.50858 	1.91056
6.51098 	1.91032
6.51338 	1.91007
6.51577 	1.90983
6.51817 	1.90958
6.52057 	1.90933
6.52297 	1.90908
6.52537 	1.90882
6.52776 	1.90856
6.53016 	1.9083
6.53256 	1.90804
6.53496 	1.90778
6.53736 	1.90751
6.53975 	1.90724
6.54215 	1.90697
6.54455 	1.9067
6.54695 	1.90643
6.54935 	1.90615
6.55174 	1.90587
6.55414 	1.90559
6.55654 	1.90531
6.55894 	1.90502
6.56134 	1.90474
6.56373 	1.90445
6.56613 	1.90416
6.56853 	1.90386
6.57093 	1.90357
6.57333 	1.90327
6.57572 	1.90297
6.57812 	1.90267
6.58052 	1.90237
6.58292 	1.90206
6.58532 	1.90175
6.58771 	1.90145
6.59011 	1.90113
6.59251 	1.90082
6.59491 	1.90051
6.59731 	1.90019
6.5997 	1.89987
6.6021 	1.89955
6.6045 	1.89923
6.6069 	1.8989
6.6093 	1.89858
6.61169 	1.89825
6.61409 	1.89792
6.61649 	1.89759
6.61889 	1.89725
6.62129 	1.89692
6.62368 	1.89658
6.62608 	1.89624
6.62848 	1.8959
6.63088 	1.89556
6.63328 	1.89522
6.63567 	1.89487
6.63807 	1.89452
6.64047 	1.89417
6.64287 	1.89382
6.64527 	1.89347
6.64766 	1.89311
6.65006 	1.89276
6.65246 	1.8924
6.65486 	1.89204
6.65726 	1.89168
6.65965 	1.89131
6.66205 	1.89095
6.66445 	1.89058
6.66685 	1.89021
6.66925 	1.88984
6.67164 	1.88947
6.67404 	1.8891
6.67644 	1.88872
6.67884 	1.88835
6.68124 	1.88797
6.68363 	1.88759
6.68603 	1.88721
6.68843 	1.88682
6.69083 	1.88644
6.69323 	1.88605
6.69562 	1.88567
6.69802 	1.88528
6.70042 	1.88489
6.70282 	1.88449
6.70522 	1.8841
6.70761 	1.88371
6.71001 	1.88331
6.71241 	1.88291
6.71481 	1.88251
6.71721 	1.88211
6.7196 	1.88171
6.722 	1.8813
6.7244 	1.8809
6.7268 	1.88049
6.7292 	1.88008
6.73159 	1.87967
6.73399 	1.87926
6.73639 	1.87885
6.73879 	1.87843
6.74119 	1.87802
6.74358 	1.8776
6.74598 	1.87718
6.74838 	1.87676
6.75078 	1.87634
6.75318 	1.87592
6.75557 	1.87549
6.75797 	1.87507
6.76037 	1.87464
6.76277 	1.87421
6.76517 	1.87378
6.76756 	1.87335
6.76996 	1.87292
6.77236 	1.87249
6.77476 	1.87205
6.77716 	1.87162
6.77955 	1.87118
6.78195 	1.87074
6.78435 	1.8703
6.78675 	1.86986
6.78915 	1.86942
6.79154 	1.86897
6.79394 	1.86853
6.79634 	1.86808
6.79874 	1.86764
6.80114 	1.86719
6.80353 	1.86674
6.80593 	1.86629
6.80833 	1.86583
6.81073 	1.86538
6.81313 	1.86493
6.81552 	1.86447
6.81792 	1.86401
6.82032 	1.86355
6.82272 	1.86309
6.82512 	1.86263
6.82751 	1.86217
6.82991 	1.86171
6.83231 	1.86124
6.83471 	1.86078
6.83711 	1.86031
6.8395 	1.85985
6.8419 	1.85938
6.8443 	1.85891
6.8467 	1.85844
6.8491 	1.85796
6.85149 	1.85749
6.85389 	1.85702
6.85629 	1.85654
6.85869 	1.85606
6.86109 	1.85559
6.86348 	1.85511
6.86588 	1.85463
6.86828 	1.85415
6.87068 	1.85367
6.87308 	1.85318
6.87547 	1.8527
6.87787 	1.85222
6.88027 	1.85173
6.88267 	1.85124
6.88507 	1.85075
6.88746 	1.85027
6.88986 	1.84978
6.89226 	1.84928
6.89466 	1.84879
6.89706 	1.8483
6.89945 	1.84781
6.90185 	1.84731
6.90425 	1.84682
6.90665 	1.84632
6.90905 	1.84582
6.91144 	1.84532
6.91384 	1.84482
6.91624 	1.84432
6.91864 	1.84382
6.92104 	1.84332
6.92343 	1.84281
6.92583 	1.84231
6.92823 	1.8418
6.93063 	1.8413
6.93303 	1.84079
6.93542 	1.84028
6.93782 	1.83977
6.94022 	1.83927
6.94262 	1.83875
6.94502 	1.83824
6.94741 	1.83773
6.94981 	1.83722
6.95221 	1.8367
6.95461 	1.83619
6.95701 	1.83567
6.9594 	1.83516
6.9618 	1.83464
6.9642 	1.83412
6.9666 	1.8336
6.969 	1.83308
6.97139 	1.83256
6.97379 	1.83204
6.97619 	1.83152
6.97859 	1.83099
6.98099 	1.83047
6.98338 	1.82994
6.98578 	1.82942
6.98818 	1.82889
6.99058 	1.82837
6.99298 	1.82784
6.99537 	1.82731
6.99777 	1.82678
7.00017 	1.82625
7.00257 	1.82572
7.00497 	1.82519
7.00736 	1.82465
7.00976 	1.82412
7.01216 	1.82359
7.01456 	1.82305
7.01696 	1.82252
7.01935 	1.82198
7.02175 	1.82144
7.02415 	1.82091
7.02655 	1.82037
7.02895 	1.81983
7.03134 	1.81929
7.03374 	1.81875
7.03614 	1.81821
7.03854 	1.81767
7.04094 	1.81712
7.04333 	1.81658
7.04573 	1.81604
7.04813 	1.81549
7.05053 	1.81495
7.05293 	1.8144
7.05532 	1.81386
7.05772 	1.81331
7.06012 	1.81276
7.06252 	1.81221
7.06492 	1.81166
7.06731 	1.81111
7.06971 	1.81056
7.07211 	1.81001
7.07451 	1.80946
7.07691 	1.80891
7.0793 	1.80836
7.0817 	1.8078
7.0841 	1.80725
7.0865 	1.80669
7.0889 	1.80614
7.09129 	1.80558
7.09369 	1.80503
7.09609 	1.80447
7.09849 	1.80391
7.10089 	1.80335
7.10328 	1.8028
7.10568 	1.80224
7.10808 	1.80168
7.11048 	1.80112
7.11288 	1.80056
7.11527 	1.79999
7.11767 	1.79943
7.12007 	1.79887
7.12247 	1.79831
7.12487 	1.79774
7.12726 	1.79718
7.12966 	1.79662
7.13206 	1.79605
7.13446 	1.79548
7.13686 	1.79492
7.13925 	1.79435
7.14165 	1.79378
7.14405 	1.79322
7.14645 	1.79265
7.14885 	1.79208
7.15124 	1.79151
7.15364 	1.79094
7.15604 	1.79037
7.15844 	1.7898
7.16084 	1.78923
7.16323 	1.78866
7.16563 	1.78809
7.16803 	1.78751
7.17043 	1.78694
7.17283 	1.78637
7.17522 	1.78579
7.17762 	1.78522
7.18002 	1.78464
7.18242 	1.78407
7.18482 	1.78349
7.18721 	1.78292
7.18961 	1.78234
7.19201 	1.78176
7.19441 	1.78119
7.19681 	1.78061
7.1992 	1.78003
7.2016 	1.77945
7.204 	1.77887
7.2064 	1.77829
7.2088 	1.77771
7.21119 	1.77713
7.21359 	1.77655
7.21599 	1.77597
7.21839 	1.77539
7.22079 	1.77481
7.22318 	1.77422
7.22558 	1.77364
7.22798 	1.77306
7.23038 	1.77248
7.23278 	1.77189
7.23517 	1.77131
7.23757 	1.77072
7.23997 	1.77014
7.24237 	1.76955
7.24477 	1.76897
7.24716 	1.76838
7.24956 	1.7678
7.25196 	1.76721
7.25436 	1.76662
7.25676 	1.76603
7.25915 	1.76545
7.26155 	1.76486
7.26395 	1.76427
7.26635 	1.76368
7.26875 	1.76309
7.27114 	1.7625
7.27354 	1.76191
7.27594 	1.76132
7.27834 	1.76073
7.28074 	1.76014
7.28313 	1.75955
7.28553 	1.75896
7.28793 	1.75837
7.29033 	1.75778
7.29273 	1.75719
7.29512 	1.75659
7.29752 	1.756
7.29992 	1.75541
7.30232 	1.75481
7.30472 	1.75422
7.30711 	1.75363
7.30951 	1.75303
7.31191 	1.75244
7.31431 	1.75184
7.31671 	1.75125
7.3191 	1.75065
7.3215 	1.75006
7.3239 	1.74946
7.3263 	1.74887
7.3287 	1.74827
7.33109 	1.74767
7.33349 	1.74708
7.33589 	1.74648
7.33829 	1.74588
7.34069 	1.74529
7.34308 	1.74469
7.34548 	1.74409
7.34788 	1.74349
7.35028 	1.74289
7.35268 	1.74229
7.35507 	1.7417
7.35747 	1.7411
7.35987 	1.7405
7.36227 	1.7399
7.36467 	1.7393
7.36706 	1.7387
7.36946 	1.7381
7.37186 	1.7375
7.37426 	1.7369
7.37666 	1.7363
7.37905 	1.7357
7.38145 	1.73509
7.38385 	1.73449
7.38625 	1.73389
7.38865 	1.73329
7.39104 	1.73269
7.39344 	1.73209
7.39584 	1.73148
7.39824 	1.73088
7.40064 	1.73028
7.40303 	1.72968
7.40543 	1.72907
7.40783 	1.72847
7.41023 	1.72787
7.41263 	1.72726
7.41502 	1.72666
7.41742 	1.72606
7.41982 	1.72545
7.42222 	1.72485
7.42462 	1.72424
7.42701 	1.72364
7.42941 	1.72303
7.43181 	1.72243
7.43421 	1.72182
7.43661 	1.72122
7.439 	1.72061
7.4414 	1.72001
7.4438 	1.7194
7.4462 	1.7188
7.4486 	1.71819
7.45099 	1.71759
7.45339 	1.71698
7.45579 	1.71637
7.45819 	1.71577
7.46059 	1.71516
7.46298 	1.71456
7.46538 	1.71395
7.46778 	1.71334
7.47018 	1.71274
7.47258 	1.71213
7.47497 	1.71152
7.47737 	1.71091
7.47977 	1.71031
7.48217 	1.7097
7.48457 	1.70909
7.48696 	1.70849
7.48936 	1.70788
7.49176 	1.70727
7.49416 	1.70666
7.49656 	1.70605
7.49895 	1.70545
7.50135 	1.70484
7.50375 	1.70423
7.50615 	1.70362
7.50855 	1.70301
7.51094 	1.70241
7.51334 	1.7018
7.51574 	1.70119
7.51814 	1.70058
7.52054 	1.69997
7.52293 	1.69936
7.52533 	1.69875
7.52773 	1.69814
7.53013 	1.69754
7.53253 	1.69693
7.53492 	1.69632
7.53732 	1.69571
7.53972 	1.6951
7.54212 	1.69449
7.54452 	1.69388
7.54691 	1.69327
7.54931 	1.69266
7.55171 	1.69205
7.55411 	1.69144
7.55651 	1.69083
7.5589 	1.69022
7.5613 	1.68961
7.5637 	1.68901
7.5661 	1.6884
7.5685 	1.68779
7.57089 	1.68718
7.57329 	1.68657
7.57569 	1.68596
7.57809 	1.68535
7.58049 	1.68474
7.58288 	1.68413
7.58528 	1.68352
7.58768 	1.68291
7.59008 	1.6823
7.59248 	1.68169
7.59487 	1.68108
7.59727 	1.68047
7.59967 	1.67986
7.60207 	1.67925
7.60447 	1.67864
7.60686 	1.67803
7.60926 	1.67742
7.61166 	1.67681
7.61406 	1.6762
7.61646 	1.67559
7.61885 	1.67498
7.62125 	1.67437
7.62365 	1.67376
7.62605 	1.67315
7.62845 	1.67254
7.63084 	1.67193
7.63324 	1.67132
7.63564 	1.67071
7.63804 	1.6701
7.64044 	1.66949
7.64283 	1.66888
7.64523 	1.66827
7.64763 	1.66766
7.65003 	1.66705
7.65243 	1.66644
7.65482 	1.66583
7.65722 	1.66522
7.65962 	1.66461
7.66202 	1.664
7.66442 	1.66339
7.66681 	1.66278
7.66921 	1.66217
7.67161 	1.66156
7.67401 	1.66095
7.67641 	1.66034
7.6788 	1.65973
7.6812 	1.65912
7.6836 	1.65852
7.686 	1.65791
7.6884 	1.6573
7.69079 	1.65669
7.69319 	1.65608
7.69559 	1.65547
7.69799 	1.65486
7.70039 	1.65425
7.70278 	1.65364
7.70518 	1.65303
7.70758 	1.65242
7.70998 	1.65182
7.71238 	1.65121
7.71477 	1.6506
7.71717 	1.64999
7.71957 	1.64938
7.72197 	1.64877
7.72437 	1.64816
7.72676 	1.64756
7.72916 	1.64695
7.73156 	1.64634
7.73396 	1.64573
7.73636 	1.64512
7.73875 	1.64452
7.74115 	1.64391
7.74355 	1.6433
7.74595 	1.64269
7.74835 	1.64208
7.75074 	1.64148
7.75314 	1.64087
7.75554 	1.64026
7.75794 	1.63965
7.76034 	1.63905
7.76273 	1.63844
7.76513 	1.63783
7.76753 	1.63723
7.76993 	1.63662
7.77233 	1.63601
7.77472 	1.6354
7.77712 	1.6348
7.77952 	1.63419
7.78192 	1.63359
7.78432 	1.63298
7.78671 	1.63237
7.78911 	1.63177
7.79151 	1.63116
7.79391 	1.63055
7.79631 	1.62995
7.7987 	1.62934
7.8011 	1.62874
7.8035 	1.62813
7.8059 	1.62753
7.8083 	1.62692
7.81069 	1.62632
7.81309 	1.62571
7.81549 	1.62511
7.81789 	1.6245
7.82029 	1.6239
7.82268 	1.62329
7.82508 	1.62269
7.82748 	1.62208
7.82988 	1.62148
7.83228 	1.62087
7.83467 	1.62027
7.83707 	1.61967
7.83947 	1.61906
7.84187 	1.61846
7.84427 	1.61785
7.84666 	1.61725
7.84906 	1.61665
7.85146 	1.61604
7.85386 	1.61544
7.85626 	1.61484
7.85865 	1.61423
7.86105 	1.61363
7.86345 	1.61303
7.86585 	1.61243
7.86825 	1.61182
7.87064 	1.61122
7.87304 	1.61062
7.87544 	1.61002
7.87784 	1.60942
7.88024 	1.60882
7.88263 	1.60821
7.88503 	1.60761
7.88743 	1.60701
7.88983 	1.60641
7.89223 	1.60581
7.89462 	1.60521
7.89702 	1.60461
7.89942 	1.60401
7.90182 	1.60341
7.90422 	1.60281
7.90661 	1.60221
7.90901 	1.60161
7.91141 	1.60101
7.91381 	1.60041
7.91621 	1.59981
7.9186 	1.59921
7.921 	1.59861
7.9234 	1.59801
7.9258 	1.59741
7.9282 	1.59681
7.93059 	1.59621
7.93299 	1.59562
7.93539 	1.59502
7.93779 	1.59442
7.94019 	1.59382
7.94258 	1.59322
7.94498 	1.59263
7.94738 	1.59203
7.94978 	1.59143
7.95218 	1.59083
7.95457 	1.59024
7.95697 	1.58964
7.95937 	1.58904
7.96177 	1.58845
7.96417 	1.58785
7.96656 	1.58725
7.96896 	1.58666
7.97136 	1.58606
7.97376 	1.58547
7.97616 	1.58487
7.97855 	1.58428
7.98095 	1.58368
7.98335 	1.58309
7.98575 	1.58249
7.98815 	1.5819
7.99054 	1.5813
7.99294 	1.58071
7.99534 	1.58011
7.99774 	1.57952
8.00014 	1.57893
8.00253 	1.57833
8.00493 	1.57774
8.00733 	1.57715
8.00973 	1.57655
8.01213 	1.57596
8.01452 	1.57537
8.01692 	1.57478
8.01932 	1.57418
8.02172 	1.57359
8.02412 	1.573
8.02651 	1.57241
8.02891 	1.57182
8.03131 	1.57123
8.03371 	1.57063
8.03611 	1.57004
8.0385 	1.56945
8.0409 	1.56886
8.0433 	1.56827
8.0457 	1.56768
8.0481 	1.56709
8.05049 	1.5665
8.05289 	1.56591
8.05529 	1.56532
8.05769 	1.56473
8.06009 	1.56414
8.06248 	1.56356
8.06488 	1.56297
8.06728 	1.56238
8.06968 	1.56179
8.07208 	1.5612
8.07447 	1.56062
8.07687 	1.56003
8.07927 	1.55944
8.08167 	1.55885
8.08407 	1.55827
8.08646 	1.55768
8.08886 	1.55709
8.09126 	1.55651
8.09366 	1.55592
8.09606 	1.55533
8.09845 	1.55475
8.10085 	1.55416
8.10325 	1.55358
8.10565 	1.55299
8.10805 	1.55241
8.11044 	1.55182
8.11284 	1.55124
8.11524 	1.55065
8.11764 	1.55007
8.12004 	1.54949
8.12243 	1.5489
8.12483 	1.54832
8.12723 	1.54774
8.12963 	1.54715
8.13203 	1.54657
8.13442 	1.54599
8.13682 	1.5454
8.13922 	1.54482
8.14162 	1.54424
8.14402 	1.54366
8.14641 	1.54308
8.14881 	1.5425
8.15121 	1.54191
8.15361 	1.54133
8.15601 	1.54075
8.1584 	1.54017
8.1608 	1.53959
8.1632 	1.53901
8.1656 	1.53843
8.168 	1.53785
8.17039 	1.53727
8.17279 	1.53669
8.17519 	1.53612
8.17759 	1.53554
8.17999 	1.53496
8.18238 	1.53438
8.18478 	1.5338
8.18718 	1.53322
8.18958 	1.53265
8.19198 	1.53207
8.19437 	1.53149
8.19677 	1.53091
8.19917 	1.53034
8.20157 	1.52976
8.20397 	1.52919
8.20636 	1.52861
8.20876 	1.52803
8.21116 	1.52746
8.21356 	1.52688
8.21596 	1.52631
8.21835 	1.52573
8.22075 	1.52516
8.22315 	1.52458
8.22555 	1.52401
8.22795 	1.52344
8.23034 	1.52286
8.23274 	1.52229
8.23514 	1.52172
8.23754 	1.52114
8.23994 	1.52057
8.24233 	1.52
8.24473 	1.51942
8.24713 	1.51885
8.24953 	1.51828
8.25193 	1.51771
8.25432 	1.51714
8.25672 	1.51657
8.25912 	1.516
8.26152 	1.51543
8.26392 	1.51485
8.26631 	1.51428
8.26871 	1.51371
8.27111 	1.51315
8.27351 	1.51258
8.27591 	1.51201
8.2783 	1.51144
8.2807 	1.51087
8.2831 	1.5103
8.2855 	1.50973
8.2879 	1.50916
8.29029 	1.5086
8.29269 	1.50803
8.29509 	1.50746
8.29749 	1.50689
8.29989 	1.50633
8.30228 	1.50576
8.30468 	1.50519
8.30708 	1.50463
8.30948 	1.50406
8.31188 	1.5035
8.31427 	1.50293
8.31667 	1.50237
8.31907 	1.5018
8.32147 	1.50124
8.32387 	1.50067
8.32626 	1.50011
8.32866 	1.49954
8.33106 	1.49898
8.33346 	1.49842
8.33586 	1.49785
8.33825 	1.49729
8.34065 	1.49673
8.34305 	1.49617
8.34545 	1.4956
8.34785 	1.49504
8.35024 	1.49448
8.35264 	1.49392
8.35504 	1.49336
8.35744 	1.4928
8.35984 	1.49224
8.36223 	1.49168
8.36463 	1.49112
8.36703 	1.49056
8.36943 	1.49
8.37183 	1.48944
8.37422 	1.48888
8.37662 	1.48832
8.37902 	1.48776
8.38142 	1.4872
8.38382 	1.48664
8.38621 	1.48609
8.38861 	1.48553
8.39101 	1.48497
8.39341 	1.48441
8.39581 	1.48386
8.3982 	1.4833
8.4006 	1.48275
8.403 	1.48219
8.4054 	1.48163
8.4078 	1.48108
8.41019 	1.48052
8.41259 	1.47997
8.41499 	1.47941
8.41739 	1.47886
8.41979 	1.4783
8.42218 	1.47775
8.42458 	1.4772
8.42698 	1.47664
8.42938 	1.47609
8.43178 	1.47554
8.43417 	1.47498
8.43657 	1.47443
8.43897 	1.47388
8.44137 	1.47333
8.44377 	1.47277
8.44616 	1.47222
8.44856 	1.47167
8.45096 	1.47112
8.45336 	1.47057
8.45576 	1.47002
8.45815 	1.46947
8.46055 	1.46892
8.46295 	1.46837
8.46535 	1.46782
8.46775 	1.46727
8.47014 	1.46672
8.47254 	1.46617
8.47494 	1.46563
8.47734 	1.46508
8.47974 	1.46453
8.48213 	1.46398
8.48453 	1.46344
8.48693 	1.46289
8.48933 	1.46234
8.49173 	1.4618
8.49412 	1.46125
8.49652 	1.4607
8.49892 	1.46016
8.50132 	1.45961
8.50372 	1.45907
8.50611 	1.45852
8.50851 	1.45798
8.51091 	1.45743
8.51331 	1.45689
8.51571 	1.45635
8.5181 	1.4558
8.5205 	1.45526
8.5229 	1.45472
8.5253 	1.45417
8.5277 	1.45363
8.53009 	1.45309
8.53249 	1.45255
8.53489 	1.452
8.53729 	1.45146
8.53969 	1.45092
8.54208 	1.45038
8.54448 	1.44984
8.54688 	1.4493
8.54928 	1.44876
8.55168 	1.44822
8.55407 	1.44768
8.55647 	1.44714
8.55887 	1.4466
8.56127 	1.44606
8.56367 	1.44552
8.56606 	1.44499
8.56846 	1.44445
8.57086 	1.44391
8.57326 	1.44337
8.57566 	1.44284
8.57805 	1.4423
8.58045 	1.44176
8.58285 	1.44123
8.58525 	1.44069
8.58765 	1.44015
8.59004 	1.43962
8.59244 	1.43908
8.59484 	1.43855
8.59724 	1.43801
8.59964 	1.43748
8.60203 	1.43694
8.60443 	1.43641
8.60683 	1.43588
8.60923 	1.43534
8.61163 	1.43481
8.61402 	1.43428
8.61642 	1.43374
8.61882 	1.43321
8.62122 	1.43268
8.62362 	1.43215
8.62601 	1.43162
8.62841 	1.43109
8.63081 	1.43055
8.63321 	1.43002
8.63561 	1.42949
8.638 	1.42896
8.6404 	1.42843
8.6428 	1.4279
8.6452 	1.42737
8.6476 	1.42684
8.64999 	1.42632
8.65239 	1.42579
8.65479 	1.42526
8.65719 	1.42473
8.65959 	1.4242
8.66198 	1.42368
8.66438 	1.42315
8.66678 	1.42262
8.66918 	1.4221
8.67158 	1.42157
8.67397 	1.42104
8.67637 	1.42052
8.67877 	1.41999
8.68117 	1.41947
8.68357 	1.41894
8.68596 	1.41842
8.68836 	1.41789
8.69076 	1.41737
8.69316 	1.41684
8.69556 	1.41632
8.69795 	1.4158
8.70035 	1.41527
8.70275 	1.41475
8.70515 	1.41423
8.70755 	1.41371
8.70994 	1.41318
8.71234 	1.41266
8.71474 	1.41214
8.71714 	1.41162
8.71954 	1.4111
8.72193 	1.41058
8.72433 	1.41006
8.72673 	1.40954
8.72913 	1.40902
8.73153 	1.4085
8.73392 	1.40798
8.73632 	1.40746
8.73872 	1.40694
8.74112 	1.40642
8.74352 	1.4059
8.74591 	1.40539
8.74831 	1.40487
8.75071 	1.40435
8.75311 	1.40383
8.75551 	1.40332
8.7579 	1.4028
8.7603 	1.40228
8.7627 	1.40177
8.7651 	1.40125
8.7675 	1.40074
8.76989 	1.40022
8.77229 	1.39971
8.77469 	1.39919
8.77709 	1.39868
8.77949 	1.39816
8.78188 	1.39765
8.78428 	1.39714
8.78668 	1.39662
8.78908 	1.39611
8.79148 	1.3956
8.79387 	1.39508
8.79627 	1.39457
8.79867 	1.39406
8.80107 	1.39355
8.80347 	1.39304
8.80586 	1.39253
8.80826 	1.39202
8.81066 	1.3915
8.81306 	1.39099
8.81546 	1.39048
8.81785 	1.38997
8.82025 	1.38947
8.82265 	1.38896
8.82505 	1.38845
8.82745 	1.38794
8.82984 	1.38743
8.83224 	1.38692
8.83464 	1.38641
8.83704 	1.38591
8.83944 	1.3854
8.84183 	1.38489
8.84423 	1.38439
8.84663 	1.38388
8.84903 	1.38337
8.85143 	1.38287
8.85382 	1.38236
8.85622 	1.38186
8.85862 	1.38135
8.86102 	1.38085
8.86342 	1.38034
8.86581 	1.37984
8.86821 	1.37933
8.87061 	1.37883
8.87301 	1.37833
8.87541 	1.37782
8.8778 	1.37732
8.8802 	1.37682
8.8826 	1.37632
8.885 	1.37581
8.8874 	1.37531
8.88979 	1.37481
8.89219 	1.37431
8.89459 	1.37381
8.89699 	1.37331
8.89939 	1.37281
8.90178 	1.37231
8.90418 	1.37181
8.90658 	1.37131
8.90898 	1.37081
8.91138 	1.37031
8.91377 	1.36981
8.91617 	1.36931
8.91857 	1.36881
8.92097 	1.36831
8.92337 	1.36782
8.92576 	1.36732
8.92816 	1.36682
8.93056 	1.36633
8.93296 	1.36583
8.93536 	1.36533
8.93775 	1.36484
8.94015 	1.36434
8.94255 	1.36385
8.94495 	1.36335
8.94735 	1.36286
8.94974 	1.36236
8.95214 	1.36187
8.95454 	1.36137
8.95694 	1.36088
8.95934 	1.36038
8.96173 	1.35989
8.96413 	1.3594
8.96653 	1.35891
8.96893 	1.35841
8.97133 	1.35792
8.97372 	1.35743
8.97612 	1.35694
8.97852 	1.35645
8.98092 	1.35595
8.98332 	1.35546
8.98571 	1.35497
8.98811 	1.35448
8.99051 	1.35399
8.99291 	1.3535
8.99531 	1.35301
8.9977 	1.35252
9.0001 	1.35203
9.0025 	1.35155
9.0049 	1.35106
9.0073 	1.35057
9.00969 	1.35008
9.01209 	1.34959
9.01449 	1.34911
9.01689 	1.34862
9.01929 	1.34813
9.02168 	1.34765
9.02408 	1.34716
9.02648 	1.34667
9.02888 	1.34619
9.03128 	1.3457
9.03367 	1.34522
9.03607 	1.34473
9.03847 	1.34425
9.04087 	1.34376
9.04327 	1.34328
9.04566 	1.3428
9.04806 	1.34231
9.05046 	1.34183
9.05286 	1.34135
9.05526 	1.34086
9.05765 	1.34038
9.06005 	1.3399
9.06245 	1.33942
9.06485 	1.33893
9.06725 	1.33845
9.06964 	1.33797
9.07204 	1.33749
9.07444 	1.33701
9.07684 	1.33653
9.07924 	1.33605
9.08163 	1.33557
9.08403 	1.33509
9.08643 	1.33461
9.08883 	1.33413
9.09123 	1.33365
9.09362 	1.33318
9.09602 	1.3327
9.09842 	1.33222
9.10082 	1.33174
9.10322 	1.33126
9.10561 	1.33079
9.10801 	1.33031
9.11041 	1.32983
9.11281 	1.32936
9.11521 	1.32888
9.1176 	1.32841
9.12 	1.32793
9.1224 	1.32746
9.1248 	1.32698
9.1272 	1.32651
9.12959 	1.32603
9.13199 	1.32556
9.13439 	1.32508
9.13679 	1.32461
9.13919 	1.32414
9.14158 	1.32366
9.14398 	1.32319
9.14638 	1.32272
9.14878 	1.32225
9.15118 	1.32177
9.15357 	1.3213
9.15597 	1.32083
9.15837 	1.32036
9.16077 	1.31989
9.16317 	1.31942
9.16556 	1.31895
9.16796 	1.31848
9.17036 	1.31801
9.17276 	1.31754
9.17516 	1.31707
9.17755 	1.3166
9.17995 	1.31613
9.18235 	1.31566
9.18475 	1.31519
9.18715 	1.31473
9.18954 	1.31426
9.19194 	1.31379
9.19434 	1.31332
9.19674 	1.31286
9.19914 	1.31239
9.20153 	1.31192
9.20393 	1.31146
9.20633 	1.31099
9.20873 	1.31053
9.21113 	1.31006
9.21352 	1.3096
9.21592 	1.30913
9.21832 	1.30867
9.22072 	1.3082
9.22312 	1.30774
9.22551 	1.30727
9.22791 	1.30681
9.23031 	1.30635
9.23271 	1.30588
9.23511 	1.30542
9.2375 	1.30496
9.2399 	1.3045
9.2423 	1.30404
9.2447 	1.30357
9.2471 	1.30311
9.24949 	1.30265
9.25189 	1.30219
9.25429 	1.30173
9.25669 	1.30127
9.25909 	1.30081
9.26148 	1.30035
9.26388 	1.29989
9.26628 	1.29943
9.26868 	1.29897
9.27108 	1.29851
9.27347 	1.29805
9.27587 	1.2976
9.27827 	1.29714
9.28067 	1.29668
9.28307 	1.29622
9.28546 	1.29577
9.28786 	1.29531
9.29026 	1.29485
9.29266 	1.2944
9.29506 	1.29394
9.29745 	1.29348
9.29985 	1.29303
9.30225 	1.29257
9.30465 	1.29212
9.30705 	1.29166
9.30944 	1.29121
9.31184 	1.29075
9.31424 	1.2903
9.31664 	1.28985
9.31904 	1.28939
9.32143 	1.28894
9.32383 	1.28849
9.32623 	1.28803
9.32863 	1.28758
9.33103 	1.28713
9.33342 	1.28668
9.33582 	1.28623
9.33822 	1.28577
9.34062 	1.28532
9.34302 	1.28487
9.34541 	1.28442
9.34781 	1.28397
9.35021 	1.28352
9.35261 	1.28307
9.35501 	1.28262
9.3574 	1.28217
9.3598 	1.28172
9.3622 	1.28127
9.3646 	1.28083
9.367 	1.28038
9.36939 	1.27993
9.37179 	1.27948
9.37419 	1.27903
9.37659 	1.27859
9.37899 	1.27814
9.38138 	1.27769
9.38378 	1.27725
9.38618 	1.2768
9.38858 	1.27635
9.39098 	1.27591
9.39337 	1.27546
9.39577 	1.27502
9.39817 	1.27457
9.40057 	1.27413
9.40297 	1.27368
9.40536 	1.27324
9.40776 	1.27279
9.41016 	1.27235
9.41256 	1.27191
9.41496 	1.27146
9.41735 	1.27102
9.41975 	1.27058
9.42215 	1.27014
9.42455 	1.26969
9.42695 	1.26925
9.42934 	1.26881
9.43174 	1.26837
9.43414 	1.26793
9.43654 	1.26749
9.43894 	1.26705
9.44133 	1.26661
9.44373 	1.26617
9.44613 	1.26573
9.44853 	1.26529
9.45093 	1.26485
9.45332 	1.26441
9.45572 	1.26397
9.45812 	1.26353
9.46052 	1.26309
9.46292 	1.26265
9.46531 	1.26222
9.46771 	1.26178
9.47011 	1.26134
9.47251 	1.2609
9.47491 	1.26047
9.4773 	1.26003
9.4797 	1.25959
9.4821 	1.25916
9.4845 	1.25872
9.4869 	1.25829
9.48929 	1.25785
9.49169 	1.25742
9.49409 	1.25698
9.49649 	1.25655
9.49889 	1.25611
9.50128 	1.25568
9.50368 	1.25524
9.50608 	1.25481
9.50848 	1.25438
9.51088 	1.25394
9.51327 	1.25351
9.51567 	1.25308
9.51807 	1.25265
9.52047 	1.25221
9.52287 	1.25178
9.52526 	1.25135
9.52766 	1.25092
9.53006 	1.25049
9.53246 	1.25006
9.53486 	1.24963
9.53725 	1.2492
9.53965 	1.24877
9.54205 	1.24834
9.54445 	1.24791
9.54685 	1.24748
9.54924 	1.24705
9.55164 	1.24662
9.55404 	1.24619
9.55644 	1.24576
9.55884 	1.24533
9.56123 	1.24491
9.56363 	1.24448
9.56603 	1.24405
9.56843 	1.24362
9.57083 	1.2432
9.57322 	1.24277
9.57562 	1.24234
9.57802 	1.24192
9.58042 	1.24149
9.58282 	1.24107
9.58521 	1.24064
9.58761 	1.24022
9.59001 	1.23979
9.59241 	1.23937
9.59481 	1.23894
9.5972 	1.23852
9.5996 	1.23809
9.602 	1.23767
9.6044 	1.23725
9.6068 	1.23682
9.60919 	1.2364
9.61159 	1.23598
9.61399 	1.23556
9.61639 	1.23513
9.61879 	1.23471
9.62118 	1.23429
9.62358 	1.23387
9.62598 	1.23345
9.62838 	1.23303
9.63078 	1.23261
9.63317 	1.23218
9.63557 	1.23176
9.63797 	1.23134
9.64037 	1.23092
9.64277 	1.23051
9.64516 	1.23009
9.64756 	1.22967
9.64996 	1.22925
9.65236 	1.22883
9.65476 	1.22841
9.65715 	1.22799
9.65955 	1.22758
9.66195 	1.22716
9.66435 	1.22674
9.66675 	1.22632
9.66914 	1.22591
9.67154 	1.22549
9.67394 	1.22507
9.67634 	1.22466
9.67874 	1.22424
9.68113 	1.22383
9.68353 	1.22341
9.68593 	1.223
9.68833 	1.22258
9.69073 	1.22217
9.69312 	1.22175
9.69552 	1.22134
9.69792 	1.22092
9.70032 	1.22051
9.70272 	1.2201
9.70511 	1.21968
9.70751 	1.21927
9.70991 	1.21886
9.71231 	1.21844
9.71471 	1.21803
9.7171 	1.21762
9.7195 	1.21721
9.7219 	1.2168
9.7243 	1.21638
9.7267 	1.21597
9.72909 	1.21556
9.73149 	1.21515
9.73389 	1.21474
9.73629 	1.21433
9.73869 	1.21392
9.74108 	1.21351
9.74348 	1.2131
9.74588 	1.21269
9.74828 	1.21228
9.75068 	1.21188
9.75307 	1.21147
9.75547 	1.21106
9.75787 	1.21065
9.76027 	1.21024
9.76267 	1.20984
9.76506 	1.20943
9.76746 	1.20902
9.76986 	1.20861
9.77226 	1.20821
9.77466 	1.2078
9.77705 	1.20739
9.77945 	1.20699
9.78185 	1.20658
9.78425 	1.20618
9.78665 	1.20577
9.78904 	1.20537
9.79144 	1.20496
9.79384 	1.20456
9.79624 	1.20415
9.79864 	1.20375
9.80103 	1.20335
9.80343 	1.20294
9.80583 	1.20254
9.80823 	1.20214
9.81063 	1.20173
9.81302 	1.20133
9.81542 	1.20093
9.81782 	1.20053
9.82022 	1.20012
9.82262 	1.19972
9.82501 	1.19932
9.82741 	1.19892
9.82981 	1.19852
9.83221 	1.19812
9.83461 	1.19772
9.837 	1.19732
9.8394 	1.19692
9.8418 	1.19652
9.8442 	1.19612
9.8466 	1.19572
9.84899 	1.19532
9.85139 	1.19492
9.85379 	1.19452
9.85619 	1.19412
9.85859 	1.19372
9.86098 	1.19333
9.86338 	1.19293
9.86578 	1.19253
9.86818 	1.19213
9.87058 	1.19174
9.87297 	1.19134
9.87537 	1.19094
9.87777 	1.19055
9.88017 	1.19015
9.88257 	1.18975
9.88496 	1.18936
9.88736 	1.18896
9.88976 	1.18857
9.89216 	1.18817
9.89456 	1.18778
9.89695 	1.18738
9.89935 	1.18699
9.90175 	1.1866
9.90415 	1.1862
9.90655 	1.18581
9.90894 	1.18541
9.91134 	1.18502
9.91374 	1.18463
9.91614 	1.18424
9.91854 	1.18384
9.92093 	1.18345
9.92333 	1.18306
9.92573 	1.18267
9.92813 	1.18227
9.93053 	1.18188
9.93292 	1.18149
9.93532 	1.1811
9.93772 	1.18071
9.94012 	1.18032
9.94252 	1.17993
9.94491 	1.17954
9.94731 	1.17915
9.94971 	1.17876
9.95211 	1.17837
9.95451 	1.17798
9.9569 	1.17759
9.9593 	1.1772
9.9617 	1.17682
9.9641 	1.17643
9.9665 	1.17604
9.96889 	1.17565
9.97129 	1.17526
9.97369 	1.17488
9.97609 	1.17449
9.97849 	1.1741
9.98088 	1.17372
9.98328 	1.17333
9.98568 	1.17294
9.98808 	1.17256
9.99048 	1.17217
9.99287 	1.17179
9.99527 	1.1714
9.99767 	1.17101
10.0001 	1.17063
10.0025 	1.17025
10.0049 	1.16986
10.0073 	1.16948
10.0097 	1.16909
10.0121 	1.16871
10.0145 	1.16833
10.0169 	1.16794
10.0193 	1.16756
10.0216 	1.16718
10.024 	1.16679
10.0264 	1.16641
10.0288 	1.16603
10.0312 	1.16565
10.0336 	1.16526
10.036 	1.16488
10.0384 	1.1645
10.0408 	1.16412
10.0432 	1.16374
10.0456 	1.16336
10.048 	1.16298
10.0504 	1.1626
10.0528 	1.16222
10.0552 	1.16184
10.0576 	1.16146
10.06 	1.16108
10.0624 	1.1607
10.0648 	1.16032
10.0672 	1.15994
10.0696 	1.15956
10.072 	1.15918
10.0744 	1.15881
10.0768 	1.15843
10.0792 	1.15805
10.0816 	1.15767
10.084 	1.1573
10.0864 	1.15692
10.0888 	1.15654
10.0912 	1.15617
10.0936 	1.15579
10.096 	1.15541
10.0984 	1.15504
10.1008 	1.15466
10.1032 	1.15429
10.1056 	1.15391
10.108 	1.15354
10.1104 	1.15316
10.1128 	1.15279
10.1152 	1.15241
10.1176 	1.15204
10.12 	1.15166
10.1224 	1.15129
10.1248 	1.15092
10.1272 	1.15054
10.1296 	1.15017
10.132 	1.1498
10.1344 	1.14942
10.1368 	1.14905
10.1392 	1.14868
10.1416 	1.14831
10.1439 	1.14793
10.1463 	1.14756
10.1487 	1.14719
10.1511 	1.14682
10.1535 	1.14645
10.1559 	1.14608
10.1583 	1.14571
10.1607 	1.14534
10.1631 	1.14497
10.1655 	1.1446
10.1679 	1.14423
10.1703 	1.14386
10.1727 	1.14349
10.1751 	1.14312
10.1775 	1.14275
10.1799 	1.14238
10.1823 	1.14201
10.1847 	1.14164
10.1871 	1.14128
10.1895 	1.14091
10.1919 	1.14054
10.1943 	1.14017
10.1967 	1.13981
10.1991 	1.13944
10.2015 	1.13907
10.2039 	1.13871
10.2063 	1.13834
10.2087 	1.13797
10.2111 	1.13761
10.2135 	1.13724
10.2159 	1.13688
10.2183 	1.13651
10.2207 	1.13614
10.2231 	1.13578
10.2255 	1.13542
10.2279 	1.13505
10.2303 	1.13469
10.2327 	1.13432
10.2351 	1.13396
10.2375 	1.13359
10.2399 	1.13323
10.2423 	1.13287
10.2447 	1.1325
10.2471 	1.13214
10.2495 	1.13178
10.2519 	1.13142
10.2543 	1.13105
10.2567 	1.13069
10.2591 	1.13033
10.2614 	1.12997
10.2638 	1.12961
10.2662 	1.12925
10.2686 	1.12888
10.271 	1.12852
10.2734 	1.12816
10.2758 	1.1278
10.2782 	1.12744
10.2806 	1.12708
10.283 	1.12672
10.2854 	1.12636
10.2878 	1.126
10.2902 	1.12564
10.2926 	1.12529
10.295 	1.12493
10.2974 	1.12457
10.2998 	1.12421
10.3022 	1.12385
10.3046 	1.12349
10.307 	1.12314
10.3094 	1.12278
10.3118 	1.12242
10.3142 	1.12206
10.3166 	1.12171
10.319 	1.12135
10.3214 	1.12099
10.3238 	1.12064
10.3262 	1.12028
10.3286 	1.11993
10.331 	1.11957
10.3334 	1.11921
10.3358 	1.11886
10.3382 	1.1185
10.3406 	1.11815
10.343 	1.11779
10.3454 	1.11744
10.3478 	1.11709
10.3502 	1.11673
10.3526 	1.11638
10.355 	1.11602
10.3574 	1.11567
10.3598 	1.11532
10.3622 	1.11496
10.3646 	1.11461
10.367 	1.11426
10.3694 	1.11391
10.3718 	1.11355
10.3742 	1.1132
10.3766 	1.11285
10.379 	1.1125
10.3813 	1.11215
10.3837 	1.11179
10.3861 	1.11144
10.3885 	1.11109
10.3909 	1.11074
10.3933 	1.11039
10.3957 	1.11004
10.3981 	1.10969
10.4005 	1.10934
10.4029 	1.10899
10.4053 	1.10864
10.4077 	1.10829
10.4101 	1.10794
10.4125 	1.10759
10.4149 	1.10724
10.4173 	1.1069
10.4197 	1.10655
10.4221 	1.1062
10.4245 	1.10585
10.4269 	1.1055
10.4293 	1.10516
10.4317 	1.10481
10.4341 	1.10446
10.4365 	1.10411
10.4389 	1.10377
10.4413 	1.10342
10.4437 	1.10307
10.4461 	1.10273
10.4485 	1.10238
10.4509 	1.10204
10.4533 	1.10169
10.4557 	1.10135
10.4581 	1.101
10.4605 	1.10066
10.4629 	1.10031
10.4653 	1.09997
10.4677 	1.09962
10.4701 	1.09928
10.4725 	1.09893
10.4749 	1.09859
10.4773 	1.09825
10.4797 	1.0979
10.4821 	1.09756
10.4845 	1.09722
10.4869 	1.09687
10.4893 	1.09653
10.4917 	1.09619
10.4941 	1.09584
10.4965 	1.0955
10.4989 	1.09516
10.5013 	1.09482
10.5036 	1.09448
10.506 	1.09414
10.5084 	1.09379
10.5108 	1.09345
10.5132 	1.09311
10.5156 	1.09277
10.518 	1.09243
10.5204 	1.09209
10.5228 	1.09175
10.5252 	1.09141
10.5276 	1.09107
10.53 	1.09073
10.5324 	1.09039
10.5348 	1.09005
10.5372 	1.08972
10.5396 	1.08938
10.542 	1.08904
10.5444 	1.0887
10.5468 	1.08836
10.5492 	1.08802
10.5516 	1.08769
10.554 	1.08735
10.5564 	1.08701
10.5588 	1.08667
10.5612 	1.08634
10.5636 	1.086
10.566 	1.08566
10.5684 	1.08533
10.5708 	1.08499
10.5732 	1.08465
10.5756 	1.08432
10.578 	1.08398
10.5804 	1.08365
10.5828 	1.08331
10.5852 	1.08298
10.5876 	1.08264
10.59 	1.08231
10.5924 	1.08197
10.5948 	1.08164
10.5972 	1.0813
10.5996 	1.08097
10.602 	1.08064
10.6044 	1.0803
10.6068 	1.07997
10.6092 	1.07964
10.6116 	1.0793
10.614 	1.07897
10.6164 	1.07864
10.6188 	1.0783
10.6212 	1.07797
10.6235 	1.07764
10.6259 	1.07731
10.6283 	1.07698
10.6307 	1.07664
10.6331 	1.07631
10.6355 	1.07598
10.6379 	1.07565
10.6403 	1.07532
10.6427 	1.07499
10.6451 	1.07466
10.6475 	1.07433
10.6499 	1.074
10.6523 	1.07367
10.6547 	1.07334
10.6571 	1.07301
10.6595 	1.07268
10.6619 	1.07235
10.6643 	1.07202
10.6667 	1.07169
10.6691 	1.07136
10.6715 	1.07103
10.6739 	1.07071
10.6763 	1.07038
10.6787 	1.07005
10.6811 	1.06972
10.6835 	1.06939
10.6859 	1.06907
10.6883 	1.06874
10.6907 	1.06841
10.6931 	1.06809
10.6955 	1.06776
10.6979 	1.06743
10.7003 	1.06711
10.7027 	1.06678
10.7051 	1.06645
10.7075 	1.06613
10.7099 	1.0658
10.7123 	1.06548
10.7147 	1.06515
10.7171 	1.06483
10.7195 	1.0645
10.7219 	1.06418
10.7243 	1.06385
10.7267 	1.06353
10.7291 	1.0632
10.7315 	1.06288
10.7339 	1.06256
10.7363 	1.06223
10.7387 	1.06191
10.741 	1.06159
10.7434 	1.06126
10.7458 	1.06094
10.7482 	1.06062
10.7506 	1.0603
10.753 	1.05997
10.7554 	1.05965
10.7578 	1.05933
10.7602 	1.05901
10.7626 	1.05868
10.765 	1.05836
10.7674 	1.05804
10.7698 	1.05772
10.7722 	1.0574
10.7746 	1.05708
10.777 	1.05676
10.7794 	1.05644
10.7818 	1.05612
10.7842 	1.0558
10.7866 	1.05548
10.789 	1.05516
10.7914 	1.05484
10.7938 	1.05452
10.7962 	1.0542
10.7986 	1.05388
10.801 	1.05356
10.8034 	1.05324
10.8058 	1.05293
10.8082 	1.05261
10.8106 	1.05229
10.813 	1.05197
10.8154 	1.05165
10.8178 	1.05134
10.8202 	1.05102
10.8226 	1.0507
10.825 	1.05038
10.8274 	1.05007
10.8298 	1.04975
10.8322 	1.04943
10.8346 	1.04912
10.837 	1.0488
10.8394 	1.04848
10.8418 	1.04817
10.8442 	1.04785
10.8466 	1.04754
10.849 	1.04722
10.8514 	1.04691
10.8538 	1.04659
10.8562 	1.04628
10.8586 	1.04596
10.8609 	1.04565
10.8633 	1.04533
10.8657 	1.04502
10.8681 	1.04471
10.8705 	1.04439
10.8729 	1.04408
10.8753 	1.04376
10.8777 	1.04345
10.8801 	1.04314
10.8825 	1.04282
10.8849 	1.04251
10.8873 	1.0422
10.8897 	1.04189
10.8921 	1.04157
10.8945 	1.04126
10.8969 	1.04095
10.8993 	1.04064
10.9017 	1.04033
10.9041 	1.04002
10.9065 	1.0397
10.9089 	1.03939
10.9113 	1.03908
10.9137 	1.03877
10.9161 	1.03846
10.9185 	1.03815
10.9209 	1.03784
10.9233 	1.03753
10.9257 	1.03722
10.9281 	1.03691
10.9305 	1.0366
10.9329 	1.03629
10.9353 	1.03598
10.9377 	1.03567
10.9401 	1.03536
10.9425 	1.03506
10.9449 	1.03475
10.9473 	1.03444
10.9497 	1.03413
10.9521 	1.03382
10.9545 	1.03351
10.9569 	1.03321
10.9593 	1.0329
10.9617 	1.03259
10.9641 	1.03228
10.9665 	1.03198
10.9689 	1.03167
10.9713 	1.03136
10.9737 	1.03106
10.9761 	1.03075
10.9785 	1.03045
10.9809 	1.03014
10.9832 	1.02983
10.9856 	1.02953
10.988 	1.02922
10.9904 	1.02892
10.9928 	1.02861
10.9952 	1.02831
10.9976 	1.028
11 	1.0277
11.0024 	1.02739
11.0048 	1.02709
11.0072 	1.02678
11.0096 	1.02648
11.012 	1.02618
11.0144 	1.02587
11.0168 	1.02557
11.0192 	1.02526
11.0216 	1.02496
11.024 	1.02466
11.0264 	1.02436
11.0288 	1.02405
11.0312 	1.02375
11.0336 	1.02345
11.036 	1.02315
11.0384 	1.02284
11.0408 	1.02254
11.0432 	1.02224
11.0456 	1.02194
11.048 	1.02164
11.0504 	1.02134
11.0528 	1.02103
11.0552 	1.02073
11.0576 	1.02043
11.06 	1.02013
11.0624 	1.01983
11.0648 	1.01953
11.0672 	1.01923
11.0696 	1.01893
11.072 	1.01863
11.0744 	1.01833
11.0768 	1.01803
11.0792 	1.01773
11.0816 	1.01743
11.084 	1.01713
11.0864 	1.01684
11.0888 	1.01654
11.0912 	1.01624
11.0936 	1.01594
11.096 	1.01564
11.0984 	1.01534
11.1007 	1.01505
11.1031 	1.01475
11.1055 	1.01445
11.1079 	1.01415
11.1103 	1.01386
11.1127 	1.01356
11.1151 	1.01326
11.1175 	1.01296
11.1199 	1.01267
11.1223 	1.01237
11.1247 	1.01208
11.1271 	1.01178
11.1295 	1.01148
11.1319 	1.01119
11.1343 	1.01089
11.1367 	1.0106
11.1391 	1.0103
11.1415 	1.01001
11.1439 	1.00971
11.1463 	1.00942
11.1487 	1.00912
11.1511 	1.00883
11.1535 	1.00853
11.1559 	1.00824
11.1583 	1.00794
11.1607 	1.00765
11.1631 	1.00736
11.1655 	1.00706
11.1679 	1.00677
11.1703 	1.00648
11.1727 	1.00618
11.1751 	1.00589
11.1775 	1.0056
11.1799 	1.0053
11.1823 	1.00501
11.1847 	1.00472
11.1871 	1.00443
11.1895 	1.00413
11.1919 	1.00384
11.1943 	1.00355
11.1967 	1.00326
11.1991 	1.00297
11.2015 	1.00268
11.2039 	1.00239
11.2063 	1.00209
11.2087 	1.0018
11.2111 	1.00151
11.2135 	1.00122
11.2159 	1.00093
11.2183 	1.00064
11.2206 	1.00035
11.223 	1.00006
11.2254 	0.999772
11.2278 	0.999483
11.2302 	0.999193
11.2326 	0.998904
11.235 	0.998615
11.2374 	0.998326
11.2398 	0.998037
11.2422 	0.997748
11.2446 	0.99746
11.247 	0.997172
11.2494 	0.996883
11.2518 	0.996595
11.2542 	0.996307
11.2566 	0.99602
11.259 	0.995732
11.2614 	0.995445
11.2638 	0.995157
11.2662 	0.99487
11.2686 	0.994583
11.271 	0.994296
11.2734 	0.99401
11.2758 	0.993723
11.2782 	0.993437
11.2806 	0.993151
11.283 	0.992865
11.2854 	0.992579
11.2878 	0.992293
11.2902 	0.992007
11.2926 	0.991722
11.295 	0.991437
11.2974 	0.991151
11.2998 	0.990866
11.3022 	0.990582
11.3046 	0.990297
11.307 	0.990012
11.3094 	0.989728
11.3118 	0.989444
11.3142 	0.98916
11.3166 	0.988876
11.319 	0.988592
11.3214 	0.988308
11.3238 	0.988025
11.3262 	0.987741
11.3286 	0.987458
11.331 	0.987175
11.3334 	0.986892
11.3358 	0.986609
11.3382 	0.986327
11.3406 	0.986044
11.3429 	0.985762
11.3453 	0.98548
11.3477 	0.985198
11.3501 	0.984916
11.3525 	0.984634
11.3549 	0.984353
11.3573 	0.984071
11.3597 	0.98379
11.3621 	0.983509
11.3645 	0.983228
11.3669 	0.982947
11.3693 	0.982666
11.3717 	0.982386
11.3741 	0.982106
11.3765 	0.981825
11.3789 	0.981545
11.3813 	0.981265
11.3837 	0.980985
11.3861 	0.980706
11.3885 	0.980426
11.3909 	0.980147
11.3933 	0.979868
11.3957 	0.979589
11.3981 	0.97931
11.4005 	0.979031
11.4029 	0.978752
11.4053 	0.978474
11.4077 	0.978196
11.4101 	0.977917
11.4125 	0.977639
11.4149 	0.977361
11.4173 	0.977084
11.4197 	0.976806
11.4221 	0.976529
11.4245 	0.976251
11.4269 	0.975974
11.4293 	0.975697
11.4317 	0.97542
11.4341 	0.975144
11.4365 	0.974867
11.4389 	0.974591
11.4413 	0.974314
11.4437 	0.974038
11.4461 	0.973762
11.4485 	0.973486
11.4509 	0.973211
11.4533 	0.972935
11.4557 	0.972659
11.4581 	0.972384
11.4604 	0.972109
11.4628 	0.971834
11.4652 	0.971559
11.4676 	0.971284
11.47 	0.97101
11.4724 	0.970735
11.4748 	0.970461
11.4772 	0.970187
11.4796 	0.969913
11.482 	0.969639
11.4844 	0.969366
11.4868 	0.969092
11.4892 	0.968819
11.4916 	0.968545
11.494 	0.968272
11.4964 	0.967999
11.4988 	0.967726
11.5012 	0.967454
11.5036 	0.967181
11.506 	0.966909
11.5084 	0.966636
11.5108 	0.966364
11.5132 	0.966092
11.5156 	0.96582
11.518 	0.965548
11.5204 	0.965277
11.5228 	0.965005
11.5252 	0.964734
11.5276 	0.964463
11.53 	0.964192
11.5324 	0.963921
11.5348 	0.96365
11.5372 	0.96338
11.5396 	0.963109
11.542 	0.962839
11.5444 	0.962569
11.5468 	0.962299
11.5492 	0.962029
11.5516 	0.961759
11.554 	0.961489
11.5564 	0.96122
11.5588 	0.960951
11.5612 	0.960681
11.5636 	0.960412
11.566 	0.960143
11.5684 	0.959875
11.5708 	0.959606
11.5732 	0.959338
11.5756 	0.959069
11.578 	0.958801
11.5803 	0.958533
11.5827 	0.958265
11.5851 	0.957997
11.5875 	0.957729
11.5899 	0.957462
11.5923 	0.957194
11.5947 	0.956927
11.5971 	0.95666
11.5995 	0.956393
11.6019 	0.956126
11.6043 	0.95586
11.6067 	0.955593
11.6091 	0.955327
11.6115 	0.95506
11.6139 	0.954794
11.6163 	0.954528
11.6187 	0.954262
11.6211 	0.953996
11.6235 	0.953731
11.6259 	0.953465
11.6283 	0.9532
11.6307 	0.952935
11.6331 	0.95267
11.6355 	0.952405
11.6379 	0.95214
11.6403 	0.951875
11.6427 	0.951611
11.6451 	0.951347
11.6475 	0.951082
11.6499 	0.950818
11.6523 	0.950554
11.6547 	0.95029
11.6571 	0.950027
11.6595 	0.949763
11.6619 	0.9495
11.6643 	0.949236
11.6667 	0.948973
11.6691 	0.94871
11.6715 	0.948447
11.6739 	0.948184
11.6763 	0.947922
11.6787 	0.947659
11.6811 	0.947397
11.6835 	0.947135
11.6859 	0.946873
11.6883 	0.946611
11.6907 	0.946349
11.6931 	0.946087
11.6955 	0.945826
11.6979 	0.945564
11.7003 	0.945303
11.7026 	0.945042
11.705 	0.944781
11.7074 	0.94452
11.7098 	0.944259
11.7122 	0.943999
11.7146 	0.943738
11.717 	0.943478
11.7194 	0.943218
11.7218 	0.942958
11.7242 	0.942698
11.7266 	0.942438
11.729 	0.942178
11.7314 	0.941919
11.7338 	0.941659
11.7362 	0.9414
11.7386 	0.941141
11.741 	0.940882
11.7434 	0.940623
11.7458 	0.940364
11.7482 	0.940105
11.7506 	0.939847
11.753 	0.939589
11.7554 	0.93933
11.7578 	0.939072
11.7602 	0.938814
11.7626 	0.938556
11.765 	0.938299
11.7674 	0.938041
11.7698 	0.937784
11.7722 	0.937526
11.7746 	0.937269
11.777 	0.937012
11.7794 	0.936755
11.7818 	0.936498
11.7842 	0.936242
11.7866 	0.935985
11.789 	0.935729
11.7914 	0.935473
11.7938 	0.935216
11.7962 	0.93496
11.7986 	0.934705
11.801 	0.934449
11.8034 	0.934193
11.8058 	0.933938
11.8082 	0.933682
11.8106 	0.933427
11.813 	0.933172
11.8154 	0.932917
11.8178 	0.932662
11.8201 	0.932407
11.8225 	0.932153
11.8249 	0.931898
11.8273 	0.931644
11.8297 	0.93139
11.8321 	0.931136
11.8345 	0.930882
11.8369 	0.930628
11.8393 	0.930374
11.8417 	0.930121
11.8441 	0.929867
11.8465 	0.929614
11.8489 	0.929361
11.8513 	0.929108
11.8537 	0.928855
11.8561 	0.928602
11.8585 	0.92835
11.8609 	0.928097
11.8633 	0.927845
11.8657 	0.927592
11.8681 	0.92734
11.8705 	0.927088
11.8729 	0.926836
11.8753 	0.926585
11.8777 	0.926333
11.8801 	0.926081
11.8825 	0.92583
11.8849 	0.925579
11.8873 	0.925328
11.8897 	0.925077
11.8921 	0.924826
11.8945 	0.924575
11.8969 	0.924324
11.8993 	0.924074
11.9017 	0.923823
11.9041 	0.923573
11.9065 	0.923323
11.9089 	0.923073
11.9113 	0.922823
11.9137 	0.922573
11.9161 	0.922324
11.9185 	0.922074
11.9209 	0.921825
11.9233 	0.921576
11.9257 	0.921327
11.9281 	0.921078
11.9305 	0.920829
11.9329 	0.92058
11.9353 	0.920331
11.9377 	0.920083
11.94 	0.919834
11.9424 	0.919586
11.9448 	0.919338
11.9472 	0.91909
11.9496 	0.918842
11.952 	0.918595
11.9544 	0.918347
11.9568 	0.918099
11.9592 	0.917852
11.9616 	0.917605
11.964 	0.917358
11.9664 	0.917111
11.9688 	0.916864
11.9712 	0.916617
11.9736 	0.91637
11.976 	0.916124
11.9784 	0.915877
11.9808 	0.915631
11.9832 	0.915385
11.9856 	0.915139
11.988 	0.914893
11.9904 	0.914647
11.9928 	0.914402
11.9952 	0.914156
11.9976 	0.913911
