# Mass = 0.0479598 Mev*(hbarc)^2/2 
# R = 7.46549 fm 
# a = 0.662 fm 
# V0 = 59.5769 MeV 
# RSO = 6.87299 fm 
# aSO = 0.662 fm 
# VSO = 28.0171 MeV fm^2
# l = 3 
# two_j = 7 
# two_t = 1 
# Energy = -21.4389 MeV
# r 	 V_eff [2m/hbar/hbar]
0.01 	2.50206e+06
0.012398 	1.62776e+06
0.014796 	1.14288e+06
0.017194 	846313
0.019592 	651811
0.02199 	517396
0.024388 	420643
0.026786 	348693
0.029184 	293738
0.031582 	250820
0.03398 	216663
0.036378 	189035
0.038776 	166373
0.041174 	147554
0.043572 	131756
0.04597 	118365
0.048368 	106915
0.050766 	97050.1
0.053164 	88489.3
0.055562 	81012.8
0.05796 	74445
0.060358 	68644.4
0.062756 	63495.9
0.065154 	58905.3
0.067552 	54794.9
0.06995 	51100
0.072348 	47766.3
0.074746 	44748.3
0.077144 	42007.3
0.079542 	39510.5
0.08194 	37229.7
0.084338 	35140.7
0.086736 	33222.5
0.089134 	31457
0.091532 	29828.5
0.09393 	28323.1
0.096328 	26928.7
0.098726 	25634.7
0.101124 	24431.6
0.103522 	23311.2
0.10592 	22266
0.108318 	21289.5
0.110716 	20375.7
0.113114 	19519.4
0.115512 	18715.9
0.11791 	17960.9
0.120308 	17250.6
0.122706 	16581.6
0.125104 	15950.6
0.127502 	15354.9
0.1299 	14791.9
0.132298 	14259.2
0.134696 	13754.8
0.137094 	13276.5
0.139492 	12822.7
0.14189 	12391.8
0.144288 	11982.1
0.146686 	11592.4
0.149084 	11221.3
0.151482 	10867.7
0.15388 	10530.5
0.156278 	10208.7
0.158676 	9901.4
0.161074 	9607.71
0.163472 	9326.85
0.16587 	9058.08
0.168268 	8800.72
0.170666 	8554.13
0.173064 	8317.73
0.175462 	8090.94
0.17786 	7873.27
0.180258 	7664.23
0.182656 	7463.37
0.185054 	7270.26
0.187452 	7084.52
0.18985 	6905.77
0.192248 	6733.67
0.194646 	6567.89
0.197044 	6408.13
0.199442 	6254.09
0.20184 	6105.52
0.204238 	5962.14
0.206636 	5823.73
0.209034 	5690.05
0.211432 	5560.9
0.21383 	5436.06
0.216228 	5315.36
0.218626 	5198.61
0.221024 	5085.63
0.223422 	4976.28
0.22582 	4870.39
0.228218 	4767.82
0.230616 	4668.43
0.233014 	4572.1
0.235412 	4478.69
0.23781 	4388.1
0.240208 	4300.2
0.242606 	4214.9
0.245004 	4132.09
0.247402 	4051.68
0.2498 	3973.57
0.252198 	3897.68
0.254596 	3823.92
0.256994 	3752.22
0.259392 	3682.5
0.26179 	3614.69
0.264188 	3548.71
0.266586 	3484.51
0.268984 	3422.01
0.271382 	3361.17
0.27378 	3301.91
0.276178 	3244.2
0.278576 	3187.96
0.280974 	3133.16
0.283372 	3079.75
0.28577 	3027.68
0.288168 	2976.9
0.290566 	2927.37
0.292964 	2879.05
0.295362 	2831.91
0.29776 	2785.89
0.300158 	2740.98
0.302556 	2697.13
0.304954 	2654.32
0.307352 	2612.5
0.30975 	2571.64
0.312148 	2531.73
0.314546 	2492.72
0.316944 	2454.6
0.319342 	2417.33
0.32174 	2380.9
0.324138 	2345.27
0.326536 	2310.42
0.328934 	2276.33
0.331332 	2242.97
0.33373 	2210.34
0.336128 	2178.4
0.338526 	2147.13
0.340924 	2116.53
0.343322 	2086.56
0.34572 	2057.21
0.348118 	2028.47
0.350516 	2000.32
0.352914 	1972.74
0.355312 	1945.71
0.35771 	1919.23
0.360108 	1893.27
0.362506 	1867.83
0.364904 	1842.88
0.367302 	1818.43
0.3697 	1794.45
0.372098 	1770.93
0.374496 	1747.86
0.376894 	1725.23
0.379292 	1703.02
0.38169 	1681.24
0.384088 	1659.86
0.386486 	1638.88
0.388884 	1618.28
0.391282 	1598.07
0.39368 	1578.22
0.396078 	1558.73
0.398476 	1539.59
0.400874 	1520.79
0.403272 	1502.33
0.40567 	1484.2
0.408068 	1466.38
0.410466 	1448.87
0.412864 	1431.67
0.415262 	1414.77
0.41766 	1398.15
0.420058 	1381.82
0.422456 	1365.77
0.424854 	1349.99
0.427252 	1334.47
0.42965 	1319.21
0.432048 	1304.21
0.434446 	1289.45
0.436844 	1274.94
0.439242 	1260.66
0.44164 	1246.61
0.444038 	1232.8
0.446436 	1219.2
0.448834 	1205.82
0.451232 	1192.65
0.45363 	1179.7
0.456028 	1166.94
0.458426 	1154.39
0.460824 	1142.03
0.463222 	1129.86
0.46562 	1117.88
0.468018 	1106.08
0.470416 	1094.47
0.472814 	1083.03
0.475212 	1071.76
0.47761 	1060.66
0.480008 	1049.73
0.482406 	1038.96
0.484804 	1028.35
0.487202 	1017.89
0.4896 	1007.59
0.491998 	997.443
0.494396 	987.44
0.496794 	977.581
0.499192 	967.864
0.50159 	958.286
0.503988 	948.845
0.506386 	939.537
0.508784 	930.361
0.511182 	921.313
0.51358 	912.392
0.515978 	903.594
0.518376 	894.919
0.520774 	886.363
0.523172 	877.925
0.52557 	869.602
0.527968 	861.392
0.530366 	853.293
0.532764 	845.303
0.535162 	837.42
0.53756 	829.643
0.539958 	821.969
0.542356 	814.396
0.544754 	806.924
0.547152 	799.549
0.54955 	792.271
0.551948 	785.087
0.554346 	777.996
0.556744 	770.997
0.559142 	764.088
0.56154 	757.267
0.563938 	750.532
0.566336 	743.884
0.568734 	737.319
0.571132 	730.836
0.57353 	724.435
0.575928 	718.113
0.578326 	711.87
0.580724 	705.704
0.583122 	699.614
0.58552 	693.599
0.587918 	687.657
0.590316 	681.787
0.592714 	675.989
0.595112 	670.26
0.59751 	664.601
0.599908 	659.008
0.602306 	653.483
0.604704 	648.023
0.607102 	642.628
0.6095 	637.296
0.611898 	632.027
0.614296 	626.82
0.616694 	621.673
0.619092 	616.586
0.62149 	611.557
0.623888 	606.587
0.626286 	601.673
0.628684 	596.815
0.631082 	592.013
0.63348 	587.265
0.635878 	582.571
0.638276 	577.93
0.640674 	573.34
0.643072 	568.802
0.64547 	564.315
0.647868 	559.877
0.650266 	555.488
0.652664 	551.147
0.655062 	546.854
0.65746 	542.608
0.659858 	538.408
0.662256 	534.253
0.664654 	530.144
0.667052 	526.078
0.66945 	522.057
0.671848 	518.078
0.674246 	514.141
0.676644 	510.247
0.679042 	506.393
0.68144 	502.581
0.683838 	498.808
0.686236 	495.074
0.688634 	491.38
0.691032 	487.724
0.69343 	484.106
0.695828 	480.525
0.698226 	476.981
0.700624 	473.473
0.703022 	470.002
0.70542 	466.565
0.707818 	463.163
0.710216 	459.796
0.712614 	456.463
0.715012 	453.163
0.71741 	449.896
0.719808 	446.662
0.722206 	443.46
0.724604 	440.289
0.727002 	437.15
0.7294 	434.042
0.731798 	430.965
0.734196 	427.917
0.736594 	424.899
0.738992 	421.911
0.74139 	418.951
0.743788 	416.02
0.746186 	413.118
0.748584 	410.243
0.750982 	407.395
0.75338 	404.575
0.755778 	401.781
0.758176 	399.014
0.760574 	396.273
0.762972 	393.558
0.76537 	390.869
0.767768 	388.204
0.770166 	385.565
0.772564 	382.949
0.774962 	380.359
0.77736 	377.792
0.779758 	375.248
0.782156 	372.728
0.784554 	370.231
0.786952 	367.757
0.78935 	365.306
0.791748 	362.876
0.794146 	360.469
0.796544 	358.083
0.798942 	355.719
0.80134 	353.376
0.803738 	351.054
0.806136 	348.752
0.808534 	346.471
0.810932 	344.211
0.81333 	341.97
0.815728 	339.749
0.818126 	337.547
0.820524 	335.365
0.822922 	333.201
0.82532 	331.057
0.827718 	328.931
0.830116 	326.823
0.832514 	324.734
0.834912 	322.663
0.83731 	320.609
0.839708 	318.573
0.842106 	316.555
0.844504 	314.553
0.846902 	312.569
0.8493 	310.601
0.851698 	308.65
0.854096 	306.715
0.856494 	304.796
0.858892 	302.894
0.86129 	301.007
0.863688 	299.136
0.866086 	297.281
0.868484 	295.441
0.870882 	293.616
0.87328 	291.806
0.875678 	290.011
0.878076 	288.231
0.880474 	286.465
0.882872 	284.713
0.88527 	282.976
0.887668 	281.253
0.890066 	279.543
0.892464 	277.848
0.894862 	276.166
0.89726 	274.497
0.899658 	272.842
0.902056 	271.2
0.904454 	269.571
0.906852 	267.955
0.90925 	266.352
0.911648 	264.761
0.914046 	263.183
0.916444 	261.617
0.918842 	260.064
0.92124 	258.522
0.923638 	256.993
0.926036 	255.475
0.928434 	253.969
0.930832 	252.475
0.93323 	250.992
0.935628 	249.521
0.938026 	248.061
0.940424 	246.612
0.942822 	245.174
0.94522 	243.747
0.947618 	242.33
0.950016 	240.925
0.952414 	239.53
0.954812 	238.146
0.95721 	236.771
0.959608 	235.408
0.962006 	234.054
0.964404 	232.711
0.966802 	231.377
0.9692 	230.054
0.971598 	228.74
0.973996 	227.435
0.976394 	226.141
0.978792 	224.856
0.98119 	223.58
0.983588 	222.314
0.985986 	221.057
0.988384 	219.809
0.990782 	218.57
0.99318 	217.34
0.995578 	216.118
0.997976 	214.906
1.00037 	213.702
1.00277 	212.507
1.00517 	211.321
1.00757 	210.143
1.00997 	208.973
1.01236 	207.812
1.01476 	206.659
1.01716 	205.514
1.01956 	204.377
1.02196 	203.248
1.02435 	202.127
1.02675 	201.014
1.02915 	199.908
1.03155 	198.81
1.03395 	197.72
1.03634 	196.638
1.03874 	195.563
1.04114 	194.495
1.04354 	193.435
1.04594 	192.381
1.04833 	191.336
1.05073 	190.297
1.05313 	189.265
1.05553 	188.241
1.05793 	187.223
1.06032 	186.212
1.06272 	185.208
1.06512 	184.211
1.06752 	183.221
1.06992 	182.237
1.07231 	181.26
1.07471 	180.289
1.07711 	179.325
1.07951 	178.367
1.08191 	177.415
1.0843 	176.47
1.0867 	175.531
1.0891 	174.599
1.0915 	173.672
1.0939 	172.752
1.09629 	171.837
1.09869 	170.929
1.10109 	170.026
1.10349 	169.129
1.10589 	168.238
1.10828 	167.353
1.11068 	166.474
1.11308 	165.6
1.11548 	164.732
1.11788 	163.869
1.12027 	163.012
1.12267 	162.161
1.12507 	161.315
1.12747 	160.474
1.12987 	159.639
1.13226 	158.809
1.13466 	157.984
1.13706 	157.164
1.13946 	156.35
1.14186 	155.54
1.14425 	154.736
1.14665 	153.937
1.14905 	153.143
1.15145 	152.353
1.15385 	151.569
1.15624 	150.79
1.15864 	150.015
1.16104 	149.245
1.16344 	148.48
1.16584 	147.719
1.16823 	146.964
1.17063 	146.213
1.17303 	145.466
1.17543 	144.724
1.17783 	143.987
1.18022 	143.254
1.18262 	142.525
1.18502 	141.801
1.18742 	141.081
1.18982 	140.366
1.19221 	139.655
1.19461 	138.948
1.19701 	138.245
1.19941 	137.547
1.20181 	136.853
1.2042 	136.163
1.2066 	135.477
1.209 	134.795
1.2114 	134.117
1.2138 	133.443
1.21619 	132.773
1.21859 	132.107
1.22099 	131.445
1.22339 	130.787
1.22579 	130.133
1.22818 	129.483
1.23058 	128.836
1.23298 	128.193
1.23538 	127.554
1.23778 	126.918
1.24017 	126.287
1.24257 	125.658
1.24497 	125.034
1.24737 	124.413
1.24977 	123.796
1.25216 	123.182
1.25456 	122.572
1.25696 	121.965
1.25936 	121.361
1.26176 	120.761
1.26415 	120.165
1.26655 	119.572
1.26895 	118.982
1.27135 	118.395
1.27375 	117.812
1.27614 	117.232
1.27854 	116.656
1.28094 	116.082
1.28334 	115.512
1.28574 	114.945
1.28813 	114.381
1.29053 	113.82
1.29293 	113.263
1.29533 	112.708
1.29773 	112.157
1.30012 	111.608
1.30252 	111.063
1.30492 	110.521
1.30732 	109.981
1.30972 	109.445
1.31211 	108.911
1.31451 	108.38
1.31691 	107.853
1.31931 	107.328
1.32171 	106.806
1.3241 	106.287
1.3265 	105.77
1.3289 	105.257
1.3313 	104.746
1.3337 	104.238
1.33609 	103.732
1.33849 	103.23
1.34089 	102.73
1.34329 	102.232
1.34569 	101.738
1.34808 	101.246
1.35048 	100.756
1.35288 	100.269
1.35528 	99.7851
1.35768 	99.3034
1.36007 	98.8242
1.36247 	98.3476
1.36487 	97.8735
1.36727 	97.4018
1.36967 	96.9327
1.37206 	96.4659
1.37446 	96.0017
1.37686 	95.5398
1.37926 	95.0803
1.38166 	94.6232
1.38405 	94.1685
1.38645 	93.7162
1.38885 	93.2661
1.39125 	92.8184
1.39365 	92.373
1.39604 	91.9299
1.39844 	91.489
1.40084 	91.0504
1.40324 	90.6141
1.40564 	90.18
1.40803 	89.748
1.41043 	89.3183
1.41283 	88.8908
1.41523 	88.4654
1.41763 	88.0421
1.42002 	87.6211
1.42242 	87.2021
1.42482 	86.7852
1.42722 	86.3704
1.42962 	85.9577
1.43201 	85.5471
1.43441 	85.1385
1.43681 	84.732
1.43921 	84.3275
1.44161 	83.925
1.444 	83.5245
1.4464 	83.1259
1.4488 	82.7294
1.4512 	82.3348
1.4536 	81.9421
1.45599 	81.5514
1.45839 	81.1626
1.46079 	80.7757
1.46319 	80.3907
1.46559 	80.0076
1.46798 	79.6264
1.47038 	79.247
1.47278 	78.8694
1.47518 	78.4937
1.47758 	78.1198
1.47997 	77.7478
1.48237 	77.3775
1.48477 	77.009
1.48717 	76.6423
1.48957 	76.2773
1.49196 	75.9141
1.49436 	75.5526
1.49676 	75.1929
1.49916 	74.8349
1.50156 	74.4786
1.50395 	74.124
1.50635 	73.771
1.50875 	73.4198
1.51115 	73.0702
1.51355 	72.7222
1.51594 	72.376
1.51834 	72.0313
1.52074 	71.6883
1.52314 	71.3468
1.52554 	71.007
1.52793 	70.6688
1.53033 	70.3321
1.53273 	69.9971
1.53513 	69.6636
1.53753 	69.3316
1.53992 	69.0012
1.54232 	68.6723
1.54472 	68.345
1.54712 	68.0191
1.54952 	67.6948
1.55191 	67.3719
1.55431 	67.0506
1.55671 	66.7307
1.55911 	66.4123
1.56151 	66.0953
1.5639 	65.7799
1.5663 	65.4658
1.5687 	65.1532
1.5711 	64.842
1.5735 	64.5322
1.57589 	64.2238
1.57829 	63.9168
1.58069 	63.6112
1.58309 	63.307
1.58549 	63.0042
1.58788 	62.7027
1.59028 	62.4026
1.59268 	62.1038
1.59508 	61.8064
1.59748 	61.5103
1.59987 	61.2155
1.60227 	60.9221
1.60467 	60.6299
1.60707 	60.3391
1.60947 	60.0495
1.61186 	59.7613
1.61426 	59.4743
1.61666 	59.1886
1.61906 	58.9041
1.62146 	58.6209
1.62385 	58.3389
1.62625 	58.0582
1.62865 	57.7787
1.63105 	57.5005
1.63345 	57.2234
1.63584 	56.9476
1.63824 	56.673
1.64064 	56.3996
1.64304 	56.1273
1.64544 	55.8563
1.64783 	55.5864
1.65023 	55.3177
1.65263 	55.0501
1.65503 	54.7837
1.65743 	54.5185
1.65982 	54.2544
1.66222 	53.9914
1.66462 	53.7296
1.66702 	53.4689
1.66942 	53.2093
1.67181 	52.9508
1.67421 	52.6934
1.67661 	52.4371
1.67901 	52.1819
1.68141 	51.9278
1.6838 	51.6748
1.6862 	51.4228
1.6886 	51.1719
1.691 	50.9221
1.6934 	50.6733
1.69579 	50.4256
1.69819 	50.1789
1.70059 	49.9332
1.70299 	49.6886
1.70539 	49.445
1.70778 	49.2024
1.71018 	48.9609
1.71258 	48.7203
1.71498 	48.4808
1.71738 	48.2422
1.71977 	48.0046
1.72217 	47.7681
1.72457 	47.5325
1.72697 	47.2978
1.72937 	47.0642
1.73176 	46.8315
1.73416 	46.5997
1.73656 	46.3689
1.73896 	46.1391
1.74136 	45.9102
1.74375 	45.6823
1.74615 	45.4552
1.74855 	45.2291
1.75095 	45.004
1.75335 	44.7797
1.75574 	44.5564
1.75814 	44.3339
1.76054 	44.1124
1.76294 	43.8917
1.76534 	43.672
1.76773 	43.4531
1.77013 	43.2351
1.77253 	43.018
1.77493 	42.8018
1.77733 	42.5865
1.77972 	42.372
1.78212 	42.1583
1.78452 	41.9455
1.78692 	41.7336
1.78932 	41.5225
1.79171 	41.3123
1.79411 	41.1029
1.79651 	40.8943
1.79891 	40.6865
1.80131 	40.4796
1.8037 	40.2735
1.8061 	40.0682
1.8085 	39.8637
1.8109 	39.66
1.8133 	39.4571
1.81569 	39.255
1.81809 	39.0537
1.82049 	38.8532
1.82289 	38.6535
1.82529 	38.4546
1.82768 	38.2564
1.83008 	38.059
1.83248 	37.8624
1.83488 	37.6666
1.83728 	37.4715
1.83967 	37.2771
1.84207 	37.0835
1.84447 	36.8907
1.84687 	36.6986
1.84927 	36.5072
1.85166 	36.3166
1.85406 	36.1267
1.85646 	35.9376
1.85886 	35.7491
1.86126 	35.5614
1.86365 	35.3744
1.86605 	35.1881
1.86845 	35.0026
1.87085 	34.8177
1.87325 	34.6335
1.87564 	34.4501
1.87804 	34.2673
1.88044 	34.0852
1.88284 	33.9039
1.88524 	33.7232
1.88763 	33.5431
1.89003 	33.3638
1.89243 	33.1851
1.89483 	33.0072
1.89723 	32.8298
1.89962 	32.6532
1.90202 	32.4772
1.90442 	32.3018
1.90682 	32.1272
1.90922 	31.9531
1.91161 	31.7797
1.91401 	31.607
1.91641 	31.4349
1.91881 	31.2634
1.92121 	31.0926
1.9236 	30.9224
1.926 	30.7529
1.9284 	30.5839
1.9308 	30.4156
1.9332 	30.2479
1.93559 	30.0808
1.93799 	29.9144
1.94039 	29.7485
1.94279 	29.5833
1.94519 	29.4186
1.94758 	29.2546
1.94998 	29.0911
1.95238 	28.9283
1.95478 	28.766
1.95718 	28.6044
1.95957 	28.4433
1.96197 	28.2828
1.96437 	28.1229
1.96677 	27.9636
1.96917 	27.8048
1.97156 	27.6466
1.97396 	27.489
1.97636 	27.3319
1.97876 	27.1755
1.98116 	27.0195
1.98355 	26.8642
1.98595 	26.7094
1.98835 	26.5551
1.99075 	26.4014
1.99315 	26.2482
1.99554 	26.0956
1.99794 	25.9436
2.00034 	25.792
2.00274 	25.641
2.00514 	25.4906
2.00753 	25.3407
2.00993 	25.1913
2.01233 	25.0424
2.01473 	24.894
2.01713 	24.7462
2.01952 	24.5989
2.02192 	24.4521
2.02432 	24.3059
2.02672 	24.1601
2.02912 	24.0149
2.03151 	23.8701
2.03391 	23.7259
2.03631 	23.5822
2.03871 	23.439
2.04111 	23.2962
2.0435 	23.154
2.0459 	23.0123
2.0483 	22.871
2.0507 	22.7302
2.0531 	22.59
2.05549 	22.4502
2.05789 	22.3109
2.06029 	22.1721
2.06269 	22.0337
2.06509 	21.8958
2.06748 	21.7584
2.06988 	21.6215
2.07228 	21.485
2.07468 	21.349
2.07708 	21.2135
2.07947 	21.0784
2.08187 	20.9438
2.08427 	20.8097
2.08667 	20.676
2.08907 	20.5428
2.09146 	20.41
2.09386 	20.2776
2.09626 	20.1457
2.09866 	20.0143
2.10106 	19.8833
2.10345 	19.7527
2.10585 	19.6226
2.10825 	19.4929
2.11065 	19.3637
2.11305 	19.2349
2.11544 	19.1065
2.11784 	18.9785
2.12024 	18.851
2.12264 	18.7239
2.12504 	18.5972
2.12743 	18.471
2.12983 	18.3451
2.13223 	18.2197
2.13463 	18.0947
2.13703 	17.9701
2.13942 	17.8459
2.14182 	17.7222
2.14422 	17.5988
2.14662 	17.4759
2.14902 	17.3533
2.15141 	17.2312
2.15381 	17.1094
2.15621 	16.9881
2.15861 	16.8672
2.16101 	16.7466
2.1634 	16.6265
2.1658 	16.5067
2.1682 	16.3873
2.1706 	16.2684
2.173 	16.1498
2.17539 	16.0316
2.17779 	15.9137
2.18019 	15.7963
2.18259 	15.6793
2.18499 	15.5626
2.18738 	15.4463
2.18978 	15.3303
2.19218 	15.2148
2.19458 	15.0996
2.19698 	14.9848
2.19937 	14.8704
2.20177 	14.7563
2.20417 	14.6426
2.20657 	14.5292
2.20897 	14.4163
2.21136 	14.3036
2.21376 	14.1914
2.21616 	14.0795
2.21856 	13.9679
2.22096 	13.8567
2.22335 	13.7459
2.22575 	13.6354
2.22815 	13.5253
2.23055 	13.4155
2.23295 	13.306
2.23534 	13.1969
2.23774 	13.0882
2.24014 	12.9798
2.24254 	12.8717
2.24494 	12.764
2.24733 	12.6566
2.24973 	12.5496
2.25213 	12.4428
2.25453 	12.3365
2.25693 	12.2304
2.25932 	12.1247
2.26172 	12.0193
2.26412 	11.9142
2.26652 	11.8095
2.26892 	11.7051
2.27131 	11.601
2.27371 	11.4973
2.27611 	11.3938
2.27851 	11.2907
2.28091 	11.1879
2.2833 	11.0854
2.2857 	10.9833
2.2881 	10.8814
2.2905 	10.7799
2.2929 	10.6787
2.29529 	10.5777
2.29769 	10.4771
2.30009 	10.3768
2.30249 	10.2768
2.30489 	10.1772
2.30728 	10.0778
2.30968 	9.97871
2.31208 	9.87993
2.31448 	9.78146
2.31688 	9.68328
2.31927 	9.5854
2.32167 	9.48783
2.32407 	9.39054
2.32647 	9.29355
2.32887 	9.19685
2.33126 	9.10045
2.33366 	9.00434
2.33606 	8.90851
2.33846 	8.81298
2.34086 	8.71773
2.34325 	8.62276
2.34565 	8.52809
2.34805 	8.43369
2.35045 	8.33958
2.35285 	8.24575
2.35524 	8.1522
2.35764 	8.05893
2.36004 	7.96594
2.36244 	7.87322
2.36484 	7.78078
2.36723 	7.68861
2.36963 	7.59672
2.37203 	7.5051
2.37443 	7.41375
2.37683 	7.32267
2.37922 	7.23186
2.38162 	7.14132
2.38402 	7.05105
2.38642 	6.96104
2.38882 	6.87129
2.39121 	6.78181
2.39361 	6.69259
2.39601 	6.60363
2.39841 	6.51494
2.40081 	6.4265
2.4032 	6.33832
2.4056 	6.2504
2.408 	6.16273
2.4104 	6.07532
2.4128 	5.98817
2.41519 	5.90127
2.41759 	5.81462
2.41999 	5.72822
2.42239 	5.64207
2.42479 	5.55617
2.42718 	5.47052
2.42958 	5.38511
2.43198 	5.29996
2.43438 	5.21504
2.43678 	5.13038
2.43917 	5.04595
2.44157 	4.96177
2.44397 	4.87783
2.44637 	4.79413
2.44877 	4.71067
2.45116 	4.62745
2.45356 	4.54446
2.45596 	4.46171
2.45836 	4.3792
2.46076 	4.29693
2.46315 	4.21488
2.46555 	4.13307
2.46795 	4.0515
2.47035 	3.97015
2.47275 	3.88903
2.47514 	3.80815
2.47754 	3.72749
2.47994 	3.64706
2.48234 	3.56685
2.48474 	3.48688
2.48713 	3.40712
2.48953 	3.32759
2.49193 	3.24829
2.49433 	3.16921
2.49673 	3.09035
2.49912 	3.0117
2.50152 	2.93328
2.50392 	2.85508
2.50632 	2.7771
2.50872 	2.69933
2.51111 	2.62178
2.51351 	2.54445
2.51591 	2.46733
2.51831 	2.39042
2.52071 	2.31373
2.5231 	2.23725
2.5255 	2.16099
2.5279 	2.08493
2.5303 	2.00908
2.5327 	1.93344
2.53509 	1.85801
2.53749 	1.78279
2.53989 	1.70778
2.54229 	1.63297
2.54469 	1.55836
2.54708 	1.48396
2.54948 	1.40977
2.55188 	1.33577
2.55428 	1.26198
2.55668 	1.18839
2.55907 	1.115
2.56147 	1.04181
2.56387 	0.968824
2.56627 	0.896032
2.56867 	0.823438
2.57106 	0.751041
2.57346 	0.67884
2.57586 	0.606834
2.57826 	0.535023
2.58066 	0.463406
2.58305 	0.391982
2.58545 	0.320751
2.58785 	0.249711
2.59025 	0.178863
2.59265 	0.108205
2.59504 	0.0377362
2.59744 	-0.0325433
2.59984 	-0.102635
2.60224 	-0.172538
2.60464 	-0.242255
2.60703 	-0.311786
2.60943 	-0.381131
2.61183 	-0.450292
2.61423 	-0.519268
2.61663 	-0.588061
2.61902 	-0.656672
2.62142 	-0.7251
2.62382 	-0.793347
2.62622 	-0.861413
2.62862 	-0.929299
2.63101 	-0.997005
2.63341 	-1.06453
2.63581 	-1.13188
2.63821 	-1.19905
2.64061 	-1.26605
2.643 	-1.33287
2.6454 	-1.39951
2.6478 	-1.46598
2.6502 	-1.53228
2.6526 	-1.5984
2.65499 	-1.66435
2.65739 	-1.73012
2.65979 	-1.79573
2.66219 	-1.86116
2.66459 	-1.92642
2.66698 	-1.99151
2.66938 	-2.05644
2.67178 	-2.12119
2.67418 	-2.18578
2.67658 	-2.2502
2.67897 	-2.31445
2.68137 	-2.37854
2.68377 	-2.44246
2.68617 	-2.50621
2.68857 	-2.5698
2.69096 	-2.63323
2.69336 	-2.69649
2.69576 	-2.7596
2.69816 	-2.82254
2.70056 	-2.88531
2.70295 	-2.94793
2.70535 	-3.01039
2.70775 	-3.07268
2.71015 	-3.13482
2.71255 	-3.1968
2.71494 	-3.25862
2.71734 	-3.32028
2.71974 	-3.38179
2.72214 	-3.44314
2.72454 	-3.50433
2.72693 	-3.56537
2.72933 	-3.62626
2.73173 	-3.68699
2.73413 	-3.74756
2.73653 	-3.80798
2.73892 	-3.86826
2.74132 	-3.92837
2.74372 	-3.98834
2.74612 	-4.04816
2.74852 	-4.10782
2.75091 	-4.16734
2.75331 	-4.2267
2.75571 	-4.28592
2.75811 	-4.34499
2.76051 	-4.40391
2.7629 	-4.46268
2.7653 	-4.52131
2.7677 	-4.57979
2.7701 	-4.63813
2.7725 	-4.69632
2.77489 	-4.75436
2.77729 	-4.81226
2.77969 	-4.87002
2.78209 	-4.92763
2.78449 	-4.9851
2.78688 	-5.04243
2.78928 	-5.09962
2.79168 	-5.15666
2.79408 	-5.21357
2.79648 	-5.27033
2.79887 	-5.32696
2.80127 	-5.38344
2.80367 	-5.43979
2.80607 	-5.49599
2.80847 	-5.55206
2.81086 	-5.608
2.81326 	-5.66379
2.81566 	-5.71945
2.81806 	-5.77497
2.82046 	-5.83036
2.82285 	-5.88561
2.82525 	-5.94073
2.82765 	-5.99572
2.83005 	-6.05057
2.83245 	-6.10528
2.83484 	-6.15987
2.83724 	-6.21432
2.83964 	-6.26864
2.84204 	-6.32282
2.84444 	-6.37688
2.84683 	-6.43081
2.84923 	-6.4846
2.85163 	-6.53827
2.85403 	-6.59181
2.85643 	-6.64522
2.85882 	-6.6985
2.86122 	-6.75165
2.86362 	-6.80467
2.86602 	-6.85757
2.86842 	-6.91034
2.87081 	-6.96299
2.87321 	-7.01551
2.87561 	-7.0679
2.87801 	-7.12017
2.88041 	-7.17231
2.8828 	-7.22433
2.8852 	-7.27623
2.8876 	-7.328
2.89 	-7.37965
2.8924 	-7.43118
2.89479 	-7.48258
2.89719 	-7.53387
2.89959 	-7.58503
2.90199 	-7.63607
2.90439 	-7.68699
2.90678 	-7.73779
2.90918 	-7.78848
2.91158 	-7.83904
2.91398 	-7.88948
2.91638 	-7.93981
2.91877 	-7.99001
2.92117 	-8.0401
2.92357 	-8.09007
2.92597 	-8.13993
2.92837 	-8.18967
2.93076 	-8.23929
2.93316 	-8.2888
2.93556 	-8.33819
2.93796 	-8.38746
2.94036 	-8.43662
2.94275 	-8.48567
2.94515 	-8.53461
2.94755 	-8.58343
2.94995 	-8.63213
2.95235 	-8.68073
2.95474 	-8.72921
2.95714 	-8.77758
2.95954 	-8.82584
2.96194 	-8.87398
2.96434 	-8.92202
2.96673 	-8.96994
2.96913 	-9.01776
2.97153 	-9.06546
2.97393 	-9.11306
2.97633 	-9.16054
2.97872 	-9.20792
2.98112 	-9.25519
2.98352 	-9.30235
2.98592 	-9.34941
2.98832 	-9.39635
2.99071 	-9.44319
2.99311 	-9.48992
2.99551 	-9.53655
2.99791 	-9.58307
3.00031 	-9.62948
3.0027 	-9.67579
3.0051 	-9.722
3.0075 	-9.76809
3.0099 	-9.81409
3.0123 	-9.85998
3.01469 	-9.90577
3.01709 	-9.95145
3.01949 	-9.99703
3.02189 	-10.0425
3.02429 	-10.0879
3.02668 	-10.1332
3.02908 	-10.1783
3.03148 	-10.2234
3.03388 	-10.2684
3.03628 	-10.3132
3.03867 	-10.358
3.04107 	-10.4027
3.04347 	-10.4472
3.04587 	-10.4917
3.04827 	-10.5361
3.05066 	-10.5804
3.05306 	-10.6245
3.05546 	-10.6686
3.05786 	-10.7126
3.06026 	-10.7565
3.06265 	-10.8002
3.06505 	-10.8439
3.06745 	-10.8875
3.06985 	-10.931
3.07225 	-10.9744
3.07464 	-11.0177
3.07704 	-11.0609
3.07944 	-11.104
3.08184 	-11.147
3.08424 	-11.19
3.08663 	-11.2328
3.08903 	-11.2755
3.09143 	-11.3182
3.09383 	-11.3607
3.09623 	-11.4032
3.09862 	-11.4455
3.10102 	-11.4878
3.10342 	-11.53
3.10582 	-11.572
3.10822 	-11.614
3.11061 	-11.6559
3.11301 	-11.6977
3.11541 	-11.7394
3.11781 	-11.7811
3.12021 	-11.8226
3.1226 	-11.8641
3.125 	-11.9054
3.1274 	-11.9467
3.1298 	-11.9879
3.1322 	-12.029
3.13459 	-12.07
3.13699 	-12.1109
3.13939 	-12.1517
3.14179 	-12.1924
3.14419 	-12.2331
3.14658 	-12.2736
3.14898 	-12.3141
3.15138 	-12.3545
3.15378 	-12.3948
3.15618 	-12.435
3.15857 	-12.4751
3.16097 	-12.5152
3.16337 	-12.5552
3.16577 	-12.595
3.16817 	-12.6348
3.17056 	-12.6745
3.17296 	-12.7141
3.17536 	-12.7537
3.17776 	-12.7931
3.18016 	-12.8325
3.18255 	-12.8718
3.18495 	-12.911
3.18735 	-12.9501
3.18975 	-12.9891
3.19215 	-13.0281
3.19454 	-13.067
3.19694 	-13.1057
3.19934 	-13.1445
3.20174 	-13.1831
3.20414 	-13.2216
3.20653 	-13.2601
3.20893 	-13.2985
3.21133 	-13.3368
3.21373 	-13.375
3.21613 	-13.4132
3.21852 	-13.4512
3.22092 	-13.4892
3.22332 	-13.5271
3.22572 	-13.5649
3.22812 	-13.6027
3.23051 	-13.6403
3.23291 	-13.6779
3.23531 	-13.7155
3.23771 	-13.7529
3.24011 	-13.7902
3.2425 	-13.8275
3.2449 	-13.8647
3.2473 	-13.9019
3.2497 	-13.9389
3.2521 	-13.9759
3.25449 	-14.0128
3.25689 	-14.0496
3.25929 	-14.0863
3.26169 	-14.123
3.26409 	-14.1596
3.26648 	-14.1961
3.26888 	-14.2326
3.27128 	-14.2689
3.27368 	-14.3052
3.27608 	-14.3415
3.27847 	-14.3776
3.28087 	-14.4137
3.28327 	-14.4497
3.28567 	-14.4856
3.28807 	-14.5215
3.29046 	-14.5572
3.29286 	-14.5929
3.29526 	-14.6286
3.29766 	-14.6641
3.30006 	-14.6996
3.30245 	-14.735
3.30485 	-14.7704
3.30725 	-14.8057
3.30965 	-14.8409
3.31205 	-14.876
3.31444 	-14.9111
3.31684 	-14.9461
3.31924 	-14.981
3.32164 	-15.0158
3.32404 	-15.0506
3.32643 	-15.0853
3.32883 	-15.12
3.33123 	-15.1545
3.33363 	-15.189
3.33603 	-15.2235
3.33842 	-15.2578
3.34082 	-15.2921
3.34322 	-15.3264
3.34562 	-15.3605
3.34802 	-15.3946
3.35041 	-15.4286
3.35281 	-15.4626
3.35521 	-15.4965
3.35761 	-15.5303
3.36001 	-15.5641
3.3624 	-15.5978
3.3648 	-15.6314
3.3672 	-15.6649
3.3696 	-15.6984
3.372 	-15.7318
3.37439 	-15.7652
3.37679 	-15.7985
3.37919 	-15.8317
3.38159 	-15.8649
3.38399 	-15.898
3.38638 	-15.931
3.38878 	-15.964
3.39118 	-15.9969
3.39358 	-16.0297
3.39598 	-16.0625
3.39837 	-16.0952
3.40077 	-16.1278
3.40317 	-16.1604
3.40557 	-16.1929
3.40797 	-16.2254
3.41036 	-16.2578
3.41276 	-16.2901
3.41516 	-16.3223
3.41756 	-16.3545
3.41996 	-16.3867
3.42235 	-16.4188
3.42475 	-16.4508
3.42715 	-16.4827
3.42955 	-16.5146
3.43195 	-16.5464
3.43434 	-16.5782
3.43674 	-16.6099
3.43914 	-16.6415
3.44154 	-16.6731
3.44394 	-16.7047
3.44633 	-16.7361
3.44873 	-16.7675
3.45113 	-16.7989
3.45353 	-16.8301
3.45593 	-16.8614
3.45832 	-16.8925
3.46072 	-16.9236
3.46312 	-16.9547
3.46552 	-16.9856
3.46792 	-17.0166
3.47031 	-17.0474
3.47271 	-17.0782
3.47511 	-17.109
3.47751 	-17.1397
3.47991 	-17.1703
3.4823 	-17.2009
3.4847 	-17.2314
3.4871 	-17.2618
3.4895 	-17.2922
3.4919 	-17.3226
3.49429 	-17.3529
3.49669 	-17.3831
3.49909 	-17.4132
3.50149 	-17.4434
3.50389 	-17.4734
3.50628 	-17.5034
3.50868 	-17.5334
3.51108 	-17.5632
3.51348 	-17.5931
3.51588 	-17.6228
3.51827 	-17.6526
3.52067 	-17.6822
3.52307 	-17.7118
3.52547 	-17.7414
3.52787 	-17.7709
3.53026 	-17.8003
3.53266 	-17.8297
3.53506 	-17.859
3.53746 	-17.8883
3.53986 	-17.9175
3.54225 	-17.9467
3.54465 	-17.9758
3.54705 	-18.0048
3.54945 	-18.0339
3.55185 	-18.0628
3.55424 	-18.0917
3.55664 	-18.1205
3.55904 	-18.1493
3.56144 	-18.1781
3.56384 	-18.2067
3.56623 	-18.2354
3.56863 	-18.264
3.57103 	-18.2925
3.57343 	-18.3209
3.57583 	-18.3494
3.57822 	-18.3777
3.58062 	-18.406
3.58302 	-18.4343
3.58542 	-18.4625
3.58782 	-18.4907
3.59021 	-18.5188
3.59261 	-18.5468
3.59501 	-18.5748
3.59741 	-18.6028
3.59981 	-18.6307
3.6022 	-18.6586
3.6046 	-18.6864
3.607 	-18.7141
3.6094 	-18.7418
3.6118 	-18.7694
3.61419 	-18.797
3.61659 	-18.8246
3.61899 	-18.8521
3.62139 	-18.8795
3.62379 	-18.9069
3.62618 	-18.9343
3.62858 	-18.9616
3.63098 	-18.9888
3.63338 	-19.016
3.63578 	-19.0432
3.63817 	-19.0703
3.64057 	-19.0973
3.64297 	-19.1243
3.64537 	-19.1513
3.64777 	-19.1782
3.65016 	-19.2051
3.65256 	-19.2319
3.65496 	-19.2586
3.65736 	-19.2853
3.65976 	-19.312
3.66215 	-19.3386
3.66455 	-19.3652
3.66695 	-19.3917
3.66935 	-19.4182
3.67175 	-19.4446
3.67414 	-19.471
3.67654 	-19.4973
3.67894 	-19.5236
3.68134 	-19.5499
3.68374 	-19.5761
3.68613 	-19.6022
3.68853 	-19.6283
3.69093 	-19.6544
3.69333 	-19.6804
3.69573 	-19.7063
3.69812 	-19.7322
3.70052 	-19.7581
3.70292 	-19.7839
3.70532 	-19.8097
3.70772 	-19.8354
3.71011 	-19.8611
3.71251 	-19.8868
3.71491 	-19.9124
3.71731 	-19.9379
3.71971 	-19.9634
3.7221 	-19.9889
3.7245 	-20.0143
3.7269 	-20.0397
3.7293 	-20.065
3.7317 	-20.0903
3.73409 	-20.1155
3.73649 	-20.1407
3.73889 	-20.1659
3.74129 	-20.191
3.74369 	-20.216
3.74608 	-20.2411
3.74848 	-20.266
3.75088 	-20.291
3.75328 	-20.3158
3.75568 	-20.3407
3.75807 	-20.3655
3.76047 	-20.3902
3.76287 	-20.415
3.76527 	-20.4396
3.76767 	-20.4643
3.77006 	-20.4888
3.77246 	-20.5134
3.77486 	-20.5379
3.77726 	-20.5623
3.77966 	-20.5868
3.78205 	-20.6111
3.78445 	-20.6355
3.78685 	-20.6597
3.78925 	-20.684
3.79165 	-20.7082
3.79404 	-20.7324
3.79644 	-20.7565
3.79884 	-20.7806
3.80124 	-20.8046
3.80364 	-20.8286
3.80603 	-20.8525
3.80843 	-20.8765
3.81083 	-20.9003
3.81323 	-20.9242
3.81563 	-20.948
3.81802 	-20.9717
3.82042 	-20.9954
3.82282 	-21.0191
3.82522 	-21.0427
3.82762 	-21.0663
3.83001 	-21.0898
3.83241 	-21.1134
3.83481 	-21.1368
3.83721 	-21.1602
3.83961 	-21.1836
3.842 	-21.207
3.8444 	-21.2303
3.8468 	-21.2536
3.8492 	-21.2768
3.8516 	-21.3
3.85399 	-21.3231
3.85639 	-21.3462
3.85879 	-21.3693
3.86119 	-21.3923
3.86359 	-21.4153
3.86598 	-21.4383
3.86838 	-21.4612
3.87078 	-21.4841
3.87318 	-21.5069
3.87558 	-21.5297
3.87797 	-21.5525
3.88037 	-21.5752
3.88277 	-21.5979
3.88517 	-21.6205
3.88757 	-21.6431
3.88996 	-21.6657
3.89236 	-21.6882
3.89476 	-21.7107
3.89716 	-21.7332
3.89956 	-21.7556
3.90195 	-21.7779
3.90435 	-21.8003
3.90675 	-21.8226
3.90915 	-21.8449
3.91155 	-21.8671
3.91394 	-21.8893
3.91634 	-21.9114
3.91874 	-21.9336
3.92114 	-21.9556
3.92354 	-21.9777
3.92593 	-21.9997
3.92833 	-22.0216
3.93073 	-22.0436
3.93313 	-22.0655
3.93553 	-22.0873
3.93792 	-22.1092
3.94032 	-22.1309
3.94272 	-22.1527
3.94512 	-22.1744
3.94752 	-22.1961
3.94991 	-22.2177
3.95231 	-22.2393
3.95471 	-22.2609
3.95711 	-22.2824
3.95951 	-22.3039
3.9619 	-22.3254
3.9643 	-22.3468
3.9667 	-22.3682
3.9691 	-22.3896
3.9715 	-22.4109
3.97389 	-22.4322
3.97629 	-22.4534
3.97869 	-22.4746
3.98109 	-22.4958
3.98349 	-22.517
3.98588 	-22.5381
3.98828 	-22.5592
3.99068 	-22.5802
3.99308 	-22.6012
3.99548 	-22.6222
3.99787 	-22.6431
4.00027 	-22.664
4.00267 	-22.6849
4.00507 	-22.7057
4.00747 	-22.7265
4.00986 	-22.7473
4.01226 	-22.768
4.01466 	-22.7887
4.01706 	-22.8094
4.01946 	-22.83
4.02185 	-22.8506
4.02425 	-22.8711
4.02665 	-22.8917
4.02905 	-22.9122
4.03145 	-22.9326
4.03384 	-22.9531
4.03624 	-22.9734
4.03864 	-22.9938
4.04104 	-23.0141
4.04344 	-23.0344
4.04583 	-23.0547
4.04823 	-23.0749
4.05063 	-23.0951
4.05303 	-23.1153
4.05543 	-23.1354
4.05782 	-23.1555
4.06022 	-23.1755
4.06262 	-23.1956
4.06502 	-23.2156
4.06742 	-23.2355
4.06981 	-23.2555
4.07221 	-23.2754
4.07461 	-23.2952
4.07701 	-23.3151
4.07941 	-23.3349
4.0818 	-23.3546
4.0842 	-23.3744
4.0866 	-23.3941
4.089 	-23.4137
4.0914 	-23.4334
4.09379 	-23.453
4.09619 	-23.4726
4.09859 	-23.4921
4.10099 	-23.5116
4.10339 	-23.5311
4.10578 	-23.5506
4.10818 	-23.57
4.11058 	-23.5894
4.11298 	-23.6087
4.11538 	-23.628
4.11777 	-23.6473
4.12017 	-23.6666
4.12257 	-23.6858
4.12497 	-23.705
4.12737 	-23.7242
4.12976 	-23.7433
4.13216 	-23.7624
4.13456 	-23.7815
4.13696 	-23.8005
4.13936 	-23.8196
4.14175 	-23.8385
4.14415 	-23.8575
4.14655 	-23.8764
4.14895 	-23.8953
4.15135 	-23.9142
4.15374 	-23.933
4.15614 	-23.9518
4.15854 	-23.9706
4.16094 	-23.9893
4.16334 	-24.008
4.16573 	-24.0267
4.16813 	-24.0453
4.17053 	-24.0639
4.17293 	-24.0825
4.17533 	-24.1011
4.17772 	-24.1196
4.18012 	-24.1381
4.18252 	-24.1566
4.18492 	-24.175
4.18732 	-24.1934
4.18971 	-24.2118
4.19211 	-24.2302
4.19451 	-24.2485
4.19691 	-24.2668
4.19931 	-24.285
4.2017 	-24.3033
4.2041 	-24.3215
4.2065 	-24.3396
4.2089 	-24.3578
4.2113 	-24.3759
4.21369 	-24.394
4.21609 	-24.412
4.21849 	-24.43
4.22089 	-24.448
4.22329 	-24.466
4.22568 	-24.4839
4.22808 	-24.5019
4.23048 	-24.5197
4.23288 	-24.5376
4.23528 	-24.5554
4.23767 	-24.5732
4.24007 	-24.591
4.24247 	-24.6087
4.24487 	-24.6264
4.24727 	-24.6441
4.24966 	-24.6617
4.25206 	-24.6794
4.25446 	-24.697
4.25686 	-24.7145
4.25926 	-24.7321
4.26165 	-24.7496
4.26405 	-24.7671
4.26645 	-24.7845
4.26885 	-24.8019
4.27125 	-24.8193
4.27364 	-24.8367
4.27604 	-24.854
4.27844 	-24.8714
4.28084 	-24.8886
4.28324 	-24.9059
4.28563 	-24.9231
4.28803 	-24.9403
4.29043 	-24.9575
4.29283 	-24.9747
4.29523 	-24.9918
4.29762 	-25.0089
4.30002 	-25.0259
4.30242 	-25.043
4.30482 	-25.06
4.30722 	-25.0769
4.30961 	-25.0939
4.31201 	-25.1108
4.31441 	-25.1277
4.31681 	-25.1446
4.31921 	-25.1614
4.3216 	-25.1783
4.324 	-25.195
4.3264 	-25.2118
4.3288 	-25.2285
4.3312 	-25.2453
4.33359 	-25.2619
4.33599 	-25.2786
4.33839 	-25.2952
4.34079 	-25.3118
4.34319 	-25.3284
4.34558 	-25.3449
4.34798 	-25.3615
4.35038 	-25.3779
4.35278 	-25.3944
4.35518 	-25.4108
4.35757 	-25.4273
4.35997 	-25.4436
4.36237 	-25.46
4.36477 	-25.4763
4.36717 	-25.4926
4.36956 	-25.5089
4.37196 	-25.5252
4.37436 	-25.5414
4.37676 	-25.5576
4.37916 	-25.5738
4.38155 	-25.5899
4.38395 	-25.606
4.38635 	-25.6221
4.38875 	-25.6382
4.39115 	-25.6542
4.39354 	-25.6703
4.39594 	-25.6863
4.39834 	-25.7022
4.40074 	-25.7182
4.40314 	-25.7341
4.40553 	-25.75
4.40793 	-25.7658
4.41033 	-25.7816
4.41273 	-25.7975
4.41513 	-25.8132
4.41752 	-25.829
4.41992 	-25.8447
4.42232 	-25.8604
4.42472 	-25.8761
4.42712 	-25.8918
4.42951 	-25.9074
4.43191 	-25.923
4.43431 	-25.9386
4.43671 	-25.9541
4.43911 	-25.9696
4.4415 	-25.9851
4.4439 	-26.0006
4.4463 	-26.016
4.4487 	-26.0315
4.4511 	-26.0469
4.45349 	-26.0622
4.45589 	-26.0776
4.45829 	-26.0929
4.46069 	-26.1082
4.46309 	-26.1235
4.46548 	-26.1387
4.46788 	-26.1539
4.47028 	-26.1691
4.47268 	-26.1843
4.47508 	-26.1994
4.47747 	-26.2146
4.47987 	-26.2296
4.48227 	-26.2447
4.48467 	-26.2598
4.48707 	-26.2748
4.48946 	-26.2898
4.49186 	-26.3047
4.49426 	-26.3197
4.49666 	-26.3346
4.49906 	-26.3495
4.50145 	-26.3644
4.50385 	-26.3792
4.50625 	-26.394
4.50865 	-26.4088
4.51105 	-26.4236
4.51344 	-26.4383
4.51584 	-26.453
4.51824 	-26.4677
4.52064 	-26.4824
4.52304 	-26.497
4.52543 	-26.5117
4.52783 	-26.5262
4.53023 	-26.5408
4.53263 	-26.5554
4.53503 	-26.5699
4.53742 	-26.5844
4.53982 	-26.5988
4.54222 	-26.6133
4.54462 	-26.6277
4.54702 	-26.6421
4.54941 	-26.6565
4.55181 	-26.6708
4.55421 	-26.6852
4.55661 	-26.6995
4.55901 	-26.7137
4.5614 	-26.728
4.5638 	-26.7422
4.5662 	-26.7564
4.5686 	-26.7706
4.571 	-26.7847
4.57339 	-26.7989
4.57579 	-26.813
4.57819 	-26.827
4.58059 	-26.8411
4.58299 	-26.8551
4.58538 	-26.8691
4.58778 	-26.8831
4.59018 	-26.8971
4.59258 	-26.911
4.59498 	-26.9249
4.59737 	-26.9388
4.59977 	-26.9527
4.60217 	-26.9665
4.60457 	-26.9803
4.60697 	-26.9941
4.60936 	-27.0078
4.61176 	-27.0216
4.61416 	-27.0353
4.61656 	-27.049
4.61896 	-27.0627
4.62135 	-27.0763
4.62375 	-27.0899
4.62615 	-27.1035
4.62855 	-27.1171
4.63095 	-27.1306
4.63334 	-27.1442
4.63574 	-27.1577
4.63814 	-27.1711
4.64054 	-27.1846
4.64294 	-27.198
4.64533 	-27.2114
4.64773 	-27.2248
4.65013 	-27.2381
4.65253 	-27.2515
4.65493 	-27.2648
4.65732 	-27.2781
4.65972 	-27.2913
4.66212 	-27.3045
4.66452 	-27.3178
4.66692 	-27.3309
4.66931 	-27.3441
4.67171 	-27.3572
4.67411 	-27.3704
4.67651 	-27.3834
4.67891 	-27.3965
4.6813 	-27.4096
4.6837 	-27.4226
4.6861 	-27.4356
4.6885 	-27.4485
4.6909 	-27.4615
4.69329 	-27.4744
4.69569 	-27.4873
4.69809 	-27.5002
4.70049 	-27.513
4.70289 	-27.5259
4.70528 	-27.5387
4.70768 	-27.5515
4.71008 	-27.5642
4.71248 	-27.5769
4.71488 	-27.5897
4.71727 	-27.6023
4.71967 	-27.615
4.72207 	-27.6276
4.72447 	-27.6403
4.72687 	-27.6528
4.72926 	-27.6654
4.73166 	-27.6779
4.73406 	-27.6905
4.73646 	-27.703
4.73886 	-27.7154
4.74125 	-27.7279
4.74365 	-27.7403
4.74605 	-27.7527
4.74845 	-27.7651
4.75085 	-27.7774
4.75324 	-27.7898
4.75564 	-27.8021
4.75804 	-27.8143
4.76044 	-27.8266
4.76284 	-27.8388
4.76523 	-27.851
4.76763 	-27.8632
4.77003 	-27.8754
4.77243 	-27.8875
4.77483 	-27.8996
4.77722 	-27.9117
4.77962 	-27.9238
4.78202 	-27.9358
4.78442 	-27.9479
4.78682 	-27.9599
4.78921 	-27.9718
4.79161 	-27.9838
4.79401 	-27.9957
4.79641 	-28.0076
4.79881 	-28.0195
4.8012 	-28.0313
4.8036 	-28.0431
4.806 	-28.0549
4.8084 	-28.0667
4.8108 	-28.0785
4.81319 	-28.0902
4.81559 	-28.1019
4.81799 	-28.1136
4.82039 	-28.1253
4.82279 	-28.1369
4.82518 	-28.1485
4.82758 	-28.1601
4.82998 	-28.1717
4.83238 	-28.1832
4.83478 	-28.1947
4.83717 	-28.2062
4.83957 	-28.2177
4.84197 	-28.2291
4.84437 	-28.2406
4.84677 	-28.252
4.84916 	-28.2633
4.85156 	-28.2747
4.85396 	-28.286
4.85636 	-28.2973
4.85876 	-28.3086
4.86115 	-28.3198
4.86355 	-28.3311
4.86595 	-28.3423
4.86835 	-28.3535
4.87075 	-28.3646
4.87314 	-28.3757
4.87554 	-28.3869
4.87794 	-28.3979
4.88034 	-28.409
4.88274 	-28.42
4.88513 	-28.431
4.88753 	-28.442
4.88993 	-28.453
4.89233 	-28.4639
4.89473 	-28.4749
4.89712 	-28.4857
4.89952 	-28.4966
4.90192 	-28.5075
4.90432 	-28.5183
4.90672 	-28.5291
4.90911 	-28.5398
4.91151 	-28.5506
4.91391 	-28.5613
4.91631 	-28.572
4.91871 	-28.5827
4.9211 	-28.5933
4.9235 	-28.6039
4.9259 	-28.6145
4.9283 	-28.6251
4.9307 	-28.6357
4.93309 	-28.6462
4.93549 	-28.6567
4.93789 	-28.6672
4.94029 	-28.6776
4.94269 	-28.6881
4.94508 	-28.6985
4.94748 	-28.7088
4.94988 	-28.7192
4.95228 	-28.7295
4.95468 	-28.7398
4.95707 	-28.7501
4.95947 	-28.7604
4.96187 	-28.7706
4.96427 	-28.7808
4.96667 	-28.791
4.96906 	-28.8011
4.97146 	-28.8113
4.97386 	-28.8214
4.97626 	-28.8315
4.97866 	-28.8415
4.98105 	-28.8515
4.98345 	-28.8616
4.98585 	-28.8715
4.98825 	-28.8815
4.99065 	-28.8914
4.99304 	-28.9013
4.99544 	-28.9112
4.99784 	-28.9211
5.00024 	-28.9309
5.00264 	-28.9407
5.00503 	-28.9505
5.00743 	-28.9603
5.00983 	-28.97
5.01223 	-28.9797
5.01463 	-28.9894
5.01702 	-28.999
5.01942 	-29.0087
5.02182 	-29.0183
5.02422 	-29.0278
5.02662 	-29.0374
5.02901 	-29.0469
5.03141 	-29.0564
5.03381 	-29.0659
5.03621 	-29.0754
5.03861 	-29.0848
5.041 	-29.0942
5.0434 	-29.1036
5.0458 	-29.1129
5.0482 	-29.1222
5.0506 	-29.1315
5.05299 	-29.1408
5.05539 	-29.1501
5.05779 	-29.1593
5.06019 	-29.1685
5.06259 	-29.1777
5.06498 	-29.1868
5.06738 	-29.1959
5.06978 	-29.205
5.07218 	-29.2141
5.07458 	-29.2231
5.07697 	-29.2321
5.07937 	-29.2411
5.08177 	-29.2501
5.08417 	-29.259
5.08657 	-29.2679
5.08896 	-29.2768
5.09136 	-29.2857
5.09376 	-29.2945
5.09616 	-29.3033
5.09856 	-29.3121
5.10095 	-29.3209
5.10335 	-29.3296
5.10575 	-29.3383
5.10815 	-29.347
5.11055 	-29.3556
5.11294 	-29.3642
5.11534 	-29.3728
5.11774 	-29.3814
5.12014 	-29.3899
5.12254 	-29.3984
5.12493 	-29.4069
5.12733 	-29.4154
5.12973 	-29.4238
5.13213 	-29.4322
5.13453 	-29.4406
5.13692 	-29.449
5.13932 	-29.4573
5.14172 	-29.4656
5.14412 	-29.4739
5.14652 	-29.4821
5.14891 	-29.4903
5.15131 	-29.4985
5.15371 	-29.5067
5.15611 	-29.5148
5.15851 	-29.5229
5.1609 	-29.531
5.1633 	-29.5391
5.1657 	-29.5471
5.1681 	-29.5551
5.1705 	-29.5631
5.17289 	-29.571
5.17529 	-29.5789
5.17769 	-29.5868
5.18009 	-29.5947
5.18249 	-29.6025
5.18488 	-29.6103
5.18728 	-29.6181
5.18968 	-29.6258
5.19208 	-29.6336
5.19448 	-29.6412
5.19687 	-29.6489
5.19927 	-29.6565
5.20167 	-29.6642
5.20407 	-29.6717
5.20647 	-29.6793
5.20886 	-29.6868
5.21126 	-29.6943
5.21366 	-29.7018
5.21606 	-29.7092
5.21846 	-29.7166
5.22085 	-29.724
5.22325 	-29.7314
5.22565 	-29.7387
5.22805 	-29.746
5.23045 	-29.7533
5.23284 	-29.7605
5.23524 	-29.7677
5.23764 	-29.7749
5.24004 	-29.782
5.24244 	-29.7892
5.24483 	-29.7963
5.24723 	-29.8033
5.24963 	-29.8103
5.25203 	-29.8174
5.25443 	-29.8243
5.25682 	-29.8313
5.25922 	-29.8382
5.26162 	-29.8451
5.26402 	-29.8519
5.26642 	-29.8588
5.26881 	-29.8656
5.27121 	-29.8723
5.27361 	-29.8791
5.27601 	-29.8858
5.27841 	-29.8925
5.2808 	-29.8991
5.2832 	-29.9057
5.2856 	-29.9123
5.288 	-29.9189
5.2904 	-29.9254
5.29279 	-29.9319
5.29519 	-29.9384
5.29759 	-29.9448
5.29999 	-29.9512
5.30239 	-29.9576
5.30478 	-29.964
5.30718 	-29.9703
5.30958 	-29.9766
5.31198 	-29.9828
5.31438 	-29.9891
5.31677 	-29.9952
5.31917 	-30.0014
5.32157 	-30.0075
5.32397 	-30.0136
5.32637 	-30.0197
5.32876 	-30.0257
5.33116 	-30.0318
5.33356 	-30.0377
5.33596 	-30.0437
5.33836 	-30.0496
5.34075 	-30.0555
5.34315 	-30.0613
5.34555 	-30.0671
5.34795 	-30.0729
5.35035 	-30.0787
5.35274 	-30.0844
5.35514 	-30.0901
5.35754 	-30.0958
5.35994 	-30.1014
5.36234 	-30.107
5.36473 	-30.1125
5.36713 	-30.1181
5.36953 	-30.1236
5.37193 	-30.129
5.37433 	-30.1345
5.37672 	-30.1399
5.37912 	-30.1452
5.38152 	-30.1506
5.38392 	-30.1559
5.38632 	-30.1611
5.38871 	-30.1664
5.39111 	-30.1716
5.39351 	-30.1767
5.39591 	-30.1819
5.39831 	-30.187
5.4007 	-30.1921
5.4031 	-30.1971
5.4055 	-30.2021
5.4079 	-30.2071
5.4103 	-30.212
5.41269 	-30.2169
5.41509 	-30.2218
5.41749 	-30.2266
5.41989 	-30.2314
5.42229 	-30.2362
5.42468 	-30.2409
5.42708 	-30.2456
5.42948 	-30.2503
5.43188 	-30.2549
5.43428 	-30.2595
5.43667 	-30.2641
5.43907 	-30.2686
5.44147 	-30.2731
5.44387 	-30.2775
5.44627 	-30.282
5.44866 	-30.2863
5.45106 	-30.2907
5.45346 	-30.295
5.45586 	-30.2993
5.45826 	-30.3035
5.46065 	-30.3077
5.46305 	-30.3119
5.46545 	-30.3161
5.46785 	-30.3202
5.47025 	-30.3242
5.47264 	-30.3283
5.47504 	-30.3323
5.47744 	-30.3362
5.47984 	-30.3402
5.48224 	-30.344
5.48463 	-30.3479
5.48703 	-30.3517
5.48943 	-30.3555
5.49183 	-30.3592
5.49423 	-30.3629
5.49662 	-30.3666
5.49902 	-30.3702
5.50142 	-30.3738
5.50382 	-30.3774
5.50622 	-30.3809
5.50861 	-30.3844
5.51101 	-30.3879
5.51341 	-30.3913
5.51581 	-30.3946
5.51821 	-30.398
5.5206 	-30.4013
5.523 	-30.4045
5.5254 	-30.4078
5.5278 	-30.4109
5.5302 	-30.4141
5.53259 	-30.4172
5.53499 	-30.4203
5.53739 	-30.4233
5.53979 	-30.4263
5.54219 	-30.4293
5.54458 	-30.4322
5.54698 	-30.4351
5.54938 	-30.4379
5.55178 	-30.4407
5.55418 	-30.4435
5.55657 	-30.4462
5.55897 	-30.4489
5.56137 	-30.4515
5.56377 	-30.4541
5.56617 	-30.4567
5.56856 	-30.4592
5.57096 	-30.4617
5.57336 	-30.4641
5.57576 	-30.4665
5.57816 	-30.4689
5.58055 	-30.4712
5.58295 	-30.4735
5.58535 	-30.4758
5.58775 	-30.478
5.59015 	-30.4801
5.59254 	-30.4823
5.59494 	-30.4844
5.59734 	-30.4864
5.59974 	-30.4884
5.60214 	-30.4904
5.60453 	-30.4923
5.60693 	-30.4942
5.60933 	-30.496
5.61173 	-30.4978
5.61413 	-30.4996
5.61652 	-30.5013
5.61892 	-30.5029
5.62132 	-30.5046
5.62372 	-30.5062
5.62612 	-30.5077
5.62851 	-30.5092
5.63091 	-30.5107
5.63331 	-30.5121
5.63571 	-30.5135
5.63811 	-30.5148
5.6405 	-30.5161
5.6429 	-30.5173
5.6453 	-30.5186
5.6477 	-30.5197
5.6501 	-30.5208
5.65249 	-30.5219
5.65489 	-30.5229
5.65729 	-30.5239
5.65969 	-30.5249
5.66209 	-30.5258
5.66448 	-30.5266
5.66688 	-30.5274
5.66928 	-30.5282
5.67168 	-30.5289
5.67408 	-30.5296
5.67647 	-30.5303
5.67887 	-30.5309
5.68127 	-30.5314
5.68367 	-30.5319
5.68607 	-30.5324
5.68846 	-30.5328
5.69086 	-30.5331
5.69326 	-30.5335
5.69566 	-30.5337
5.69806 	-30.534
5.70045 	-30.5342
5.70285 	-30.5343
5.70525 	-30.5344
5.70765 	-30.5344
5.71005 	-30.5344
5.71244 	-30.5344
5.71484 	-30.5343
5.71724 	-30.5342
5.71964 	-30.534
5.72204 	-30.5337
5.72443 	-30.5335
5.72683 	-30.5331
5.72923 	-30.5328
5.73163 	-30.5324
5.73403 	-30.5319
5.73642 	-30.5314
5.73882 	-30.5308
5.74122 	-30.5302
5.74362 	-30.5295
5.74602 	-30.5288
5.74841 	-30.5281
5.75081 	-30.5273
5.75321 	-30.5264
5.75561 	-30.5255
5.75801 	-30.5246
5.7604 	-30.5236
5.7628 	-30.5225
5.7652 	-30.5215
5.7676 	-30.5203
5.77 	-30.5191
5.77239 	-30.5179
5.77479 	-30.5166
5.77719 	-30.5152
5.77959 	-30.5138
5.78199 	-30.5124
5.78438 	-30.5109
5.78678 	-30.5094
5.78918 	-30.5078
5.79158 	-30.5061
5.79398 	-30.5044
5.79637 	-30.5027
5.79877 	-30.5009
5.80117 	-30.4991
5.80357 	-30.4972
5.80597 	-30.4952
5.80836 	-30.4932
5.81076 	-30.4912
5.81316 	-30.4891
5.81556 	-30.4869
5.81796 	-30.4847
5.82035 	-30.4824
5.82275 	-30.4801
5.82515 	-30.4778
5.82755 	-30.4754
5.82995 	-30.4729
5.83234 	-30.4704
5.83474 	-30.4678
5.83714 	-30.4652
5.83954 	-30.4625
5.84194 	-30.4597
5.84433 	-30.457
5.84673 	-30.4541
5.84913 	-30.4512
5.85153 	-30.4483
5.85393 	-30.4453
5.85632 	-30.4422
5.85872 	-30.4391
5.86112 	-30.4359
5.86352 	-30.4327
5.86592 	-30.4294
5.86831 	-30.4261
5.87071 	-30.4227
5.87311 	-30.4193
5.87551 	-30.4158
5.87791 	-30.4122
5.8803 	-30.4086
5.8827 	-30.405
5.8851 	-30.4013
5.8875 	-30.3975
5.8899 	-30.3937
5.89229 	-30.3898
5.89469 	-30.3858
5.89709 	-30.3818
5.89949 	-30.3778
5.90189 	-30.3737
5.90428 	-30.3695
5.90668 	-30.3653
5.90908 	-30.361
5.91148 	-30.3566
5.91388 	-30.3522
5.91627 	-30.3478
5.91867 	-30.3433
5.92107 	-30.3387
5.92347 	-30.334
5.92587 	-30.3294
5.92826 	-30.3246
5.93066 	-30.3198
5.93306 	-30.3149
5.93546 	-30.31
5.93786 	-30.305
5.94025 	-30.3
5.94265 	-30.2949
5.94505 	-30.2897
5.94745 	-30.2845
5.94985 	-30.2792
5.95224 	-30.2739
5.95464 	-30.2685
5.95704 	-30.263
5.95944 	-30.2575
5.96184 	-30.2519
5.96423 	-30.2462
5.96663 	-30.2405
5.96903 	-30.2348
5.97143 	-30.2289
5.97383 	-30.2231
5.97622 	-30.2171
5.97862 	-30.2111
5.98102 	-30.205
5.98342 	-30.1989
5.98582 	-30.1927
5.98821 	-30.1864
5.99061 	-30.1801
5.99301 	-30.1737
5.99541 	-30.1673
5.99781 	-30.1608
6.0002 	-30.1542
6.0026 	-30.1475
6.005 	-30.1408
6.0074 	-30.1341
6.0098 	-30.1273
6.01219 	-30.1204
6.01459 	-30.1134
6.01699 	-30.1064
6.01939 	-30.0993
6.02179 	-30.0922
6.02418 	-30.0849
6.02658 	-30.0777
6.02898 	-30.0703
6.03138 	-30.0629
6.03378 	-30.0554
6.03617 	-30.0479
6.03857 	-30.0403
6.04097 	-30.0326
6.04337 	-30.0249
6.04577 	-30.0171
6.04816 	-30.0092
6.05056 	-30.0013
6.05296 	-29.9933
6.05536 	-29.9852
6.05776 	-29.9771
6.06015 	-29.9689
6.06255 	-29.9606
6.06495 	-29.9523
6.06735 	-29.9439
6.06975 	-29.9354
6.07214 	-29.9269
6.07454 	-29.9183
6.07694 	-29.9096
6.07934 	-29.9009
6.08174 	-29.8921
6.08413 	-29.8832
6.08653 	-29.8742
6.08893 	-29.8652
6.09133 	-29.8562
6.09373 	-29.847
6.09612 	-29.8378
6.09852 	-29.8285
6.10092 	-29.8191
6.10332 	-29.8097
6.10572 	-29.8002
6.10811 	-29.7906
6.11051 	-29.781
6.11291 	-29.7713
6.11531 	-29.7615
6.11771 	-29.7517
6.1201 	-29.7417
6.1225 	-29.7317
6.1249 	-29.7217
6.1273 	-29.7115
6.1297 	-29.7013
6.13209 	-29.6911
6.13449 	-29.6807
6.13689 	-29.6703
6.13929 	-29.6598
6.14169 	-29.6492
6.14408 	-29.6386
6.14648 	-29.6279
6.14888 	-29.6171
6.15128 	-29.6063
6.15368 	-29.5953
6.15607 	-29.5843
6.15847 	-29.5733
6.16087 	-29.5621
6.16327 	-29.5509
6.16567 	-29.5396
6.16806 	-29.5282
6.17046 	-29.5168
6.17286 	-29.5053
6.17526 	-29.4937
6.17766 	-29.482
6.18005 	-29.4703
6.18245 	-29.4585
6.18485 	-29.4466
6.18725 	-29.4346
6.18965 	-29.4226
6.19204 	-29.4105
6.19444 	-29.3983
6.19684 	-29.386
6.19924 	-29.3737
6.20164 	-29.3613
6.20403 	-29.3488
6.20643 	-29.3362
6.20883 	-29.3236
6.21123 	-29.3109
6.21363 	-29.2981
6.21602 	-29.2852
6.21842 	-29.2722
6.22082 	-29.2592
6.22322 	-29.2461
6.22562 	-29.2329
6.22801 	-29.2197
6.23041 	-29.2063
6.23281 	-29.1929
6.23521 	-29.1794
6.23761 	-29.1659
6.24 	-29.1522
6.2424 	-29.1385
6.2448 	-29.1247
6.2472 	-29.1108
6.2496 	-29.0969
6.25199 	-29.0828
6.25439 	-29.0687
6.25679 	-29.0545
6.25919 	-29.0402
6.26159 	-29.0259
6.26398 	-29.0114
6.26638 	-28.9969
6.26878 	-28.9823
6.27118 	-28.9676
6.27358 	-28.9529
6.27597 	-28.9381
6.27837 	-28.9231
6.28077 	-28.9081
6.28317 	-28.8931
6.28557 	-28.8779
6.28796 	-28.8627
6.29036 	-28.8473
6.29276 	-28.8319
6.29516 	-28.8165
6.29756 	-28.8009
6.29995 	-28.7853
6.30235 	-28.7695
6.30475 	-28.7537
6.30715 	-28.7378
6.30955 	-28.7219
6.31194 	-28.7058
6.31434 	-28.6897
6.31674 	-28.6734
6.31914 	-28.6571
6.32154 	-28.6408
6.32393 	-28.6243
6.32633 	-28.6077
6.32873 	-28.5911
6.33113 	-28.5744
6.33353 	-28.5576
6.33592 	-28.5407
6.33832 	-28.5237
6.34072 	-28.5067
6.34312 	-28.4895
6.34552 	-28.4723
6.34791 	-28.455
6.35031 	-28.4376
6.35271 	-28.4202
6.35511 	-28.4026
6.35751 	-28.385
6.3599 	-28.3672
6.3623 	-28.3494
6.3647 	-28.3315
6.3671 	-28.3136
6.3695 	-28.2955
6.37189 	-28.2773
6.37429 	-28.2591
6.37669 	-28.2408
6.37909 	-28.2224
6.38149 	-28.2039
6.38388 	-28.1853
6.38628 	-28.1666
6.38868 	-28.1479
6.39108 	-28.1291
6.39348 	-28.1101
6.39587 	-28.0911
6.39827 	-28.072
6.40067 	-28.0529
6.40307 	-28.0336
6.40547 	-28.0142
6.40786 	-27.9948
6.41026 	-27.9753
6.41266 	-27.9556
6.41506 	-27.9359
6.41746 	-27.9161
6.41985 	-27.8963
6.42225 	-27.8763
6.42465 	-27.8563
6.42705 	-27.8361
6.42945 	-27.8159
6.43184 	-27.7956
6.43424 	-27.7752
6.43664 	-27.7547
6.43904 	-27.7341
6.44144 	-27.7134
6.44383 	-27.6927
6.44623 	-27.6718
6.44863 	-27.6509
6.45103 	-27.6299
6.45343 	-27.6087
6.45582 	-27.5875
6.45822 	-27.5663
6.46062 	-27.5449
6.46302 	-27.5234
6.46542 	-27.5019
6.46781 	-27.4802
6.47021 	-27.4585
6.47261 	-27.4367
6.47501 	-27.4147
6.47741 	-27.3927
6.4798 	-27.3706
6.4822 	-27.3485
6.4846 	-27.3262
6.487 	-27.3038
6.4894 	-27.2814
6.49179 	-27.2588
6.49419 	-27.2362
6.49659 	-27.2135
6.49899 	-27.1907
6.50139 	-27.1678
6.50378 	-27.1448
6.50618 	-27.1217
6.50858 	-27.0985
6.51098 	-27.0753
6.51338 	-27.0519
6.51577 	-27.0285
6.51817 	-27.0049
6.52057 	-26.9813
6.52297 	-26.9576
6.52537 	-26.9338
6.52776 	-26.9099
6.53016 	-26.8859
6.53256 	-26.8618
6.53496 	-26.8376
6.53736 	-26.8134
6.53975 	-26.789
6.54215 	-26.7646
6.54455 	-26.7401
6.54695 	-26.7154
6.54935 	-26.6907
6.55174 	-26.6659
6.55414 	-26.641
6.55654 	-26.616
6.55894 	-26.5909
6.56134 	-26.5657
6.56373 	-26.5405
6.56613 	-26.5151
6.56853 	-26.4897
6.57093 	-26.4641
6.57333 	-26.4385
6.57572 	-26.4128
6.57812 	-26.3869
6.58052 	-26.361
6.58292 	-26.335
6.58532 	-26.3089
6.58771 	-26.2828
6.59011 	-26.2565
6.59251 	-26.2301
6.59491 	-26.2037
6.59731 	-26.1771
6.5997 	-26.1505
6.6021 	-26.1237
6.6045 	-26.0969
6.6069 	-26.07
6.6093 	-26.043
6.61169 	-26.0158
6.61409 	-25.9886
6.61649 	-25.9614
6.61889 	-25.934
6.62129 	-25.9065
6.62368 	-25.8789
6.62608 	-25.8513
6.62848 	-25.8235
6.63088 	-25.7957
6.63328 	-25.7678
6.63567 	-25.7397
6.63807 	-25.7116
6.64047 	-25.6834
6.64287 	-25.6551
6.64527 	-25.6267
6.64766 	-25.5982
6.65006 	-25.5696
6.65246 	-25.541
6.65486 	-25.5122
6.65726 	-25.4833
6.65965 	-25.4544
6.66205 	-25.4254
6.66445 	-25.3962
6.66685 	-25.367
6.66925 	-25.3377
6.67164 	-25.3083
6.67404 	-25.2788
6.67644 	-25.2492
6.67884 	-25.2195
6.68124 	-25.1897
6.68363 	-25.1599
6.68603 	-25.1299
6.68843 	-25.0999
6.69083 	-25.0697
6.69323 	-25.0395
6.69562 	-25.0091
6.69802 	-24.9787
6.70042 	-24.9482
6.70282 	-24.9176
6.70522 	-24.8869
6.70761 	-24.8561
6.71001 	-24.8253
6.71241 	-24.7943
6.71481 	-24.7632
6.71721 	-24.7321
6.7196 	-24.7009
6.722 	-24.6695
6.7244 	-24.6381
6.7268 	-24.6066
6.7292 	-24.575
6.73159 	-24.5433
6.73399 	-24.5115
6.73639 	-24.4796
6.73879 	-24.4477
6.74119 	-24.4156
6.74358 	-24.3834
6.74598 	-24.3512
6.74838 	-24.3189
6.75078 	-24.2865
6.75318 	-24.2539
6.75557 	-24.2213
6.75797 	-24.1887
6.76037 	-24.1559
6.76277 	-24.123
6.76517 	-24.09
6.76756 	-24.057
6.76996 	-24.0238
6.77236 	-23.9906
6.77476 	-23.9573
6.77716 	-23.9239
6.77955 	-23.8904
6.78195 	-23.8568
6.78435 	-23.8231
6.78675 	-23.7893
6.78915 	-23.7555
6.79154 	-23.7215
6.79394 	-23.6875
6.79634 	-23.6534
6.79874 	-23.6192
6.80114 	-23.5849
6.80353 	-23.5505
6.80593 	-23.516
6.80833 	-23.4814
6.81073 	-23.4468
6.81313 	-23.4121
6.81552 	-23.3772
6.81792 	-23.3423
6.82032 	-23.3073
6.82272 	-23.2722
6.82512 	-23.237
6.82751 	-23.2018
6.82991 	-23.1664
6.83231 	-23.131
6.83471 	-23.0954
6.83711 	-23.0598
6.8395 	-23.0241
6.8419 	-22.9883
6.8443 	-22.9525
6.8467 	-22.9165
6.8491 	-22.8805
6.85149 	-22.8443
6.85389 	-22.8081
6.85629 	-22.7718
6.85869 	-22.7354
6.86109 	-22.699
6.86348 	-22.6624
6.86588 	-22.6257
6.86828 	-22.589
6.87068 	-22.5522
6.87308 	-22.5153
6.87547 	-22.4783
6.87787 	-22.4413
6.88027 	-22.4041
6.88267 	-22.3669
6.88507 	-22.3295
6.88746 	-22.2921
6.88986 	-22.2547
6.89226 	-22.2171
6.89466 	-22.1794
6.89706 	-22.1417
6.89945 	-22.1039
6.90185 	-22.066
6.90425 	-22.028
6.90665 	-21.9899
6.90905 	-21.9518
6.91144 	-21.9136
6.91384 	-21.8752
6.91624 	-21.8369
6.91864 	-21.7984
6.92104 	-21.7598
6.92343 	-21.7212
6.92583 	-21.6825
6.92823 	-21.6437
6.93063 	-21.6048
6.93303 	-21.5658
6.93542 	-21.5268
6.93782 	-21.4877
6.94022 	-21.4485
6.94262 	-21.4092
6.94502 	-21.3699
6.94741 	-21.3304
6.94981 	-21.2909
6.95221 	-21.2513
6.95461 	-21.2116
6.95701 	-21.1719
6.9594 	-21.1321
6.9618 	-21.0922
6.9642 	-21.0522
6.9666 	-21.0121
6.969 	-20.972
6.97139 	-20.9318
6.97379 	-20.8915
6.97619 	-20.8511
6.97859 	-20.8107
6.98099 	-20.7702
6.98338 	-20.7296
6.98578 	-20.6889
6.98818 	-20.6482
6.99058 	-20.6073
6.99298 	-20.5665
6.99537 	-20.5255
6.99777 	-20.4844
7.00017 	-20.4433
7.00257 	-20.4021
7.00497 	-20.3609
7.00736 	-20.3195
7.00976 	-20.2781
7.01216 	-20.2367
7.01456 	-20.1951
7.01696 	-20.1535
7.01935 	-20.1118
7.02175 	-20.07
7.02415 	-20.0282
7.02655 	-19.9863
7.02895 	-19.9443
7.03134 	-19.9022
7.03374 	-19.8601
7.03614 	-19.8179
7.03854 	-19.7756
7.04094 	-19.7333
7.04333 	-19.6909
7.04573 	-19.6484
7.04813 	-19.6059
7.05053 	-19.5633
7.05293 	-19.5206
7.05532 	-19.4778
7.05772 	-19.435
7.06012 	-19.3922
7.06252 	-19.3492
7.06492 	-19.3062
7.06731 	-19.2631
7.06971 	-19.22
7.07211 	-19.1767
7.07451 	-19.1335
7.07691 	-19.0901
7.0793 	-19.0467
7.0817 	-19.0032
7.0841 	-18.9597
7.0865 	-18.9161
7.0889 	-18.8724
7.09129 	-18.8287
7.09369 	-18.7849
7.09609 	-18.741
7.09849 	-18.6971
7.10089 	-18.6531
7.10328 	-18.6091
7.10568 	-18.565
7.10808 	-18.5208
7.11048 	-18.4766
7.11288 	-18.4323
7.11527 	-18.388
7.11767 	-18.3435
7.12007 	-18.2991
7.12247 	-18.2545
7.12487 	-18.21
7.12726 	-18.1653
7.12966 	-18.1206
7.13206 	-18.0758
7.13446 	-18.031
7.13686 	-17.9861
7.13925 	-17.9412
7.14165 	-17.8962
7.14405 	-17.8511
7.14645 	-17.806
7.14885 	-17.7609
7.15124 	-17.7157
7.15364 	-17.6704
7.15604 	-17.625
7.15844 	-17.5797
7.16084 	-17.5342
7.16323 	-17.4887
7.16563 	-17.4432
7.16803 	-17.3976
7.17043 	-17.3519
7.17283 	-17.3062
7.17522 	-17.2605
7.17762 	-17.2147
7.18002 	-17.1688
7.18242 	-17.1229
7.18482 	-17.0769
7.18721 	-17.0309
7.18961 	-16.9848
7.19201 	-16.9387
7.19441 	-16.8926
7.19681 	-16.8463
7.1992 	-16.8001
7.2016 	-16.7538
7.204 	-16.7074
7.2064 	-16.661
7.2088 	-16.6146
7.21119 	-16.5681
7.21359 	-16.5215
7.21599 	-16.4749
7.21839 	-16.4283
7.22079 	-16.3816
7.22318 	-16.3349
7.22558 	-16.2881
7.22798 	-16.2413
7.23038 	-16.1944
7.23278 	-16.1475
7.23517 	-16.1005
7.23757 	-16.0536
7.23997 	-16.0065
7.24237 	-15.9594
7.24477 	-15.9123
7.24716 	-15.8652
7.24956 	-15.818
7.25196 	-15.7707
7.25436 	-15.7234
7.25676 	-15.6761
7.25915 	-15.6287
7.26155 	-15.5813
7.26395 	-15.5339
7.26635 	-15.4864
7.26875 	-15.4389
7.27114 	-15.3913
7.27354 	-15.3438
7.27594 	-15.2961
7.27834 	-15.2485
7.28074 	-15.2008
7.28313 	-15.153
7.28553 	-15.1052
7.28793 	-15.0574
7.29033 	-15.0096
7.29273 	-14.9617
7.29512 	-14.9138
7.29752 	-14.8659
7.29992 	-14.8179
7.30232 	-14.7699
7.30472 	-14.7218
7.30711 	-14.6738
7.30951 	-14.6257
7.31191 	-14.5775
7.31431 	-14.5294
7.31671 	-14.4812
7.3191 	-14.4329
7.3215 	-14.3847
7.3239 	-14.3364
7.3263 	-14.2881
7.3287 	-14.2397
7.33109 	-14.1914
7.33349 	-14.143
7.33589 	-14.0945
7.33829 	-14.0461
7.34069 	-13.9976
7.34308 	-13.9491
7.34548 	-13.9006
7.34788 	-13.852
7.35028 	-13.8034
7.35268 	-13.7548
7.35507 	-13.7062
7.35747 	-13.6576
7.35987 	-13.6089
7.36227 	-13.5602
7.36467 	-13.5115
7.36706 	-13.4627
7.36946 	-13.414
7.37186 	-13.3652
7.37426 	-13.3164
7.37666 	-13.2676
7.37905 	-13.2187
7.38145 	-13.1699
7.38385 	-13.121
7.38625 	-13.0721
7.38865 	-13.0232
7.39104 	-12.9742
7.39344 	-12.9253
7.39584 	-12.8763
7.39824 	-12.8273
7.40064 	-12.7783
7.40303 	-12.7293
7.40543 	-12.6803
7.40783 	-12.6312
7.41023 	-12.5822
7.41263 	-12.5331
7.41502 	-12.484
7.41742 	-12.4349
7.41982 	-12.3858
7.42222 	-12.3367
7.42462 	-12.2875
7.42701 	-12.2384
7.42941 	-12.1892
7.43181 	-12.14
7.43421 	-12.0909
7.43661 	-12.0417
7.439 	-11.9925
7.4414 	-11.9432
7.4438 	-11.894
7.4462 	-11.8448
7.4486 	-11.7956
7.45099 	-11.7463
7.45339 	-11.6971
7.45579 	-11.6478
7.45819 	-11.5985
7.46059 	-11.5493
7.46298 	-11.5
7.46538 	-11.4507
7.46778 	-11.4014
7.47018 	-11.3521
7.47258 	-11.3028
7.47497 	-11.2535
7.47737 	-11.2042
7.47977 	-11.1549
7.48217 	-11.1055
7.48457 	-11.0562
7.48696 	-11.0069
7.48936 	-10.9575
7.49176 	-10.9081
7.49416 	-10.8588
7.49656 	-10.8094
7.49895 	-10.76
7.50135 	-10.7107
7.50375 	-10.6613
7.50615 	-10.6119
7.50855 	-10.5625
7.51094 	-10.5131
7.51334 	-10.4638
7.51574 	-10.4144
7.51814 	-10.365
7.52054 	-10.3156
7.52293 	-10.2662
7.52533 	-10.2168
7.52773 	-10.1674
7.53013 	-10.1181
7.53253 	-10.0687
7.53492 	-10.0193
7.53732 	-9.96991
7.53972 	-9.92054
7.54212 	-9.87117
7.54452 	-9.8218
7.54691 	-9.77243
7.54931 	-9.72308
7.55171 	-9.67372
7.55411 	-9.62437
7.55651 	-9.57503
7.5589 	-9.52569
7.5613 	-9.47636
7.5637 	-9.42704
7.5661 	-9.37773
7.5685 	-9.32842
7.57089 	-9.27912
7.57329 	-9.22983
7.57569 	-9.18055
7.57809 	-9.13128
7.58049 	-9.08201
7.58288 	-9.03276
7.58528 	-8.98352
7.58768 	-8.93429
7.59008 	-8.88507
7.59248 	-8.83586
7.59487 	-8.78667
7.59727 	-8.73749
7.59967 	-8.68832
7.60207 	-8.63916
7.60447 	-8.59002
7.60686 	-8.54089
7.60926 	-8.49178
7.61166 	-8.44268
7.61406 	-8.3936
7.61646 	-8.34453
7.61885 	-8.29548
7.62125 	-8.24645
7.62365 	-8.19743
7.62605 	-8.14843
7.62845 	-8.09945
7.63084 	-8.05048
7.63324 	-8.00154
7.63564 	-7.95261
7.63804 	-7.9037
7.64044 	-7.85482
7.64283 	-7.80595
7.64523 	-7.7571
7.64763 	-7.70827
7.65003 	-7.65947
7.65243 	-7.61068
7.65482 	-7.56192
7.65722 	-7.51318
7.65962 	-7.46446
7.66202 	-7.41577
7.66442 	-7.3671
7.66681 	-7.31845
7.66921 	-7.26983
7.67161 	-7.22123
7.67401 	-7.17265
7.67641 	-7.12411
7.6788 	-7.07558
7.6812 	-7.02709
7.6836 	-6.97861
7.686 	-6.93017
7.6884 	-6.88175
7.69079 	-6.83336
7.69319 	-6.785
7.69559 	-6.73667
7.69799 	-6.68836
7.70039 	-6.64009
7.70278 	-6.59184
7.70518 	-6.54362
7.70758 	-6.49543
7.70998 	-6.44728
7.71238 	-6.39915
7.71477 	-6.35105
7.71717 	-6.30299
7.71957 	-6.25496
7.72197 	-6.20695
7.72437 	-6.15899
7.72676 	-6.11105
7.72916 	-6.06315
7.73156 	-6.01528
7.73396 	-5.96744
7.73636 	-5.91964
7.73875 	-5.87187
7.74115 	-5.82414
7.74355 	-5.77644
7.74595 	-5.72878
7.74835 	-5.68116
7.75074 	-5.63357
7.75314 	-5.58601
7.75554 	-5.5385
7.75794 	-5.49102
7.76034 	-5.44357
7.76273 	-5.39617
7.76513 	-5.3488
7.76753 	-5.30148
7.76993 	-5.25419
7.77233 	-5.20694
7.77472 	-5.15973
7.77712 	-5.11256
7.77952 	-5.06542
7.78192 	-5.01833
7.78432 	-4.97128
7.78671 	-4.92428
7.78911 	-4.87731
7.79151 	-4.83038
7.79391 	-4.7835
7.79631 	-4.73666
7.7987 	-4.68986
7.8011 	-4.6431
7.8035 	-4.59639
7.8059 	-4.54972
7.8083 	-4.50309
7.81069 	-4.45651
7.81309 	-4.40997
7.81549 	-4.36348
7.81789 	-4.31703
7.82029 	-4.27063
7.82268 	-4.22427
7.82508 	-4.17796
7.82748 	-4.1317
7.82988 	-4.08548
7.83228 	-4.03931
7.83467 	-3.99319
7.83707 	-3.94711
7.83947 	-3.90108
7.84187 	-3.8551
7.84427 	-3.80916
7.84666 	-3.76328
7.84906 	-3.71744
7.85146 	-3.67166
7.85386 	-3.62592
7.85626 	-3.58023
7.85865 	-3.53459
7.86105 	-3.489
7.86345 	-3.44347
7.86585 	-3.39798
7.86825 	-3.35254
7.87064 	-3.30716
7.87304 	-3.26183
7.87544 	-3.21655
7.87784 	-3.17132
7.88024 	-3.12614
7.88263 	-3.08101
7.88503 	-3.03594
7.88743 	-2.99093
7.88983 	-2.94596
7.89223 	-2.90105
7.89462 	-2.85619
7.89702 	-2.81139
7.89942 	-2.76664
7.90182 	-2.72194
7.90422 	-2.6773
7.90661 	-2.63272
7.90901 	-2.58819
7.91141 	-2.54372
7.91381 	-2.4993
7.91621 	-2.45494
7.9186 	-2.41063
7.921 	-2.36639
7.9234 	-2.32219
7.9258 	-2.27806
7.9282 	-2.23398
7.93059 	-2.18996
7.93299 	-2.146
7.93539 	-2.1021
7.93779 	-2.05825
7.94019 	-2.01446
7.94258 	-1.97073
7.94498 	-1.92706
7.94738 	-1.88345
7.94978 	-1.8399
7.95218 	-1.79641
7.95457 	-1.75298
7.95697 	-1.70961
7.95937 	-1.6663
7.96177 	-1.62304
7.96417 	-1.57985
7.96656 	-1.53672
7.96896 	-1.49366
7.97136 	-1.45065
7.97376 	-1.4077
7.97616 	-1.36482
7.97855 	-1.322
7.98095 	-1.27924
7.98335 	-1.23654
7.98575 	-1.1939
7.98815 	-1.15133
7.99054 	-1.10882
7.99294 	-1.06637
7.99534 	-1.02399
7.99774 	-0.981672
8.00014 	-0.939416
8.00253 	-0.897223
8.00493 	-0.855095
8.00733 	-0.813031
8.00973 	-0.771032
8.01213 	-0.729097
8.01452 	-0.687227
8.01692 	-0.645422
8.01932 	-0.603682
8.02172 	-0.562007
8.02412 	-0.520398
8.02651 	-0.478854
8.02891 	-0.437377
8.03131 	-0.395965
8.03371 	-0.35462
8.03611 	-0.313341
8.0385 	-0.272128
8.0409 	-0.230982
8.0433 	-0.189903
8.0457 	-0.148891
8.0481 	-0.107947
8.05049 	-0.0670692
8.05289 	-0.0262593
8.05529 	0.0144829
8.05769 	0.0551574
8.06009 	0.0957638
8.06248 	0.136302
8.06488 	0.176772
8.06728 	0.217174
8.06968 	0.257507
8.07208 	0.297771
8.07447 	0.337967
8.07687 	0.378093
8.07927 	0.41815
8.08167 	0.458139
8.08407 	0.498057
8.08646 	0.537906
8.08886 	0.577685
8.09126 	0.617395
8.09366 	0.657034
8.09606 	0.696604
8.09845 	0.736103
8.10085 	0.775532
8.10325 	0.81489
8.10565 	0.854178
8.10805 	0.893395
8.11044 	0.932541
8.11284 	0.971616
8.11524 	1.01062
8.11764 	1.04955
8.12004 	1.08841
8.12243 	1.1272
8.12483 	1.16592
8.12723 	1.20457
8.12963 	1.24314
8.13203 	1.28165
8.13442 	1.32008
8.13682 	1.35844
8.13922 	1.39672
8.14162 	1.43494
8.14402 	1.47308
8.14641 	1.51115
8.14881 	1.54915
8.15121 	1.58707
8.15361 	1.62492
8.15601 	1.6627
8.1584 	1.7004
8.1608 	1.73803
8.1632 	1.77559
8.1656 	1.81308
8.168 	1.85049
8.17039 	1.88783
8.17279 	1.92509
8.17519 	1.96229
8.17759 	1.9994
8.17999 	2.03645
8.18238 	2.07342
8.18478 	2.11031
8.18718 	2.14713
8.18958 	2.18388
8.19198 	2.22055
8.19437 	2.25715
8.19677 	2.29368
8.19917 	2.33013
8.20157 	2.3665
8.20397 	2.4028
8.20636 	2.43903
8.20876 	2.47518
8.21116 	2.51126
8.21356 	2.54726
8.21596 	2.58319
8.21835 	2.61904
8.22075 	2.65482
8.22315 	2.69052
8.22555 	2.72614
8.22795 	2.7617
8.23034 	2.79717
8.23274 	2.83257
8.23514 	2.8679
8.23754 	2.90315
8.23994 	2.93832
8.24233 	2.97342
8.24473 	3.00845
8.24713 	3.04339
8.24953 	3.07827
8.25193 	3.11306
8.25432 	3.14778
8.25672 	3.18243
8.25912 	3.217
8.26152 	3.25149
8.26392 	3.28591
8.26631 	3.32025
8.26871 	3.35451
8.27111 	3.3887
8.27351 	3.42282
8.27591 	3.45685
8.2783 	3.49082
8.2807 	3.5247
8.2831 	3.55851
8.2855 	3.59224
8.2879 	3.6259
8.29029 	3.65948
8.29269 	3.69298
8.29509 	3.72641
8.29749 	3.75976
8.29989 	3.79304
8.30228 	3.82623
8.30468 	3.85936
8.30708 	3.8924
8.30948 	3.92537
8.31188 	3.95826
8.31427 	3.99108
8.31667 	4.02382
8.31907 	4.05648
8.32147 	4.08907
8.32387 	4.12158
8.32626 	4.15401
8.32866 	4.18637
8.33106 	4.21865
8.33346 	4.25086
8.33586 	4.28299
8.33825 	4.31504
8.34065 	4.34701
8.34305 	4.37891
8.34545 	4.41073
8.34785 	4.44248
8.35024 	4.47415
8.35264 	4.50574
8.35504 	4.53726
8.35744 	4.56869
8.35984 	4.60006
8.36223 	4.63134
8.36463 	4.66255
8.36703 	4.69369
8.36943 	4.72474
8.37183 	4.75573
8.37422 	4.78663
8.37662 	4.81746
8.37902 	4.84821
8.38142 	4.87888
8.38382 	4.90948
8.38621 	4.94001
8.38861 	4.97045
8.39101 	5.00082
8.39341 	5.03111
8.39581 	5.06133
8.3982 	5.09147
8.4006 	5.12154
8.403 	5.15153
8.4054 	5.18144
8.4078 	5.21127
8.41019 	5.24103
8.41259 	5.27072
8.41499 	5.30033
8.41739 	5.32986
8.41979 	5.35932
8.42218 	5.3887
8.42458 	5.418
8.42698 	5.44723
8.42938 	5.47638
8.43178 	5.50546
8.43417 	5.53446
8.43657 	5.56338
8.43897 	5.59223
8.44137 	5.62101
8.44377 	5.6497
8.44616 	5.67833
8.44856 	5.70687
8.45096 	5.73535
8.45336 	5.76374
8.45576 	5.79206
8.45815 	5.82031
8.46055 	5.84848
8.46295 	5.87657
8.46535 	5.90459
8.46775 	5.93254
8.47014 	5.96041
8.47254 	5.9882
8.47494 	6.01592
8.47734 	6.04356
8.47974 	6.07113
8.48213 	6.09863
8.48453 	6.12605
8.48693 	6.15339
8.48933 	6.18066
8.49173 	6.20786
8.49412 	6.23498
8.49652 	6.26203
8.49892 	6.289
8.50132 	6.31589
8.50372 	6.34272
8.50611 	6.36947
8.50851 	6.39614
8.51091 	6.42274
8.51331 	6.44927
8.51571 	6.47572
8.5181 	6.5021
8.5205 	6.5284
8.5229 	6.55464
8.5253 	6.58079
8.5277 	6.60688
8.53009 	6.63289
8.53249 	6.65882
8.53489 	6.68468
8.53729 	6.71047
8.53969 	6.73619
8.54208 	6.76183
8.54448 	6.7874
8.54688 	6.8129
8.54928 	6.83832
8.55168 	6.86367
8.55407 	6.88895
8.55647 	6.91415
8.55887 	6.93928
8.56127 	6.96434
8.56367 	6.98933
8.56606 	7.01424
8.56846 	7.03908
8.57086 	7.06385
8.57326 	7.08855
8.57566 	7.11317
8.57805 	7.13773
8.58045 	7.16221
8.58285 	7.18662
8.58525 	7.21095
8.58765 	7.23522
8.59004 	7.25941
8.59244 	7.28353
8.59484 	7.30758
8.59724 	7.33156
8.59964 	7.35547
8.60203 	7.3793
8.60443 	7.40307
8.60683 	7.42676
8.60923 	7.45038
8.61163 	7.47393
8.61402 	7.49741
8.61642 	7.52082
8.61882 	7.54416
8.62122 	7.56743
8.62362 	7.59063
8.62601 	7.61376
8.62841 	7.63681
8.63081 	7.6598
8.63321 	7.68272
8.63561 	7.70557
8.638 	7.72834
8.6404 	7.75105
8.6428 	7.77369
8.6452 	7.79626
8.6476 	7.81875
8.64999 	7.84118
8.65239 	7.86354
8.65479 	7.88583
8.65719 	7.90805
8.65959 	7.93021
8.66198 	7.95229
8.66438 	7.9743
8.66678 	7.99625
8.66918 	8.01812
8.67158 	8.03993
8.67397 	8.06167
8.67637 	8.08334
8.67877 	8.10495
8.68117 	8.12648
8.68357 	8.14795
8.68596 	8.16935
8.68836 	8.19068
8.69076 	8.21194
8.69316 	8.23314
8.69556 	8.25427
8.69795 	8.27533
8.70035 	8.29632
8.70275 	8.31725
8.70515 	8.33811
8.70755 	8.3589
8.70994 	8.37962
8.71234 	8.40028
8.71474 	8.42087
8.71714 	8.4414
8.71954 	8.46186
8.72193 	8.48225
8.72433 	8.50258
8.72673 	8.52284
8.72913 	8.54303
8.73153 	8.56316
8.73392 	8.58322
8.73632 	8.60322
8.73872 	8.62315
8.74112 	8.64301
8.74352 	8.66281
8.74591 	8.68255
8.74831 	8.70222
8.75071 	8.72182
8.75311 	8.74136
8.75551 	8.76083
8.7579 	8.78024
8.7603 	8.79959
8.7627 	8.81887
8.7651 	8.83809
8.7675 	8.85724
8.76989 	8.87633
8.77229 	8.89535
8.77469 	8.91431
8.77709 	8.93321
8.77949 	8.95204
8.78188 	8.97081
8.78428 	8.98952
8.78668 	9.00816
8.78908 	9.02674
8.79148 	9.04525
8.79387 	9.06371
8.79627 	9.0821
8.79867 	9.10042
8.80107 	9.11869
8.80347 	9.13689
8.80586 	9.15503
8.80826 	9.17311
8.81066 	9.19112
8.81306 	9.20908
8.81546 	9.22697
8.81785 	9.2448
8.82025 	9.26257
8.82265 	9.28027
8.82505 	9.29792
8.82745 	9.3155
8.82984 	9.33302
8.83224 	9.35049
8.83464 	9.36789
8.83704 	9.38522
8.83944 	9.4025
8.84183 	9.41972
8.84423 	9.43688
8.84663 	9.45398
8.84903 	9.47101
8.85143 	9.48799
8.85382 	9.50491
8.85622 	9.52176
8.85862 	9.53856
8.86102 	9.5553
8.86342 	9.57198
8.86581 	9.5886
8.86821 	9.60515
8.87061 	9.62165
8.87301 	9.6381
8.87541 	9.65448
8.8778 	9.6708
8.8802 	9.68707
8.8826 	9.70327
8.885 	9.71942
8.8874 	9.73551
8.88979 	9.75154
8.89219 	9.76751
8.89459 	9.78343
8.89699 	9.79929
8.89939 	9.81509
8.90178 	9.83083
8.90418 	9.84651
8.90658 	9.86214
8.90898 	9.87771
8.91138 	9.89322
8.91377 	9.90868
8.91617 	9.92408
8.91857 	9.93942
8.92097 	9.95471
8.92337 	9.96993
8.92576 	9.98511
8.92816 	10.0002
8.93056 	10.0153
8.93296 	10.0303
8.93536 	10.0452
8.93775 	10.0601
8.94015 	10.075
8.94255 	10.0898
8.94495 	10.1045
8.94735 	10.1191
8.94974 	10.1338
8.95214 	10.1483
8.95454 	10.1628
8.95694 	10.1773
8.95934 	10.1917
8.96173 	10.206
8.96413 	10.2203
8.96653 	10.2345
8.96893 	10.2487
8.97133 	10.2629
8.97372 	10.2769
8.97612 	10.2909
8.97852 	10.3049
8.98092 	10.3188
8.98332 	10.3327
8.98571 	10.3465
8.98811 	10.3602
8.99051 	10.3739
8.99291 	10.3876
8.99531 	10.4012
8.9977 	10.4147
9.0001 	10.4282
9.0025 	10.4416
9.0049 	10.455
9.0073 	10.4684
9.00969 	10.4816
9.01209 	10.4949
9.01449 	10.508
9.01689 	10.5212
9.01929 	10.5342
9.02168 	10.5472
9.02408 	10.5602
9.02648 	10.5731
9.02888 	10.586
9.03128 	10.5988
9.03367 	10.6116
9.03607 	10.6243
9.03847 	10.637
9.04087 	10.6496
9.04327 	10.6621
9.04566 	10.6747
9.04806 	10.6871
9.05046 	10.6995
9.05286 	10.7119
9.05526 	10.7242
9.05765 	10.7365
9.06005 	10.7487
9.06245 	10.7609
9.06485 	10.773
9.06725 	10.785
9.06964 	10.7971
9.07204 	10.809
9.07444 	10.821
9.07684 	10.8328
9.07924 	10.8447
9.08163 	10.8564
9.08403 	10.8682
9.08643 	10.8798
9.08883 	10.8915
9.09123 	10.9031
9.09362 	10.9146
9.09602 	10.9261
9.09842 	10.9375
9.10082 	10.9489
9.10322 	10.9603
9.10561 	10.9716
9.10801 	10.9828
9.11041 	10.994
9.11281 	11.0052
9.11521 	11.0163
9.1176 	11.0274
9.12 	11.0384
9.1224 	11.0494
9.1248 	11.0603
9.1272 	11.0712
9.12959 	11.082
9.13199 	11.0928
9.13439 	11.1035
9.13679 	11.1142
9.13919 	11.1249
9.14158 	11.1355
9.14398 	11.1461
9.14638 	11.1566
9.14878 	11.167
9.15118 	11.1775
9.15357 	11.1879
9.15597 	11.1982
9.15837 	11.2085
9.16077 	11.2187
9.16317 	11.2289
9.16556 	11.2391
9.16796 	11.2492
9.17036 	11.2593
9.17276 	11.2693
9.17516 	11.2793
9.17755 	11.2893
9.17995 	11.2992
9.18235 	11.309
9.18475 	11.3188
9.18715 	11.3286
9.18954 	11.3383
9.19194 	11.348
9.19434 	11.3577
9.19674 	11.3673
9.19914 	11.3768
9.20153 	11.3863
9.20393 	11.3958
9.20633 	11.4052
9.20873 	11.4146
9.21113 	11.424
9.21352 	11.4333
9.21592 	11.4425
9.21832 	11.4517
9.22072 	11.4609
9.22312 	11.4701
9.22551 	11.4792
9.22791 	11.4882
9.23031 	11.4972
9.23271 	11.5062
9.23511 	11.5151
9.2375 	11.524
9.2399 	11.5329
9.2423 	11.5417
9.2447 	11.5505
9.2471 	11.5592
9.24949 	11.5679
9.25189 	11.5765
9.25429 	11.5852
9.25669 	11.5937
9.25909 	11.6023
9.26148 	11.6108
9.26388 	11.6192
9.26628 	11.6276
9.26868 	11.636
9.27108 	11.6443
9.27347 	11.6526
9.27587 	11.6609
9.27827 	11.6691
9.28067 	11.6773
9.28307 	11.6854
9.28546 	11.6935
9.28786 	11.7016
9.29026 	11.7096
9.29266 	11.7176
9.29506 	11.7256
9.29745 	11.7335
9.29985 	11.7414
9.30225 	11.7492
9.30465 	11.757
9.30705 	11.7648
9.30944 	11.7725
9.31184 	11.7802
9.31424 	11.7879
9.31664 	11.7955
9.31904 	11.803
9.32143 	11.8106
9.32383 	11.8181
9.32623 	11.8256
9.32863 	11.833
9.33103 	11.8404
9.33342 	11.8478
9.33582 	11.8551
9.33822 	11.8624
9.34062 	11.8696
9.34302 	11.8768
9.34541 	11.884
9.34781 	11.8912
9.35021 	11.8983
9.35261 	11.9053
9.35501 	11.9124
9.3574 	11.9194
9.3598 	11.9264
9.3622 	11.9333
9.3646 	11.9402
9.367 	11.9471
9.36939 	11.9539
9.37179 	11.9607
9.37419 	11.9674
9.37659 	11.9742
9.37899 	11.9809
9.38138 	11.9875
9.38378 	11.9942
9.38618 	12.0007
9.38858 	12.0073
9.39098 	12.0138
9.39337 	12.0203
9.39577 	12.0268
9.39817 	12.0332
9.40057 	12.0396
9.40297 	12.0459
9.40536 	12.0523
9.40776 	12.0586
9.41016 	12.0648
9.41256 	12.071
9.41496 	12.0772
9.41735 	12.0834
9.41975 	12.0895
9.42215 	12.0956
9.42455 	12.1017
9.42695 	12.1077
9.42934 	12.1137
9.43174 	12.1197
9.43414 	12.1256
9.43654 	12.1315
9.43894 	12.1374
9.44133 	12.1432
9.44373 	12.149
9.44613 	12.1548
9.44853 	12.1605
9.45093 	12.1663
9.45332 	12.1719
9.45572 	12.1776
9.45812 	12.1832
9.46052 	12.1888
9.46292 	12.1944
9.46531 	12.1999
9.46771 	12.2054
9.47011 	12.2109
9.47251 	12.2163
9.47491 	12.2217
9.4773 	12.2271
9.4797 	12.2324
9.4821 	12.2378
9.4845 	12.243
9.4869 	12.2483
9.48929 	12.2535
9.49169 	12.2587
9.49409 	12.2639
9.49649 	12.269
9.49889 	12.2741
9.50128 	12.2792
9.50368 	12.2843
9.50608 	12.2893
9.50848 	12.2943
9.51088 	12.2993
9.51327 	12.3042
9.51567 	12.3091
9.51807 	12.314
9.52047 	12.3188
9.52287 	12.3237
9.52526 	12.3285
9.52766 	12.3332
9.53006 	12.338
9.53246 	12.3427
9.53486 	12.3474
9.53725 	12.352
9.53965 	12.3566
9.54205 	12.3612
9.54445 	12.3658
9.54685 	12.3703
9.54924 	12.3749
9.55164 	12.3794
9.55404 	12.3838
9.55644 	12.3882
9.55884 	12.3927
9.56123 	12.397
9.56363 	12.4014
9.56603 	12.4057
9.56843 	12.41
9.57083 	12.4143
9.57322 	12.4185
9.57562 	12.4228
9.57802 	12.427
9.58042 	12.4311
9.58282 	12.4353
9.58521 	12.4394
9.58761 	12.4435
9.59001 	12.4475
9.59241 	12.4516
9.59481 	12.4556
9.5972 	12.4596
9.5996 	12.4635
9.602 	12.4675
9.6044 	12.4714
9.6068 	12.4753
9.60919 	12.4791
9.61159 	12.483
9.61399 	12.4868
9.61639 	12.4906
9.61879 	12.4943
9.62118 	12.4981
9.62358 	12.5018
9.62598 	12.5055
9.62838 	12.5091
9.63078 	12.5128
9.63317 	12.5164
9.63557 	12.52
9.63797 	12.5235
9.64037 	12.5271
9.64277 	12.5306
9.64516 	12.5341
9.64756 	12.5375
9.64996 	12.541
9.65236 	12.5444
9.65476 	12.5478
9.65715 	12.5512
9.65955 	12.5545
9.66195 	12.5579
9.66435 	12.5612
9.66675 	12.5644
9.66914 	12.5677
9.67154 	12.5709
9.67394 	12.5741
9.67634 	12.5773
9.67874 	12.5805
9.68113 	12.5836
9.68353 	12.5867
9.68593 	12.5898
9.68833 	12.5929
9.69073 	12.596
9.69312 	12.599
9.69552 	12.602
9.69792 	12.605
9.70032 	12.6079
9.70272 	12.6109
9.70511 	12.6138
9.70751 	12.6167
9.70991 	12.6196
9.71231 	12.6224
9.71471 	12.6253
9.7171 	12.6281
9.7195 	12.6308
9.7219 	12.6336
9.7243 	12.6364
9.7267 	12.6391
9.72909 	12.6418
9.73149 	12.6445
9.73389 	12.6471
9.73629 	12.6498
9.73869 	12.6524
9.74108 	12.655
9.74348 	12.6575
9.74588 	12.6601
9.74828 	12.6626
9.75068 	12.6651
9.75307 	12.6676
9.75547 	12.6701
9.75787 	12.6726
9.76027 	12.675
9.76267 	12.6774
9.76506 	12.6798
9.76746 	12.6822
9.76986 	12.6845
9.77226 	12.6868
9.77466 	12.6891
9.77705 	12.6914
9.77945 	12.6937
9.78185 	12.696
9.78425 	12.6982
9.78665 	12.7004
9.78904 	12.7026
9.79144 	12.7048
9.79384 	12.7069
9.79624 	12.709
9.79864 	12.7112
9.80103 	12.7133
9.80343 	12.7153
9.80583 	12.7174
9.80823 	12.7194
9.81063 	12.7214
9.81302 	12.7234
9.81542 	12.7254
9.81782 	12.7274
9.82022 	12.7293
9.82262 	12.7313
9.82501 	12.7332
9.82741 	12.7351
9.82981 	12.7369
9.83221 	12.7388
9.83461 	12.7406
9.837 	12.7424
9.8394 	12.7442
9.8418 	12.746
9.8442 	12.7478
9.8466 	12.7495
9.84899 	12.7512
9.85139 	12.7529
9.85379 	12.7546
9.85619 	12.7563
9.85859 	12.7579
9.86098 	12.7596
9.86338 	12.7612
9.86578 	12.7628
9.86818 	12.7644
9.87058 	12.766
9.87297 	12.7675
9.87537 	12.769
9.87777 	12.7705
9.88017 	12.772
9.88257 	12.7735
9.88496 	12.775
9.88736 	12.7764
9.88976 	12.7779
9.89216 	12.7793
9.89456 	12.7807
9.89695 	12.7821
9.89935 	12.7834
9.90175 	12.7848
9.90415 	12.7861
9.90655 	12.7874
9.90894 	12.7887
9.91134 	12.79
9.91374 	12.7913
9.91614 	12.7925
9.91854 	12.7937
9.92093 	12.795
9.92333 	12.7962
9.92573 	12.7973
9.92813 	12.7985
9.93053 	12.7997
9.93292 	12.8008
9.93532 	12.8019
9.93772 	12.803
9.94012 	12.8041
9.94252 	12.8052
9.94491 	12.8062
9.94731 	12.8073
9.94971 	12.8083
9.95211 	12.8093
9.95451 	12.8103
9.9569 	12.8113
9.9593 	12.8123
9.9617 	12.8132
9.9641 	12.8142
9.9665 	12.8151
9.96889 	12.816
9.97129 	12.8169
9.97369 	12.8178
9.97609 	12.8186
9.97849 	12.8195
9.98088 	12.8203
9.98328 	12.8211
9.98568 	12.8219
9.98808 	12.8227
9.99048 	12.8235
9.99287 	12.8243
9.99527 	12.825
9.99767 	12.8257
10.0001 	12.8265
10.0025 	12.8272
10.0049 	12.8279
10.0073 	12.8285
10.0097 	12.8292
10.0121 	12.8298
10.0145 	12.8305
10.0169 	12.8311
10.0193 	12.8317
10.0216 	12.8323
10.024 	12.8329
10.0264 	12.8334
10.0288 	12.834
10.0312 	12.8345
10.0336 	12.8351
10.036 	12.8356
10.0384 	12.8361
10.0408 	12.8366
10.0432 	12.837
10.0456 	12.8375
10.048 	12.8379
10.0504 	12.8384
10.0528 	12.8388
10.0552 	12.8392
10.0576 	12.8396
10.06 	12.84
10.0624 	12.8403
10.0648 	12.8407
10.0672 	12.841
10.0696 	12.8413
10.072 	12.8417
10.0744 	12.842
10.0768 	12.8423
10.0792 	12.8425
10.0816 	12.8428
10.084 	12.843
10.0864 	12.8433
10.0888 	12.8435
10.0912 	12.8437
10.0936 	12.8439
10.096 	12.8441
10.0984 	12.8443
10.1008 	12.8445
10.1032 	12.8446
10.1056 	12.8448
10.108 	12.8449
10.1104 	12.845
10.1128 	12.8451
10.1152 	12.8452
10.1176 	12.8453
10.12 	12.8454
10.1224 	12.8454
10.1248 	12.8455
10.1272 	12.8455
10.1296 	12.8455
10.132 	12.8456
10.1344 	12.8456
10.1368 	12.8455
10.1392 	12.8455
10.1416 	12.8455
10.1439 	12.8454
10.1463 	12.8454
10.1487 	12.8453
10.1511 	12.8452
10.1535 	12.8452
10.1559 	12.8451
10.1583 	12.8449
10.1607 	12.8448
10.1631 	12.8447
10.1655 	12.8445
10.1679 	12.8444
10.1703 	12.8442
10.1727 	12.844
10.1751 	12.8439
10.1775 	12.8437
10.1799 	12.8435
10.1823 	12.8432
10.1847 	12.843
10.1871 	12.8428
10.1895 	12.8425
10.1919 	12.8422
10.1943 	12.842
10.1967 	12.8417
10.1991 	12.8414
10.2015 	12.8411
10.2039 	12.8408
10.2063 	12.8405
10.2087 	12.8401
10.2111 	12.8398
10.2135 	12.8394
10.2159 	12.8391
10.2183 	12.8387
10.2207 	12.8383
10.2231 	12.8379
10.2255 	12.8375
10.2279 	12.8371
10.2303 	12.8367
10.2327 	12.8362
10.2351 	12.8358
10.2375 	12.8353
10.2399 	12.8349
10.2423 	12.8344
10.2447 	12.8339
10.2471 	12.8334
10.2495 	12.8329
10.2519 	12.8324
10.2543 	12.8319
10.2567 	12.8314
10.2591 	12.8308
10.2614 	12.8303
10.2638 	12.8297
10.2662 	12.8291
10.2686 	12.8286
10.271 	12.828
10.2734 	12.8274
10.2758 	12.8268
10.2782 	12.8262
10.2806 	12.8256
10.283 	12.8249
10.2854 	12.8243
10.2878 	12.8236
10.2902 	12.823
10.2926 	12.8223
10.295 	12.8216
10.2974 	12.8209
10.2998 	12.8203
10.3022 	12.8196
10.3046 	12.8188
10.307 	12.8181
10.3094 	12.8174
10.3118 	12.8167
10.3142 	12.8159
10.3166 	12.8152
10.319 	12.8144
10.3214 	12.8136
10.3238 	12.8128
10.3262 	12.8121
10.3286 	12.8113
10.331 	12.8105
10.3334 	12.8096
10.3358 	12.8088
10.3382 	12.808
10.3406 	12.8072
10.343 	12.8063
10.3454 	12.8055
10.3478 	12.8046
10.3502 	12.8037
10.3526 	12.8029
10.355 	12.802
10.3574 	12.8011
10.3598 	12.8002
10.3622 	12.7993
10.3646 	12.7984
10.367 	12.7974
10.3694 	12.7965
10.3718 	12.7956
10.3742 	12.7946
10.3766 	12.7937
10.379 	12.7927
10.3813 	12.7917
10.3837 	12.7907
10.3861 	12.7898
10.3885 	12.7888
10.3909 	12.7878
10.3933 	12.7867
10.3957 	12.7857
10.3981 	12.7847
10.4005 	12.7837
10.4029 	12.7826
10.4053 	12.7816
10.4077 	12.7805
10.4101 	12.7795
10.4125 	12.7784
10.4149 	12.7773
10.4173 	12.7763
10.4197 	12.7752
10.4221 	12.7741
10.4245 	12.773
10.4269 	12.7719
10.4293 	12.7707
10.4317 	12.7696
10.4341 	12.7685
10.4365 	12.7674
10.4389 	12.7662
10.4413 	12.7651
10.4437 	12.7639
10.4461 	12.7627
10.4485 	12.7616
10.4509 	12.7604
10.4533 	12.7592
10.4557 	12.758
10.4581 	12.7568
10.4605 	12.7556
10.4629 	12.7544
10.4653 	12.7532
10.4677 	12.7519
10.4701 	12.7507
10.4725 	12.7495
10.4749 	12.7482
10.4773 	12.747
10.4797 	12.7457
10.4821 	12.7445
10.4845 	12.7432
10.4869 	12.7419
10.4893 	12.7406
10.4917 	12.7393
10.4941 	12.738
10.4965 	12.7367
10.4989 	12.7354
10.5013 	12.7341
10.5036 	12.7328
10.506 	12.7315
10.5084 	12.7301
10.5108 	12.7288
10.5132 	12.7275
10.5156 	12.7261
10.518 	12.7247
10.5204 	12.7234
10.5228 	12.722
10.5252 	12.7206
10.5276 	12.7193
10.53 	12.7179
10.5324 	12.7165
10.5348 	12.7151
10.5372 	12.7137
10.5396 	12.7123
10.542 	12.7109
10.5444 	12.7094
10.5468 	12.708
10.5492 	12.7066
10.5516 	12.7051
10.554 	12.7037
10.5564 	12.7022
10.5588 	12.7008
10.5612 	12.6993
10.5636 	12.6979
10.566 	12.6964
10.5684 	12.6949
10.5708 	12.6934
10.5732 	12.6919
10.5756 	12.6904
10.578 	12.689
10.5804 	12.6874
10.5828 	12.6859
10.5852 	12.6844
10.5876 	12.6829
10.59 	12.6814
10.5924 	12.6798
10.5948 	12.6783
10.5972 	12.6768
10.5996 	12.6752
10.602 	12.6737
10.6044 	12.6721
10.6068 	12.6706
10.6092 	12.669
10.6116 	12.6674
10.614 	12.6658
10.6164 	12.6643
10.6188 	12.6627
10.6212 	12.6611
10.6235 	12.6595
10.6259 	12.6579
10.6283 	12.6563
10.6307 	12.6547
10.6331 	12.6531
10.6355 	12.6514
10.6379 	12.6498
10.6403 	12.6482
10.6427 	12.6465
10.6451 	12.6449
10.6475 	12.6433
10.6499 	12.6416
10.6523 	12.64
10.6547 	12.6383
10.6571 	12.6366
10.6595 	12.635
10.6619 	12.6333
10.6643 	12.6316
10.6667 	12.6299
10.6691 	12.6283
10.6715 	12.6266
10.6739 	12.6249
10.6763 	12.6232
10.6787 	12.6215
10.6811 	12.6198
10.6835 	12.6181
10.6859 	12.6163
10.6883 	12.6146
10.6907 	12.6129
10.6931 	12.6112
10.6955 	12.6094
10.6979 	12.6077
10.7003 	12.6059
10.7027 	12.6042
10.7051 	12.6024
10.7075 	12.6007
10.7099 	12.5989
10.7123 	12.5972
10.7147 	12.5954
10.7171 	12.5936
10.7195 	12.5919
10.7219 	12.5901
10.7243 	12.5883
10.7267 	12.5865
10.7291 	12.5847
10.7315 	12.5829
10.7339 	12.5811
10.7363 	12.5793
10.7387 	12.5775
10.741 	12.5757
10.7434 	12.5739
10.7458 	12.5721
10.7482 	12.5702
10.7506 	12.5684
10.753 	12.5666
10.7554 	12.5647
10.7578 	12.5629
10.7602 	12.5611
10.7626 	12.5592
10.765 	12.5574
10.7674 	12.5555
10.7698 	12.5536
10.7722 	12.5518
10.7746 	12.5499
10.777 	12.5481
10.7794 	12.5462
10.7818 	12.5443
10.7842 	12.5424
10.7866 	12.5405
10.789 	12.5387
10.7914 	12.5368
10.7938 	12.5349
10.7962 	12.533
10.7986 	12.5311
10.801 	12.5292
10.8034 	12.5273
10.8058 	12.5253
10.8082 	12.5234
10.8106 	12.5215
10.813 	12.5196
10.8154 	12.5177
10.8178 	12.5157
10.8202 	12.5138
10.8226 	12.5119
10.825 	12.5099
10.8274 	12.508
10.8298 	12.506
10.8322 	12.5041
10.8346 	12.5022
10.837 	12.5002
10.8394 	12.4982
10.8418 	12.4963
10.8442 	12.4943
10.8466 	12.4923
10.849 	12.4904
10.8514 	12.4884
10.8538 	12.4864
10.8562 	12.4844
10.8586 	12.4825
10.8609 	12.4805
10.8633 	12.4785
10.8657 	12.4765
10.8681 	12.4745
10.8705 	12.4725
10.8729 	12.4705
10.8753 	12.4685
10.8777 	12.4665
10.8801 	12.4645
10.8825 	12.4625
10.8849 	12.4604
10.8873 	12.4584
10.8897 	12.4564
10.8921 	12.4544
10.8945 	12.4524
10.8969 	12.4503
10.8993 	12.4483
10.9017 	12.4463
10.9041 	12.4442
10.9065 	12.4422
10.9089 	12.4401
10.9113 	12.4381
10.9137 	12.436
10.9161 	12.434
10.9185 	12.4319
10.9209 	12.4299
10.9233 	12.4278
10.9257 	12.4257
10.9281 	12.4237
10.9305 	12.4216
10.9329 	12.4195
10.9353 	12.4175
10.9377 	12.4154
10.9401 	12.4133
10.9425 	12.4112
10.9449 	12.4091
10.9473 	12.4071
10.9497 	12.405
10.9521 	12.4029
10.9545 	12.4008
10.9569 	12.3987
10.9593 	12.3966
10.9617 	12.3945
10.9641 	12.3924
10.9665 	12.3903
10.9689 	12.3882
10.9713 	12.386
10.9737 	12.3839
10.9761 	12.3818
10.9785 	12.3797
10.9809 	12.3776
10.9832 	12.3755
10.9856 	12.3733
10.988 	12.3712
10.9904 	12.3691
10.9928 	12.3669
10.9952 	12.3648
10.9976 	12.3627
11 	12.3605
11.0024 	12.3584
11.0048 	12.3562
11.0072 	12.3541
11.0096 	12.3519
11.012 	12.3498
11.0144 	12.3476
11.0168 	12.3455
11.0192 	12.3433
11.0216 	12.3412
11.024 	12.339
11.0264 	12.3368
11.0288 	12.3347
11.0312 	12.3325
11.0336 	12.3303
11.036 	12.3282
11.0384 	12.326
11.0408 	12.3238
11.0432 	12.3216
11.0456 	12.3195
11.048 	12.3173
11.0504 	12.3151
11.0528 	12.3129
11.0552 	12.3107
11.0576 	12.3085
11.06 	12.3063
11.0624 	12.3041
11.0648 	12.3019
11.0672 	12.2997
11.0696 	12.2975
11.072 	12.2953
11.0744 	12.2931
11.0768 	12.2909
11.0792 	12.2887
11.0816 	12.2865
11.084 	12.2843
11.0864 	12.2821
11.0888 	12.2799
11.0912 	12.2777
11.0936 	12.2754
11.096 	12.2732
11.0984 	12.271
11.1007 	12.2688
11.1031 	12.2666
11.1055 	12.2643
11.1079 	12.2621
11.1103 	12.2599
11.1127 	12.2576
11.1151 	12.2554
11.1175 	12.2532
11.1199 	12.2509
11.1223 	12.2487
11.1247 	12.2464
11.1271 	12.2442
11.1295 	12.242
11.1319 	12.2397
11.1343 	12.2375
11.1367 	12.2352
11.1391 	12.233
11.1415 	12.2307
11.1439 	12.2285
11.1463 	12.2262
11.1487 	12.2239
11.1511 	12.2217
11.1535 	12.2194
11.1559 	12.2172
11.1583 	12.2149
11.1607 	12.2126
11.1631 	12.2104
11.1655 	12.2081
11.1679 	12.2058
11.1703 	12.2036
11.1727 	12.2013
11.1751 	12.199
11.1775 	12.1967
11.1799 	12.1945
11.1823 	12.1922
11.1847 	12.1899
11.1871 	12.1876
11.1895 	12.1853
11.1919 	12.1831
11.1943 	12.1808
11.1967 	12.1785
11.1991 	12.1762
11.2015 	12.1739
11.2039 	12.1716
11.2063 	12.1693
11.2087 	12.167
11.2111 	12.1647
11.2135 	12.1624
11.2159 	12.1601
11.2183 	12.1578
11.2206 	12.1555
11.223 	12.1532
11.2254 	12.1509
11.2278 	12.1486
11.2302 	12.1463
11.2326 	12.144
11.235 	12.1417
11.2374 	12.1394
11.2398 	12.1371
11.2422 	12.1348
11.2446 	12.1325
11.247 	12.1302
11.2494 	12.1279
11.2518 	12.1255
11.2542 	12.1232
11.2566 	12.1209
11.259 	12.1186
11.2614 	12.1163
11.2638 	12.1139
11.2662 	12.1116
11.2686 	12.1093
11.271 	12.107
11.2734 	12.1046
11.2758 	12.1023
11.2782 	12.1
11.2806 	12.0977
11.283 	12.0953
11.2854 	12.093
11.2878 	12.0907
11.2902 	12.0883
11.2926 	12.086
11.295 	12.0837
11.2974 	12.0813
11.2998 	12.079
11.3022 	12.0767
11.3046 	12.0743
11.307 	12.072
11.3094 	12.0696
11.3118 	12.0673
11.3142 	12.0649
11.3166 	12.0626
11.319 	12.0603
11.3214 	12.0579
11.3238 	12.0556
11.3262 	12.0532
11.3286 	12.0509
11.331 	12.0485
11.3334 	12.0462
11.3358 	12.0438
11.3382 	12.0415
11.3406 	12.0391
11.3429 	12.0368
11.3453 	12.0344
11.3477 	12.032
11.3501 	12.0297
11.3525 	12.0273
11.3549 	12.025
11.3573 	12.0226
11.3597 	12.0203
11.3621 	12.0179
11.3645 	12.0155
11.3669 	12.0132
11.3693 	12.0108
11.3717 	12.0084
11.3741 	12.0061
11.3765 	12.0037
11.3789 	12.0013
11.3813 	11.999
11.3837 	11.9966
11.3861 	11.9942
11.3885 	11.9919
11.3909 	11.9895
11.3933 	11.9871
11.3957 	11.9848
11.3981 	11.9824
11.4005 	11.98
11.4029 	11.9776
11.4053 	11.9753
11.4077 	11.9729
11.4101 	11.9705
11.4125 	11.9681
11.4149 	11.9658
11.4173 	11.9634
11.4197 	11.961
11.4221 	11.9586
11.4245 	11.9562
11.4269 	11.9539
11.4293 	11.9515
11.4317 	11.9491
11.4341 	11.9467
11.4365 	11.9443
11.4389 	11.942
11.4413 	11.9396
11.4437 	11.9372
11.4461 	11.9348
11.4485 	11.9324
11.4509 	11.93
11.4533 	11.9276
11.4557 	11.9253
11.4581 	11.9229
11.4604 	11.9205
11.4628 	11.9181
11.4652 	11.9157
11.4676 	11.9133
11.47 	11.9109
11.4724 	11.9085
11.4748 	11.9061
11.4772 	11.9037
11.4796 	11.9014
11.482 	11.899
11.4844 	11.8966
11.4868 	11.8942
11.4892 	11.8918
11.4916 	11.8894
11.494 	11.887
11.4964 	11.8846
11.4988 	11.8822
11.5012 	11.8798
11.5036 	11.8774
11.506 	11.875
11.5084 	11.8726
11.5108 	11.8702
11.5132 	11.8678
11.5156 	11.8654
11.518 	11.863
11.5204 	11.8606
11.5228 	11.8582
11.5252 	11.8558
11.5276 	11.8534
11.53 	11.851
11.5324 	11.8486
11.5348 	11.8462
11.5372 	11.8438
11.5396 	11.8414
11.542 	11.839
11.5444 	11.8366
11.5468 	11.8342
11.5492 	11.8318
11.5516 	11.8294
11.554 	11.827
11.5564 	11.8246
11.5588 	11.8221
11.5612 	11.8197
11.5636 	11.8173
11.566 	11.8149
11.5684 	11.8125
11.5708 	11.8101
11.5732 	11.8077
11.5756 	11.8053
11.578 	11.8029
11.5803 	11.8005
11.5827 	11.7981
11.5851 	11.7957
11.5875 	11.7932
11.5899 	11.7908
11.5923 	11.7884
11.5947 	11.786
11.5971 	11.7836
11.5995 	11.7812
11.6019 	11.7788
11.6043 	11.7764
11.6067 	11.774
11.6091 	11.7716
11.6115 	11.7691
11.6139 	11.7667
11.6163 	11.7643
11.6187 	11.7619
11.6211 	11.7595
11.6235 	11.7571
11.6259 	11.7547
11.6283 	11.7522
11.6307 	11.7498
11.6331 	11.7474
11.6355 	11.745
11.6379 	11.7426
11.6403 	11.7402
11.6427 	11.7378
11.6451 	11.7354
11.6475 	11.7329
11.6499 	11.7305
11.6523 	11.7281
11.6547 	11.7257
11.6571 	11.7233
11.6595 	11.7209
11.6619 	11.7184
11.6643 	11.716
11.6667 	11.7136
11.6691 	11.7112
11.6715 	11.7088
11.6739 	11.7064
11.6763 	11.7039
11.6787 	11.7015
11.6811 	11.6991
11.6835 	11.6967
11.6859 	11.6943
11.6883 	11.6919
11.6907 	11.6895
11.6931 	11.687
11.6955 	11.6846
11.6979 	11.6822
11.7003 	11.6798
11.7026 	11.6774
11.705 	11.6749
11.7074 	11.6725
11.7098 	11.6701
11.7122 	11.6677
11.7146 	11.6653
11.717 	11.6629
11.7194 	11.6604
11.7218 	11.658
11.7242 	11.6556
11.7266 	11.6532
11.729 	11.6508
11.7314 	11.6484
11.7338 	11.6459
11.7362 	11.6435
11.7386 	11.6411
11.741 	11.6387
11.7434 	11.6363
11.7458 	11.6339
11.7482 	11.6314
11.7506 	11.629
11.753 	11.6266
11.7554 	11.6242
11.7578 	11.6218
11.7602 	11.6194
11.7626 	11.6169
11.765 	11.6145
11.7674 	11.6121
11.7698 	11.6097
11.7722 	11.6073
11.7746 	11.6049
11.777 	11.6024
11.7794 	11.6
11.7818 	11.5976
11.7842 	11.5952
11.7866 	11.5928
11.789 	11.5904
11.7914 	11.5879
11.7938 	11.5855
11.7962 	11.5831
11.7986 	11.5807
11.801 	11.5783
11.8034 	11.5759
11.8058 	11.5734
11.8082 	11.571
11.8106 	11.5686
11.813 	11.5662
11.8154 	11.5638
11.8178 	11.5614
11.8201 	11.559
11.8225 	11.5565
11.8249 	11.5541
11.8273 	11.5517
11.8297 	11.5493
11.8321 	11.5469
11.8345 	11.5445
11.8369 	11.5421
11.8393 	11.5396
11.8417 	11.5372
11.8441 	11.5348
11.8465 	11.5324
11.8489 	11.53
11.8513 	11.5276
11.8537 	11.5252
11.8561 	11.5227
11.8585 	11.5203
11.8609 	11.5179
11.8633 	11.5155
11.8657 	11.5131
11.8681 	11.5107
11.8705 	11.5083
11.8729 	11.5059
11.8753 	11.5035
11.8777 	11.501
11.8801 	11.4986
11.8825 	11.4962
11.8849 	11.4938
11.8873 	11.4914
11.8897 	11.489
11.8921 	11.4866
11.8945 	11.4842
11.8969 	11.4818
11.8993 	11.4794
11.9017 	11.4769
11.9041 	11.4745
11.9065 	11.4721
11.9089 	11.4697
11.9113 	11.4673
11.9137 	11.4649
11.9161 	11.4625
11.9185 	11.4601
11.9209 	11.4577
11.9233 	11.4553
11.9257 	11.4529
11.9281 	11.4505
11.9305 	11.4481
11.9329 	11.4457
11.9353 	11.4432
11.9377 	11.4408
11.94 	11.4384
11.9424 	11.436
11.9448 	11.4336
11.9472 	11.4312
11.9496 	11.4288
11.952 	11.4264
11.9544 	11.424
11.9568 	11.4216
11.9592 	11.4192
11.9616 	11.4168
11.964 	11.4144
11.9664 	11.412
11.9688 	11.4096
11.9712 	11.4072
11.9736 	11.4048
11.976 	11.4024
11.9784 	11.4
11.9808 	11.3976
11.9832 	11.3952
11.9856 	11.3928
11.988 	11.3904
11.9904 	11.388
11.9928 	11.3856
11.9952 	11.3832
11.9976 	11.3808
