# Mass = 0.0473905 Mev*(hbarc)^2/2 
# R = 4.82059 fm 
# a = 0.662 fm 
# V0 = 50.276 MeV 
# RSO = 4.43035 fm 
# aSO = 0.662 fm 
# VSO = 28.6062 MeV fm^2
# l = 2 
# two_j = 5 
# two_t = -1 
# Energy = -23.1084 MeV
# r 	 V_eff [2m/hbar/hbar]
0.1 	12609.9
0.10238 	12028.1
0.10476 	11485.5
0.10714 	10978.7
0.10952 	10504.5
0.1119 	10060.3
0.11428 	9643.57
0.11666 	9252.06
0.11904 	8883.8
0.12142 	8536.98
0.1238 	8209.97
0.12618 	7901.3
0.12856 	7609.6
0.13094 	7333.67
0.13332 	7072.38
0.1357 	6824.72
0.13808 	6589.75
0.14046 	6366.63
0.14284 	6154.56
0.14522 	5952.84
0.1476 	5760.8
0.14998 	5577.82
0.15236 	5403.36
0.15474 	5236.88
0.15712 	5077.91
0.1595 	4926.01
0.16188 	4780.75
0.16426 	4641.76
0.16664 	4508.69
0.16902 	4381.19
0.1714 	4258.98
0.17378 	4141.74
0.17616 	4029.23
0.17854 	3921.19
0.18092 	3817.38
0.1833 	3717.59
0.18568 	3621.62
0.18806 	3529.26
0.19044 	3440.34
0.19282 	3354.7
0.1952 	3272.17
0.19758 	3192.61
0.19996 	3115.87
0.20234 	3041.82
0.20472 	2970.34
0.2071 	2901.3
0.20948 	2834.61
0.21186 	2770.16
0.21424 	2707.84
0.21662 	2647.56
0.219 	2589.24
0.22138 	2532.78
0.22376 	2478.12
0.22614 	2425.18
0.22852 	2373.88
0.2309 	2324.16
0.23328 	2275.96
0.23566 	2229.2
0.23804 	2183.85
0.24042 	2139.83
0.2428 	2097.1
0.24518 	2055.61
0.24756 	2015.31
0.24994 	1976.16
0.25232 	1938.11
0.2547 	1901.12
0.25708 	1865.15
0.25946 	1830.17
0.26184 	1796.14
0.26422 	1763.02
0.2666 	1730.79
0.26898 	1699.4
0.27136 	1668.84
0.27374 	1639.08
0.27612 	1610.08
0.2785 	1581.82
0.28088 	1554.28
0.28326 	1527.42
0.28564 	1501.24
0.28802 	1475.7
0.2904 	1450.79
0.29278 	1426.48
0.29516 	1402.76
0.29754 	1379.61
0.29992 	1357
0.3023 	1334.93
0.30468 	1313.37
0.30706 	1292.31
0.30944 	1271.73
0.31182 	1251.63
0.3142 	1231.98
0.31658 	1212.77
0.31896 	1193.99
0.32134 	1175.62
0.32372 	1157.66
0.3261 	1140.09
0.32848 	1122.9
0.33086 	1106.08
0.33324 	1089.62
0.33562 	1073.51
0.338 	1057.74
0.34038 	1042.3
0.34276 	1027.17
0.34514 	1012.36
0.34752 	997.858
0.3499 	983.646
0.35228 	969.721
0.35466 	956.076
0.35704 	942.702
0.35942 	929.594
0.3618 	916.743
0.36418 	904.143
0.36656 	891.788
0.36894 	879.672
0.37132 	867.787
0.3737 	856.129
0.37608 	844.692
0.37846 	833.469
0.38084 	822.457
0.38322 	811.649
0.3856 	801.04
0.38798 	790.626
0.39036 	780.402
0.39274 	770.363
0.39512 	760.506
0.3975 	750.824
0.39988 	741.315
0.40226 	731.975
0.40464 	722.798
0.40702 	713.783
0.4094 	704.924
0.41178 	696.218
0.41416 	687.662
0.41654 	679.252
0.41892 	670.985
0.4213 	662.857
0.42368 	654.867
0.42606 	647.01
0.42844 	639.283
0.43082 	631.684
0.4332 	624.21
0.43558 	616.858
0.43796 	609.626
0.44034 	602.511
0.44272 	595.51
0.4451 	588.621
0.44748 	581.842
0.44986 	575.17
0.45224 	568.603
0.45462 	562.139
0.457 	555.776
0.45938 	549.511
0.46176 	543.343
0.46414 	537.27
0.46652 	531.29
0.4689 	525.4
0.47128 	519.599
0.47366 	513.885
0.47604 	508.257
0.47842 	502.713
0.4808 	497.251
0.48318 	491.869
0.48556 	486.567
0.48794 	481.342
0.49032 	476.192
0.4927 	471.117
0.49508 	466.115
0.49746 	461.185
0.49984 	456.325
0.50222 	451.534
0.5046 	446.811
0.50698 	442.154
0.50936 	437.562
0.51174 	433.034
0.51412 	428.568
0.5165 	424.165
0.51888 	419.821
0.52126 	415.538
0.52364 	411.312
0.52602 	407.144
0.5284 	403.031
0.53078 	398.975
0.53316 	394.972
0.53554 	391.022
0.53792 	387.125
0.5403 	383.279
0.54268 	379.484
0.54506 	375.738
0.54744 	372.041
0.54982 	368.392
0.5522 	364.79
0.55458 	361.235
0.55696 	357.725
0.55934 	354.259
0.56172 	350.838
0.5641 	347.459
0.56648 	344.123
0.56886 	340.829
0.57124 	337.577
0.57362 	334.364
0.576 	331.191
0.57838 	328.058
0.58076 	324.962
0.58314 	321.905
0.58552 	318.885
0.5879 	315.901
0.59028 	312.953
0.59266 	310.041
0.59504 	307.164
0.59742 	304.321
0.5998 	301.512
0.60218 	298.736
0.60456 	295.993
0.60694 	293.282
0.60932 	290.603
0.6117 	287.955
0.61408 	285.337
0.61646 	282.75
0.61884 	280.193
0.62122 	277.665
0.6236 	275.166
0.62598 	272.695
0.62836 	270.253
0.63074 	267.838
0.63312 	265.45
0.6355 	263.089
0.63788 	260.754
0.64026 	258.446
0.64264 	256.163
0.64502 	253.905
0.6474 	251.672
0.64978 	249.463
0.65216 	247.279
0.65454 	245.118
0.65692 	242.981
0.6593 	240.867
0.66168 	238.776
0.66406 	236.707
0.66644 	234.661
0.66882 	232.636
0.6712 	230.633
0.67358 	228.65
0.67596 	226.689
0.67834 	224.749
0.68072 	222.828
0.6831 	220.928
0.68548 	219.048
0.68786 	217.187
0.69024 	215.345
0.69262 	213.522
0.695 	211.718
0.69738 	209.932
0.69976 	208.165
0.70214 	206.415
0.70452 	204.683
0.7069 	202.969
0.70928 	201.272
0.71166 	199.591
0.71404 	197.928
0.71642 	196.281
0.7188 	194.651
0.72118 	193.036
0.72356 	191.438
0.72594 	189.855
0.72832 	188.288
0.7307 	186.736
0.73308 	185.199
0.73546 	183.677
0.73784 	182.17
0.74022 	180.677
0.7426 	179.198
0.74498 	177.734
0.74736 	176.284
0.74974 	174.847
0.75212 	173.424
0.7545 	172.015
0.75688 	170.619
0.75926 	169.236
0.76164 	167.865
0.76402 	166.508
0.7664 	165.163
0.76878 	163.831
0.77116 	162.511
0.77354 	161.203
0.77592 	159.908
0.7783 	158.624
0.78068 	157.352
0.78306 	156.091
0.78544 	154.842
0.78782 	153.604
0.7902 	152.377
0.79258 	151.162
0.79496 	149.957
0.79734 	148.763
0.79972 	147.58
0.8021 	146.407
0.80448 	145.245
0.80686 	144.093
0.80924 	142.951
0.81162 	141.819
0.814 	140.697
0.81638 	139.585
0.81876 	138.482
0.82114 	137.389
0.82352 	136.306
0.8259 	135.232
0.82828 	134.167
0.83066 	133.111
0.83304 	132.064
0.83542 	131.027
0.8378 	129.998
0.84018 	128.977
0.84256 	127.966
0.84494 	126.963
0.84732 	125.968
0.8497 	124.982
0.85208 	124.004
0.85446 	123.034
0.85684 	122.073
0.85922 	121.119
0.8616 	120.173
0.86398 	119.235
0.86636 	118.305
0.86874 	117.382
0.87112 	116.467
0.8735 	115.559
0.87588 	114.659
0.87826 	113.766
0.88064 	112.88
0.88302 	112.001
0.8854 	111.13
0.88778 	110.265
0.89016 	109.408
0.89254 	108.557
0.89492 	107.713
0.8973 	106.876
0.89968 	106.045
0.90206 	105.221
0.90444 	104.404
0.90682 	103.593
0.9092 	102.788
0.91158 	101.99
0.91396 	101.197
0.91634 	100.411
0.91872 	99.6315
0.9211 	98.8576
0.92348 	98.0897
0.92586 	97.3277
0.92824 	96.5715
0.93062 	95.8212
0.933 	95.0766
0.93538 	94.3377
0.93776 	93.6044
0.94014 	92.8766
0.94252 	92.1544
0.9449 	91.4376
0.94728 	90.7262
0.94966 	90.0202
0.95204 	89.3194
0.95442 	88.6239
0.9568 	87.9336
0.95918 	87.2484
0.96156 	86.5683
0.96394 	85.8932
0.96632 	85.2231
0.9687 	84.558
0.97108 	83.8977
0.97346 	83.2423
0.97584 	82.5916
0.97822 	81.9457
0.9806 	81.3045
0.98298 	80.668
0.98536 	80.0361
0.98774 	79.4087
0.99012 	78.7859
0.9925 	78.1675
0.99488 	77.5536
0.99726 	76.944
0.99964 	76.3388
1.00202 	75.738
1.0044 	75.1414
1.00678 	74.549
1.00916 	73.9608
1.01154 	73.3767
1.01392 	72.7968
1.0163 	72.221
1.01868 	71.6491
1.02106 	71.0813
1.02344 	70.5174
1.02582 	69.9575
1.0282 	69.4014
1.03058 	68.8492
1.03296 	68.3008
1.03534 	67.7562
1.03772 	67.2153
1.0401 	66.6782
1.04248 	66.1447
1.04486 	65.6148
1.04724 	65.0886
1.04962 	64.566
1.052 	64.0468
1.05438 	63.5313
1.05676 	63.0191
1.05914 	62.5105
1.06152 	62.0052
1.0639 	61.5034
1.06628 	61.0049
1.06866 	60.5098
1.07104 	60.0179
1.07342 	59.5293
1.0758 	59.044
1.07818 	58.5618
1.08056 	58.0829
1.08294 	57.6071
1.08532 	57.1344
1.0877 	56.6648
1.09008 	56.1984
1.09246 	55.7349
1.09484 	55.2745
1.09722 	54.8171
1.0996 	54.3626
1.10198 	53.9111
1.10436 	53.4625
1.10674 	53.0168
1.10912 	52.574
1.1115 	52.134
1.11388 	51.6969
1.11626 	51.2625
1.11864 	50.8309
1.12102 	50.402
1.1234 	49.9759
1.12578 	49.5525
1.12816 	49.1318
1.13054 	48.7137
1.13292 	48.2982
1.1353 	47.8854
1.13768 	47.4752
1.14006 	47.0675
1.14244 	46.6624
1.14482 	46.2598
1.1472 	45.8597
1.14958 	45.4621
1.15196 	45.0669
1.15434 	44.6742
1.15672 	44.2839
1.1591 	43.8961
1.16148 	43.5106
1.16386 	43.1275
1.16624 	42.7467
1.16862 	42.3682
1.171 	41.9921
1.17338 	41.6183
1.17576 	41.2467
1.17814 	40.8774
1.18052 	40.5103
1.1829 	40.1454
1.18528 	39.7827
1.18766 	39.4222
1.19004 	39.0639
1.19242 	38.7077
1.1948 	38.3536
1.19718 	38.0017
1.19956 	37.6518
1.20194 	37.3041
1.20432 	36.9584
1.2067 	36.6147
1.20908 	36.2731
1.21146 	35.9335
1.21384 	35.5959
1.21622 	35.2602
1.2186 	34.9266
1.22098 	34.5948
1.22336 	34.2651
1.22574 	33.9372
1.22812 	33.6113
1.2305 	33.2872
1.23288 	32.965
1.23526 	32.6447
1.23764 	32.3263
1.24002 	32.0096
1.2424 	31.6948
1.24478 	31.3818
1.24716 	31.0706
1.24954 	30.7612
1.25192 	30.4536
1.2543 	30.1476
1.25668 	29.8435
1.25906 	29.541
1.26144 	29.2403
1.26382 	28.9413
1.2662 	28.6439
1.26858 	28.3483
1.27096 	28.0543
1.27334 	27.7619
1.27572 	27.4712
1.2781 	27.1821
1.28048 	26.8947
1.28286 	26.6088
1.28524 	26.3245
1.28762 	26.0418
1.29 	25.7607
1.29238 	25.4811
1.29476 	25.2031
1.29714 	24.9266
1.29952 	24.6516
1.3019 	24.3781
1.30428 	24.1061
1.30666 	23.8357
1.30904 	23.5666
1.31142 	23.2991
1.3138 	23.033
1.31618 	22.7684
1.31856 	22.5052
1.32094 	22.2434
1.32332 	21.983
1.3257 	21.7241
1.32808 	21.4665
1.33046 	21.2103
1.33284 	20.9555
1.33522 	20.7021
1.3376 	20.45
1.33998 	20.1993
1.34236 	19.9499
1.34474 	19.7018
1.34712 	19.455
1.3495 	19.2096
1.35188 	18.9654
1.35426 	18.7226
1.35664 	18.481
1.35902 	18.2407
1.3614 	18.0017
1.36378 	17.7639
1.36616 	17.5273
1.36854 	17.292
1.37092 	17.0579
1.3733 	16.8251
1.37568 	16.5934
1.37806 	16.363
1.38044 	16.1337
1.38282 	15.9057
1.3852 	15.6788
1.38758 	15.4531
1.38996 	15.2285
1.39234 	15.0051
1.39472 	14.7829
1.3971 	14.5617
1.39948 	14.3418
1.40186 	14.1229
1.40424 	13.9052
1.40662 	13.6885
1.409 	13.473
1.41138 	13.2586
1.41376 	13.0452
1.41614 	12.8329
1.41852 	12.6217
1.4209 	12.4116
1.42328 	12.2025
1.42566 	11.9945
1.42804 	11.7875
1.43042 	11.5815
1.4328 	11.3766
1.43518 	11.1727
1.43756 	10.9699
1.43994 	10.768
1.44232 	10.5671
1.4447 	10.3672
1.44708 	10.1684
1.44946 	9.97046
1.45184 	9.77354
1.45422 	9.57758
1.4566 	9.3826
1.45898 	9.18857
1.46136 	8.99549
1.46374 	8.80336
1.46612 	8.61216
1.4685 	8.4219
1.47088 	8.23257
1.47326 	8.04416
1.47564 	7.85666
1.47802 	7.67008
1.4804 	7.4844
1.48278 	7.29961
1.48516 	7.11572
1.48754 	6.93271
1.48992 	6.75059
1.4923 	6.56934
1.49468 	6.38896
1.49706 	6.20945
1.49944 	6.03079
1.50182 	5.85299
1.5042 	5.67603
1.50658 	5.49992
1.50896 	5.32465
1.51134 	5.15021
1.51372 	4.97659
1.5161 	4.8038
1.51848 	4.63182
1.52086 	4.46066
1.52324 	4.2903
1.52562 	4.12074
1.528 	3.95198
1.53038 	3.78401
1.53276 	3.61683
1.53514 	3.45043
1.53752 	3.28481
1.5399 	3.11996
1.54228 	2.95588
1.54466 	2.79256
1.54704 	2.63
1.54942 	2.46819
1.5518 	2.30713
1.55418 	2.14682
1.55656 	1.98724
1.55894 	1.8284
1.56132 	1.67029
1.5637 	1.51291
1.56608 	1.35626
1.56846 	1.20031
1.57084 	1.04509
1.57322 	0.890569
1.5756 	0.736755
1.57798 	0.583643
1.58036 	0.431227
1.58274 	0.279504
1.58512 	0.128469
1.5875 	-0.0218819
1.58988 	-0.171553
1.59226 	-0.320547
1.59464 	-0.46887
1.59702 	-0.616524
1.5994 	-0.763514
1.60178 	-0.909844
1.60416 	-1.05552
1.60654 	-1.20054
1.60892 	-1.34491
1.6113 	-1.48864
1.61368 	-1.63172
1.61606 	-1.77417
1.61844 	-1.91599
1.62082 	-2.05717
1.6232 	-2.19773
1.62558 	-2.33767
1.62796 	-2.47699
1.63034 	-2.61569
1.63272 	-2.75378
1.6351 	-2.89126
1.63748 	-3.02814
1.63986 	-3.16441
1.64224 	-3.30009
1.64462 	-3.43517
1.647 	-3.56966
1.64938 	-3.70357
1.65176 	-3.83689
1.65414 	-3.96963
1.65652 	-4.10179
1.6589 	-4.23337
1.66128 	-4.36439
1.66366 	-4.49483
1.66604 	-4.62472
1.66842 	-4.75404
1.6708 	-4.8828
1.67318 	-5.01101
1.67556 	-5.13866
1.67794 	-5.26577
1.68032 	-5.39233
1.6827 	-5.51834
1.68508 	-5.64382
1.68746 	-5.76876
1.68984 	-5.89317
1.69222 	-6.01704
1.6946 	-6.14039
1.69698 	-6.26321
1.69936 	-6.38551
1.70174 	-6.50729
1.70412 	-6.62856
1.7065 	-6.74931
1.70888 	-6.86955
1.71126 	-6.98928
1.71364 	-7.10851
1.71602 	-7.22723
1.7184 	-7.34546
1.72078 	-7.46319
1.72316 	-7.58042
1.72554 	-7.69716
1.72792 	-7.81342
1.7303 	-7.92919
1.73268 	-8.04447
1.73506 	-8.15927
1.73744 	-8.2736
1.73982 	-8.38745
1.7422 	-8.50082
1.74458 	-8.61373
1.74696 	-8.72617
1.74934 	-8.83814
1.75172 	-8.94965
1.7541 	-9.0607
1.75648 	-9.17129
1.75886 	-9.28142
1.76124 	-9.3911
1.76362 	-9.50033
1.766 	-9.60911
1.76838 	-9.71745
1.77076 	-9.82534
1.77314 	-9.93279
1.77552 	-10.0398
1.7779 	-10.1464
1.78028 	-10.2525
1.78266 	-10.3582
1.78504 	-10.4635
1.78742 	-10.5684
1.7898 	-10.6728
1.79218 	-10.7768
1.79456 	-10.8804
1.79694 	-10.9835
1.79932 	-11.0863
1.8017 	-11.1886
1.80408 	-11.2905
1.80646 	-11.392
1.80884 	-11.4931
1.81122 	-11.5938
1.8136 	-11.6941
1.81598 	-11.794
1.81836 	-11.8935
1.82074 	-11.9926
1.82312 	-12.0913
1.8255 	-12.1896
1.82788 	-12.2875
1.83026 	-12.385
1.83264 	-12.4821
1.83502 	-12.5789
1.8374 	-12.6753
1.83978 	-12.7712
1.84216 	-12.8668
1.84454 	-12.9621
1.84692 	-13.0569
1.8493 	-13.1514
1.85168 	-13.2455
1.85406 	-13.3392
1.85644 	-13.4326
1.85882 	-13.5256
1.8612 	-13.6182
1.86358 	-13.7105
1.86596 	-13.8024
1.86834 	-13.8939
1.87072 	-13.9851
1.8731 	-14.076
1.87548 	-14.1664
1.87786 	-14.2566
1.88024 	-14.3464
1.88262 	-14.4358
1.885 	-14.5249
1.88738 	-14.6136
1.88976 	-14.702
1.89214 	-14.79
1.89452 	-14.8778
1.8969 	-14.9651
1.89928 	-15.0522
1.90166 	-15.1389
1.90404 	-15.2252
1.90642 	-15.3113
1.9088 	-15.397
1.91118 	-15.4823
1.91356 	-15.5674
1.91594 	-15.6521
1.91832 	-15.7365
1.9207 	-15.8206
1.92308 	-15.9043
1.92546 	-15.9877
1.92784 	-16.0709
1.93022 	-16.1537
1.9326 	-16.2361
1.93498 	-16.3183
1.93736 	-16.4002
1.93974 	-16.4817
1.94212 	-16.563
1.9445 	-16.6439
1.94688 	-16.7245
1.94926 	-16.8048
1.95164 	-16.8849
1.95402 	-16.9646
1.9564 	-17.044
1.95878 	-17.1231
1.96116 	-17.2019
1.96354 	-17.2804
1.96592 	-17.3587
1.9683 	-17.4366
1.97068 	-17.5142
1.97306 	-17.5916
1.97544 	-17.6687
1.97782 	-17.7454
1.9802 	-17.8219
1.98258 	-17.8981
1.98496 	-17.974
1.98734 	-18.0497
1.98972 	-18.125
1.9921 	-18.2001
1.99448 	-18.2749
1.99686 	-18.3494
1.99924 	-18.4236
2.00162 	-18.4976
2.004 	-18.5713
2.00638 	-18.6447
2.00876 	-18.7179
2.01114 	-18.7907
2.01352 	-18.8634
2.0159 	-18.9357
2.01828 	-19.0078
2.02066 	-19.0796
2.02304 	-19.1511
2.02542 	-19.2224
2.0278 	-19.2934
2.03018 	-19.3642
2.03256 	-19.4347
2.03494 	-19.5049
2.03732 	-19.5749
2.0397 	-19.6447
2.04208 	-19.7141
2.04446 	-19.7834
2.04684 	-19.8523
2.04922 	-19.9211
2.0516 	-19.9895
2.05398 	-20.0577
2.05636 	-20.1257
2.05874 	-20.1934
2.06112 	-20.2609
2.0635 	-20.3282
2.06588 	-20.3951
2.06826 	-20.4619
2.07064 	-20.5284
2.07302 	-20.5947
2.0754 	-20.6607
2.07778 	-20.7265
2.08016 	-20.792
2.08254 	-20.8574
2.08492 	-20.9224
2.0873 	-20.9873
2.08968 	-21.0519
2.09206 	-21.1163
2.09444 	-21.1804
2.09682 	-21.2443
2.0992 	-21.308
2.10158 	-21.3715
2.10396 	-21.4347
2.10634 	-21.4977
2.10872 	-21.5605
2.1111 	-21.6231
2.11348 	-21.6854
2.11586 	-21.7475
2.11824 	-21.8094
2.12062 	-21.8711
2.123 	-21.9325
2.12538 	-21.9937
2.12776 	-22.0548
2.13014 	-22.1156
2.13252 	-22.1761
2.1349 	-22.2365
2.13728 	-22.2966
2.13966 	-22.3566
2.14204 	-22.4163
2.14442 	-22.4758
2.1468 	-22.5351
2.14918 	-22.5942
2.15156 	-22.6531
2.15394 	-22.7118
2.15632 	-22.7702
2.1587 	-22.8285
2.16108 	-22.8865
2.16346 	-22.9444
2.16584 	-23.002
2.16822 	-23.0595
2.1706 	-23.1167
2.17298 	-23.1738
2.17536 	-23.2306
2.17774 	-23.2872
2.18012 	-23.3437
2.1825 	-23.3999
2.18488 	-23.456
2.18726 	-23.5118
2.18964 	-23.5675
2.19202 	-23.6229
2.1944 	-23.6782
2.19678 	-23.7333
2.19916 	-23.7881
2.20154 	-23.8428
2.20392 	-23.8973
2.2063 	-23.9516
2.20868 	-24.0057
2.21106 	-24.0596
2.21344 	-24.1134
2.21582 	-24.1669
2.2182 	-24.2203
2.22058 	-24.2735
2.22296 	-24.3265
2.22534 	-24.3793
2.22772 	-24.4319
2.2301 	-24.4843
2.23248 	-24.5366
2.23486 	-24.5887
2.23724 	-24.6405
2.23962 	-24.6923
2.242 	-24.7438
2.24438 	-24.7951
2.24676 	-24.8463
2.24914 	-24.8973
2.25152 	-24.9481
2.2539 	-24.9988
2.25628 	-25.0493
2.25866 	-25.0996
2.26104 	-25.1497
2.26342 	-25.1996
2.2658 	-25.2494
2.26818 	-25.299
2.27056 	-25.3484
2.27294 	-25.3977
2.27532 	-25.4468
2.2777 	-25.4957
2.28008 	-25.5445
2.28246 	-25.593
2.28484 	-25.6414
2.28722 	-25.6897
2.2896 	-25.7378
2.29198 	-25.7857
2.29436 	-25.8334
2.29674 	-25.881
2.29912 	-25.9284
2.3015 	-25.9757
2.30388 	-26.0228
2.30626 	-26.0697
2.30864 	-26.1165
2.31102 	-26.1631
2.3134 	-26.2096
2.31578 	-26.2559
2.31816 	-26.302
2.32054 	-26.348
2.32292 	-26.3938
2.3253 	-26.4394
2.32768 	-26.4849
2.33006 	-26.5303
2.33244 	-26.5754
2.33482 	-26.6205
2.3372 	-26.6654
2.33958 	-26.7101
2.34196 	-26.7546
2.34434 	-26.7991
2.34672 	-26.8433
2.3491 	-26.8874
2.35148 	-26.9314
2.35386 	-26.9752
2.35624 	-27.0188
2.35862 	-27.0623
2.361 	-27.1057
2.36338 	-27.1489
2.36576 	-27.192
2.36814 	-27.2349
2.37052 	-27.2776
2.3729 	-27.3203
2.37528 	-27.3627
2.37766 	-27.4051
2.38004 	-27.4472
2.38242 	-27.4893
2.3848 	-27.5312
2.38718 	-27.5729
2.38956 	-27.6145
2.39194 	-27.656
2.39432 	-27.6973
2.3967 	-27.7384
2.39908 	-27.7795
2.40146 	-27.8204
2.40384 	-27.8611
2.40622 	-27.9017
2.4086 	-27.9422
2.41098 	-27.9825
2.41336 	-28.0227
2.41574 	-28.0628
2.41812 	-28.1027
2.4205 	-28.1425
2.42288 	-28.1821
2.42526 	-28.2216
2.42764 	-28.261
2.43002 	-28.3002
2.4324 	-28.3393
2.43478 	-28.3783
2.43716 	-28.4171
2.43954 	-28.4558
2.44192 	-28.4944
2.4443 	-28.5328
2.44668 	-28.5711
2.44906 	-28.6093
2.45144 	-28.6473
2.45382 	-28.6852
2.4562 	-28.723
2.45858 	-28.7606
2.46096 	-28.7981
2.46334 	-28.8355
2.46572 	-28.8727
2.4681 	-28.9099
2.47048 	-28.9468
2.47286 	-28.9837
2.47524 	-29.0205
2.47762 	-29.0571
2.48 	-29.0935
2.48238 	-29.1299
2.48476 	-29.1661
2.48714 	-29.2022
2.48952 	-29.2382
2.4919 	-29.2741
2.49428 	-29.3098
2.49666 	-29.3454
2.49904 	-29.3809
2.50142 	-29.4162
2.5038 	-29.4515
2.50618 	-29.4866
2.50856 	-29.5216
2.51094 	-29.5564
2.51332 	-29.5912
2.5157 	-29.6258
2.51808 	-29.6603
2.52046 	-29.6947
2.52284 	-29.7289
2.52522 	-29.7631
2.5276 	-29.7971
2.52998 	-29.831
2.53236 	-29.8648
2.53474 	-29.8984
2.53712 	-29.932
2.5395 	-29.9654
2.54188 	-29.9987
2.54426 	-30.0319
2.54664 	-30.065
2.54902 	-30.098
2.5514 	-30.1308
2.55378 	-30.1635
2.55616 	-30.1961
2.55854 	-30.2286
2.56092 	-30.261
2.5633 	-30.2933
2.56568 	-30.3254
2.56806 	-30.3575
2.57044 	-30.3894
2.57282 	-30.4212
2.5752 	-30.4529
2.57758 	-30.4845
2.57996 	-30.516
2.58234 	-30.5473
2.58472 	-30.5786
2.5871 	-30.6097
2.58948 	-30.6407
2.59186 	-30.6716
2.59424 	-30.7024
2.59662 	-30.7331
2.599 	-30.7637
2.60138 	-30.7942
2.60376 	-30.8246
2.60614 	-30.8548
2.60852 	-30.885
2.6109 	-30.915
2.61328 	-30.9449
2.61566 	-30.9747
2.61804 	-31.0044
2.62042 	-31.0341
2.6228 	-31.0635
2.62518 	-31.0929
2.62756 	-31.1222
2.62994 	-31.1514
2.63232 	-31.1805
2.6347 	-31.2094
2.63708 	-31.2383
2.63946 	-31.267
2.64184 	-31.2957
2.64422 	-31.3242
2.6466 	-31.3527
2.64898 	-31.381
2.65136 	-31.4092
2.65374 	-31.4373
2.65612 	-31.4654
2.6585 	-31.4933
2.66088 	-31.5211
2.66326 	-31.5488
2.66564 	-31.5764
2.66802 	-31.6039
2.6704 	-31.6313
2.67278 	-31.6586
2.67516 	-31.6858
2.67754 	-31.7129
2.67992 	-31.7399
2.6823 	-31.7668
2.68468 	-31.7936
2.68706 	-31.8203
2.68944 	-31.8469
2.69182 	-31.8734
2.6942 	-31.8998
2.69658 	-31.9261
2.69896 	-31.9523
2.70134 	-31.9783
2.70372 	-32.0043
2.7061 	-32.0302
2.70848 	-32.056
2.71086 	-32.0817
2.71324 	-32.1073
2.71562 	-32.1328
2.718 	-32.1582
2.72038 	-32.1835
2.72276 	-32.2087
2.72514 	-32.2339
2.72752 	-32.2589
2.7299 	-32.2838
2.73228 	-32.3086
2.73466 	-32.3333
2.73704 	-32.358
2.73942 	-32.3825
2.7418 	-32.4069
2.74418 	-32.4313
2.74656 	-32.4555
2.74894 	-32.4797
2.75132 	-32.5037
2.7537 	-32.5277
2.75608 	-32.5515
2.75846 	-32.5753
2.76084 	-32.599
2.76322 	-32.6226
2.7656 	-32.646
2.76798 	-32.6694
2.77036 	-32.6927
2.77274 	-32.7159
2.77512 	-32.739
2.7775 	-32.7621
2.77988 	-32.785
2.78226 	-32.8078
2.78464 	-32.8306
2.78702 	-32.8532
2.7894 	-32.8758
2.79178 	-32.8982
2.79416 	-32.9206
2.79654 	-32.9429
2.79892 	-32.9651
2.8013 	-32.9872
2.80368 	-33.0092
2.80606 	-33.0311
2.80844 	-33.0529
2.81082 	-33.0746
2.8132 	-33.0963
2.81558 	-33.1178
2.81796 	-33.1393
2.82034 	-33.1607
2.82272 	-33.1819
2.8251 	-33.2031
2.82748 	-33.2242
2.82986 	-33.2452
2.83224 	-33.2662
2.83462 	-33.287
2.837 	-33.3077
2.83938 	-33.3284
2.84176 	-33.3489
2.84414 	-33.3694
2.84652 	-33.3898
2.8489 	-33.4101
2.85128 	-33.4303
2.85366 	-33.4504
2.85604 	-33.4705
2.85842 	-33.4904
2.8608 	-33.5103
2.86318 	-33.53
2.86556 	-33.5497
2.86794 	-33.5693
2.87032 	-33.5888
2.8727 	-33.6082
2.87508 	-33.6276
2.87746 	-33.6468
2.87984 	-33.666
2.88222 	-33.685
2.8846 	-33.704
2.88698 	-33.7229
2.88936 	-33.7417
2.89174 	-33.7605
2.89412 	-33.7791
2.8965 	-33.7976
2.89888 	-33.8161
2.90126 	-33.8345
2.90364 	-33.8528
2.90602 	-33.871
2.9084 	-33.8891
2.91078 	-33.9072
2.91316 	-33.9251
2.91554 	-33.943
2.91792 	-33.9608
2.9203 	-33.9785
2.92268 	-33.9961
2.92506 	-34.0136
2.92744 	-34.031
2.92982 	-34.0484
2.9322 	-34.0657
2.93458 	-34.0829
2.93696 	-34.1
2.93934 	-34.117
2.94172 	-34.1339
2.9441 	-34.1508
2.94648 	-34.1676
2.94886 	-34.1842
2.95124 	-34.2008
2.95362 	-34.2174
2.956 	-34.2338
2.95838 	-34.2501
2.96076 	-34.2664
2.96314 	-34.2826
2.96552 	-34.2987
2.9679 	-34.3147
2.97028 	-34.3306
2.97266 	-34.3465
2.97504 	-34.3623
2.97742 	-34.3779
2.9798 	-34.3935
2.98218 	-34.4091
2.98456 	-34.4245
2.98694 	-34.4399
2.98932 	-34.4551
2.9917 	-34.4703
2.99408 	-34.4854
2.99646 	-34.5004
2.99884 	-34.5154
3.00122 	-34.5303
3.0036 	-34.545
3.00598 	-34.5597
3.00836 	-34.5743
3.01074 	-34.5889
3.01312 	-34.6033
3.0155 	-34.6177
3.01788 	-34.632
3.02026 	-34.6462
3.02264 	-34.6603
3.02502 	-34.6744
3.0274 	-34.6883
3.02978 	-34.7022
3.03216 	-34.716
3.03454 	-34.7297
3.03692 	-34.7433
3.0393 	-34.7569
3.04168 	-34.7704
3.04406 	-34.7838
3.04644 	-34.7971
3.04882 	-34.8103
3.0512 	-34.8235
3.05358 	-34.8365
3.05596 	-34.8495
3.05834 	-34.8624
3.06072 	-34.8752
3.0631 	-34.888
3.06548 	-34.9007
3.06786 	-34.9132
3.07024 	-34.9257
3.07262 	-34.9382
3.075 	-34.9505
3.07738 	-34.9628
3.07976 	-34.975
3.08214 	-34.9871
3.08452 	-34.9991
3.0869 	-35.011
3.08928 	-35.0229
3.09166 	-35.0347
3.09404 	-35.0464
3.09642 	-35.058
3.0988 	-35.0695
3.10118 	-35.081
3.10356 	-35.0924
3.10594 	-35.1037
3.10832 	-35.1149
3.1107 	-35.126
3.11308 	-35.1371
3.11546 	-35.1481
3.11784 	-35.159
3.12022 	-35.1698
3.1226 	-35.1805
3.12498 	-35.1912
3.12736 	-35.2018
3.12974 	-35.2123
3.13212 	-35.2227
3.1345 	-35.2331
3.13688 	-35.2433
3.13926 	-35.2535
3.14164 	-35.2636
3.14402 	-35.2736
3.1464 	-35.2836
3.14878 	-35.2934
3.15116 	-35.3032
3.15354 	-35.3129
3.15592 	-35.3226
3.1583 	-35.3321
3.16068 	-35.3416
3.16306 	-35.351
3.16544 	-35.3603
3.16782 	-35.3695
3.1702 	-35.3786
3.17258 	-35.3877
3.17496 	-35.3967
3.17734 	-35.4056
3.17972 	-35.4145
3.1821 	-35.4232
3.18448 	-35.4319
3.18686 	-35.4405
3.18924 	-35.449
3.19162 	-35.4574
3.194 	-35.4658
3.19638 	-35.4741
3.19876 	-35.4823
3.20114 	-35.4904
3.20352 	-35.4984
3.2059 	-35.5064
3.20828 	-35.5143
3.21066 	-35.5221
3.21304 	-35.5298
3.21542 	-35.5374
3.2178 	-35.545
3.22018 	-35.5525
3.22256 	-35.5599
3.22494 	-35.5672
3.22732 	-35.5744
3.2297 	-35.5816
3.23208 	-35.5887
3.23446 	-35.5957
3.23684 	-35.6026
3.23922 	-35.6095
3.2416 	-35.6162
3.24398 	-35.6229
3.24636 	-35.6295
3.24874 	-35.6361
3.25112 	-35.6425
3.2535 	-35.6489
3.25588 	-35.6552
3.25826 	-35.6614
3.26064 	-35.6675
3.26302 	-35.6736
3.2654 	-35.6795
3.26778 	-35.6854
3.27016 	-35.6913
3.27254 	-35.697
3.27492 	-35.7026
3.2773 	-35.7082
3.27968 	-35.7137
3.28206 	-35.7191
3.28444 	-35.7245
3.28682 	-35.7297
3.2892 	-35.7349
3.29158 	-35.74
3.29396 	-35.745
3.29634 	-35.75
3.29872 	-35.7548
3.3011 	-35.7596
3.30348 	-35.7643
3.30586 	-35.7689
3.30824 	-35.7734
3.31062 	-35.7779
3.313 	-35.7823
3.31538 	-35.7866
3.31776 	-35.7908
3.32014 	-35.7949
3.32252 	-35.799
3.3249 	-35.803
3.32728 	-35.8069
3.32966 	-35.8107
3.33204 	-35.8144
3.33442 	-35.8181
3.3368 	-35.8217
3.33918 	-35.8252
3.34156 	-35.8286
3.34394 	-35.8319
3.34632 	-35.8352
3.3487 	-35.8383
3.35108 	-35.8414
3.35346 	-35.8444
3.35584 	-35.8474
3.35822 	-35.8502
3.3606 	-35.853
3.36298 	-35.8557
3.36536 	-35.8583
3.36774 	-35.8608
3.37012 	-35.8633
3.3725 	-35.8656
3.37488 	-35.8679
3.37726 	-35.8701
3.37964 	-35.8723
3.38202 	-35.8743
3.3844 	-35.8763
3.38678 	-35.8782
3.38916 	-35.88
3.39154 	-35.8817
3.39392 	-35.8833
3.3963 	-35.8849
3.39868 	-35.8864
3.40106 	-35.8878
3.40344 	-35.8891
3.40582 	-35.8903
3.4082 	-35.8914
3.41058 	-35.8925
3.41296 	-35.8935
3.41534 	-35.8944
3.41772 	-35.8952
3.4201 	-35.896
3.42248 	-35.8966
3.42486 	-35.8972
3.42724 	-35.8977
3.42962 	-35.8981
3.432 	-35.8985
3.43438 	-35.8987
3.43676 	-35.8989
3.43914 	-35.899
3.44152 	-35.899
3.4439 	-35.8989
3.44628 	-35.8988
3.44866 	-35.8985
3.45104 	-35.8982
3.45342 	-35.8978
3.4558 	-35.8973
3.45818 	-35.8967
3.46056 	-35.8961
3.46294 	-35.8953
3.46532 	-35.8945
3.4677 	-35.8936
3.47008 	-35.8926
3.47246 	-35.8916
3.47484 	-35.8904
3.47722 	-35.8892
3.4796 	-35.8879
3.48198 	-35.8865
3.48436 	-35.885
3.48674 	-35.8834
3.48912 	-35.8818
3.4915 	-35.8801
3.49388 	-35.8783
3.49626 	-35.8764
3.49864 	-35.8744
3.50102 	-35.8723
3.5034 	-35.8702
3.50578 	-35.8679
3.50816 	-35.8656
3.51054 	-35.8632
3.51292 	-35.8607
3.5153 	-35.8582
3.51768 	-35.8555
3.52006 	-35.8528
3.52244 	-35.85
3.52482 	-35.8471
3.5272 	-35.8441
3.52958 	-35.841
3.53196 	-35.8379
3.53434 	-35.8346
3.53672 	-35.8313
3.5391 	-35.8279
3.54148 	-35.8244
3.54386 	-35.8208
3.54624 	-35.8172
3.54862 	-35.8134
3.551 	-35.8096
3.55338 	-35.8057
3.55576 	-35.8017
3.55814 	-35.7976
3.56052 	-35.7935
3.5629 	-35.7892
3.56528 	-35.7849
3.56766 	-35.7804
3.57004 	-35.7759
3.57242 	-35.7713
3.5748 	-35.7667
3.57718 	-35.7619
3.57956 	-35.757
3.58194 	-35.7521
3.58432 	-35.7471
3.5867 	-35.742
3.58908 	-35.7368
3.59146 	-35.7315
3.59384 	-35.7262
3.59622 	-35.7207
3.5986 	-35.7152
3.60098 	-35.7096
3.60336 	-35.7039
3.60574 	-35.6981
3.60812 	-35.6922
3.6105 	-35.6862
3.61288 	-35.6802
3.61526 	-35.674
3.61764 	-35.6678
3.62002 	-35.6615
3.6224 	-35.6551
3.62478 	-35.6486
3.62716 	-35.642
3.62954 	-35.6354
3.63192 	-35.6287
3.6343 	-35.6218
3.63668 	-35.6149
3.63906 	-35.6079
3.64144 	-35.6008
3.64382 	-35.5936
3.6462 	-35.5864
3.64858 	-35.579
3.65096 	-35.5716
3.65334 	-35.5641
3.65572 	-35.5564
3.6581 	-35.5487
3.66048 	-35.541
3.66286 	-35.5331
3.66524 	-35.5251
3.66762 	-35.5171
3.67 	-35.5089
3.67238 	-35.5007
3.67476 	-35.4924
3.67714 	-35.484
3.67952 	-35.4755
3.6819 	-35.4669
3.68428 	-35.4583
3.68666 	-35.4495
3.68904 	-35.4407
3.69142 	-35.4317
3.6938 	-35.4227
3.69618 	-35.4136
3.69856 	-35.4044
3.70094 	-35.3951
3.70332 	-35.3858
3.7057 	-35.3763
3.70808 	-35.3667
3.71046 	-35.3571
3.71284 	-35.3474
3.71522 	-35.3376
3.7176 	-35.3277
3.71998 	-35.3177
3.72236 	-35.3076
3.72474 	-35.2974
3.72712 	-35.2872
3.7295 	-35.2768
3.73188 	-35.2664
3.73426 	-35.2558
3.73664 	-35.2452
3.73902 	-35.2345
3.7414 	-35.2237
3.74378 	-35.2128
3.74616 	-35.2019
3.74854 	-35.1908
3.75092 	-35.1797
3.7533 	-35.1684
3.75568 	-35.1571
3.75806 	-35.1457
3.76044 	-35.1341
3.76282 	-35.1225
3.7652 	-35.1109
3.76758 	-35.0991
3.76996 	-35.0872
3.77234 	-35.0752
3.77472 	-35.0632
3.7771 	-35.051
3.77948 	-35.0388
3.78186 	-35.0265
3.78424 	-35.0141
3.78662 	-35.0016
3.789 	-34.989
3.79138 	-34.9763
3.79376 	-34.9635
3.79614 	-34.9507
3.79852 	-34.9377
3.8009 	-34.9247
3.80328 	-34.9115
3.80566 	-34.8983
3.80804 	-34.885
3.81042 	-34.8716
3.8128 	-34.8581
3.81518 	-34.8445
3.81756 	-34.8308
3.81994 	-34.817
3.82232 	-34.8032
3.8247 	-34.7892
3.82708 	-34.7752
3.82946 	-34.7611
3.83184 	-34.7468
3.83422 	-34.7325
3.8366 	-34.7181
3.83898 	-34.7036
3.84136 	-34.689
3.84374 	-34.6743
3.84612 	-34.6596
3.8485 	-34.6447
3.85088 	-34.6297
3.85326 	-34.6147
3.85564 	-34.5996
3.85802 	-34.5843
3.8604 	-34.569
3.86278 	-34.5536
3.86516 	-34.5381
3.86754 	-34.5225
3.86992 	-34.5068
3.8723 	-34.491
3.87468 	-34.4752
3.87706 	-34.4592
3.87944 	-34.4432
3.88182 	-34.427
3.8842 	-34.4108
3.88658 	-34.3944
3.88896 	-34.378
3.89134 	-34.3615
3.89372 	-34.3449
3.8961 	-34.3282
3.89848 	-34.3114
3.90086 	-34.2946
3.90324 	-34.2776
3.90562 	-34.2605
3.908 	-34.2434
3.91038 	-34.2261
3.91276 	-34.2088
3.91514 	-34.1914
3.91752 	-34.1738
3.9199 	-34.1562
3.92228 	-34.1385
3.92466 	-34.1207
3.92704 	-34.1028
3.92942 	-34.0848
3.9318 	-34.0668
3.93418 	-34.0486
3.93656 	-34.0304
3.93894 	-34.012
3.94132 	-33.9936
3.9437 	-33.975
3.94608 	-33.9564
3.94846 	-33.9377
3.95084 	-33.9189
3.95322 	-33.9
3.9556 	-33.881
3.95798 	-33.8619
3.96036 	-33.8427
3.96274 	-33.8235
3.96512 	-33.8041
3.9675 	-33.7846
3.96988 	-33.7651
3.97226 	-33.7455
3.97464 	-33.7257
3.97702 	-33.7059
3.9794 	-33.686
3.98178 	-33.666
3.98416 	-33.6459
3.98654 	-33.6257
3.98892 	-33.6054
3.9913 	-33.5851
3.99368 	-33.5646
3.99606 	-33.544
3.99844 	-33.5234
4.00082 	-33.5027
4.0032 	-33.4818
4.00558 	-33.4609
4.00796 	-33.4399
4.01034 	-33.4188
4.01272 	-33.3976
4.0151 	-33.3763
4.01748 	-33.3549
4.01986 	-33.3334
4.02224 	-33.3119
4.02462 	-33.2902
4.027 	-33.2685
4.02938 	-33.2466
4.03176 	-33.2247
4.03414 	-33.2027
4.03652 	-33.1806
4.0389 	-33.1584
4.04128 	-33.1361
4.04366 	-33.1137
4.04604 	-33.0912
4.04842 	-33.0686
4.0508 	-33.046
4.05318 	-33.0232
4.05556 	-33.0004
4.05794 	-32.9775
4.06032 	-32.9544
4.0627 	-32.9313
4.06508 	-32.9081
4.06746 	-32.8848
4.06984 	-32.8614
4.07222 	-32.8379
4.0746 	-32.8144
4.07698 	-32.7907
4.07936 	-32.767
4.08174 	-32.7431
4.08412 	-32.7192
4.0865 	-32.6952
4.08888 	-32.6711
4.09126 	-32.6469
4.09364 	-32.6226
4.09602 	-32.5982
4.0984 	-32.5737
4.10078 	-32.5491
4.10316 	-32.5245
4.10554 	-32.4997
4.10792 	-32.4749
4.1103 	-32.45
4.11268 	-32.425
4.11506 	-32.3999
4.11744 	-32.3747
4.11982 	-32.3494
4.1222 	-32.324
4.12458 	-32.2986
4.12696 	-32.273
4.12934 	-32.2474
4.13172 	-32.2217
4.1341 	-32.1958
4.13648 	-32.1699
4.13886 	-32.1439
4.14124 	-32.1179
4.14362 	-32.0917
4.146 	-32.0654
4.14838 	-32.0391
4.15076 	-32.0126
4.15314 	-31.9861
4.15552 	-31.9595
4.1579 	-31.9328
4.16028 	-31.906
4.16266 	-31.8791
4.16504 	-31.8522
4.16742 	-31.8251
4.1698 	-31.798
4.17218 	-31.7708
4.17456 	-31.7434
4.17694 	-31.716
4.17932 	-31.6885
4.1817 	-31.661
4.18408 	-31.6333
4.18646 	-31.6056
4.18884 	-31.5777
4.19122 	-31.5498
4.1936 	-31.5218
4.19598 	-31.4937
4.19836 	-31.4655
4.20074 	-31.4372
4.20312 	-31.4089
4.2055 	-31.3804
4.20788 	-31.3519
4.21026 	-31.3233
4.21264 	-31.2946
4.21502 	-31.2658
4.2174 	-31.2369
4.21978 	-31.208
4.22216 	-31.1789
4.22454 	-31.1498
4.22692 	-31.1206
4.2293 	-31.0913
4.23168 	-31.0619
4.23406 	-31.0325
4.23644 	-31.0029
4.23882 	-30.9733
4.2412 	-30.9436
4.24358 	-30.9138
4.24596 	-30.8839
4.24834 	-30.8539
4.25072 	-30.8239
4.2531 	-30.7937
4.25548 	-30.7635
4.25786 	-30.7332
4.26024 	-30.7028
4.26262 	-30.6724
4.265 	-30.6418
4.26738 	-30.6112
4.26976 	-30.5805
4.27214 	-30.5497
4.27452 	-30.5188
4.2769 	-30.4879
4.27928 	-30.4568
4.28166 	-30.4257
4.28404 	-30.3945
4.28642 	-30.3632
4.2888 	-30.3318
4.29118 	-30.3004
4.29356 	-30.2689
4.29594 	-30.2373
4.29832 	-30.2056
4.3007 	-30.1738
4.30308 	-30.142
4.30546 	-30.11
4.30784 	-30.078
4.31022 	-30.046
4.3126 	-30.0138
4.31498 	-29.9816
4.31736 	-29.9492
4.31974 	-29.9168
4.32212 	-29.8844
4.3245 	-29.8518
4.32688 	-29.8192
4.32926 	-29.7864
4.33164 	-29.7537
4.33402 	-29.7208
4.3364 	-29.6878
4.33878 	-29.6548
4.34116 	-29.6217
4.34354 	-29.5885
4.34592 	-29.5553
4.3483 	-29.522
4.35068 	-29.4886
4.35306 	-29.4551
4.35544 	-29.4215
4.35782 	-29.3879
4.3602 	-29.3542
4.36258 	-29.3204
4.36496 	-29.2866
4.36734 	-29.2526
4.36972 	-29.2186
4.3721 	-29.1845
4.37448 	-29.1504
4.37686 	-29.1162
4.37924 	-29.0819
4.38162 	-29.0475
4.384 	-29.013
4.38638 	-28.9785
4.38876 	-28.9439
4.39114 	-28.9093
4.39352 	-28.8745
4.3959 	-28.8397
4.39828 	-28.8048
4.40066 	-28.7699
4.40304 	-28.7349
4.40542 	-28.6998
4.4078 	-28.6646
4.41018 	-28.6294
4.41256 	-28.5941
4.41494 	-28.5587
4.41732 	-28.5232
4.4197 	-28.4877
4.42208 	-28.4521
4.42446 	-28.4165
4.42684 	-28.3808
4.42922 	-28.345
4.4316 	-28.3091
4.43398 	-28.2732
4.43636 	-28.2372
4.43874 	-28.2011
4.44112 	-28.165
4.4435 	-28.1288
4.44588 	-28.0925
4.44826 	-28.0562
4.45064 	-28.0198
4.45302 	-27.9833
4.4554 	-27.9468
4.45778 	-27.9102
4.46016 	-27.8735
4.46254 	-27.8368
4.46492 	-27.8
4.4673 	-27.7632
4.46968 	-27.7262
4.47206 	-27.6893
4.47444 	-27.6522
4.47682 	-27.6151
4.4792 	-27.5779
4.48158 	-27.5407
4.48396 	-27.5034
4.48634 	-27.466
4.48872 	-27.4286
4.4911 	-27.3911
4.49348 	-27.3536
4.49586 	-27.316
4.49824 	-27.2783
4.50062 	-27.2406
4.503 	-27.2028
4.50538 	-27.1649
4.50776 	-27.127
4.51014 	-27.0891
4.51252 	-27.051
4.5149 	-27.0129
4.51728 	-26.9748
4.51966 	-26.9366
4.52204 	-26.8983
4.52442 	-26.86
4.5268 	-26.8216
4.52918 	-26.7832
4.53156 	-26.7447
4.53394 	-26.7062
4.53632 	-26.6676
4.5387 	-26.6289
4.54108 	-26.5902
4.54346 	-26.5514
4.54584 	-26.5126
4.54822 	-26.4737
4.5506 	-26.4348
4.55298 	-26.3958
4.55536 	-26.3567
4.55774 	-26.3176
4.56012 	-26.2785
4.5625 	-26.2393
4.56488 	-26.2
4.56726 	-26.1607
4.56964 	-26.1214
4.57202 	-26.082
4.5744 	-26.0425
4.57678 	-26.003
4.57916 	-25.9634
4.58154 	-25.9238
4.58392 	-25.8841
4.5863 	-25.8444
4.58868 	-25.8047
4.59106 	-25.7648
4.59344 	-25.725
4.59582 	-25.6851
4.5982 	-25.6451
4.60058 	-25.6051
4.60296 	-25.5651
4.60534 	-25.525
4.60772 	-25.4848
4.6101 	-25.4446
4.61248 	-25.4044
4.61486 	-25.3641
4.61724 	-25.3238
4.61962 	-25.2834
4.622 	-25.243
4.62438 	-25.2025
4.62676 	-25.162
4.62914 	-25.1214
4.63152 	-25.0808
4.6339 	-25.0402
4.63628 	-24.9995
4.63866 	-24.9588
4.64104 	-24.918
4.64342 	-24.8772
4.6458 	-24.8363
4.64818 	-24.7955
4.65056 	-24.7545
4.65294 	-24.7135
4.65532 	-24.6725
4.6577 	-24.6315
4.66008 	-24.5904
4.66246 	-24.5492
4.66484 	-24.5081
4.66722 	-24.4669
4.6696 	-24.4256
4.67198 	-24.3843
4.67436 	-24.343
4.67674 	-24.3016
4.67912 	-24.2603
4.6815 	-24.2188
4.68388 	-24.1773
4.68626 	-24.1358
4.68864 	-24.0943
4.69102 	-24.0527
4.6934 	-24.0111
4.69578 	-23.9695
4.69816 	-23.9278
4.70054 	-23.8861
4.70292 	-23.8443
4.7053 	-23.8026
4.70768 	-23.7608
4.71006 	-23.7189
4.71244 	-23.677
4.71482 	-23.6351
4.7172 	-23.5932
4.71958 	-23.5512
4.72196 	-23.5092
4.72434 	-23.4672
4.72672 	-23.4252
4.7291 	-23.3831
4.73148 	-23.341
4.73386 	-23.2988
4.73624 	-23.2566
4.73862 	-23.2144
4.741 	-23.1722
4.74338 	-23.13
4.74576 	-23.0877
4.74814 	-23.0454
4.75052 	-23.003
4.7529 	-22.9607
4.75528 	-22.9183
4.75766 	-22.8759
4.76004 	-22.8335
4.76242 	-22.791
4.7648 	-22.7485
4.76718 	-22.706
4.76956 	-22.6635
4.77194 	-22.6209
4.77432 	-22.5784
4.7767 	-22.5358
4.77908 	-22.4932
4.78146 	-22.4505
4.78384 	-22.4079
4.78622 	-22.3652
4.7886 	-22.3225
4.79098 	-22.2798
4.79336 	-22.237
4.79574 	-22.1943
4.79812 	-22.1515
4.8005 	-22.1087
4.80288 	-22.0659
4.80526 	-22.0231
4.80764 	-21.9802
4.81002 	-21.9373
4.8124 	-21.8945
4.81478 	-21.8516
4.81716 	-21.8087
4.81954 	-21.7657
4.82192 	-21.7228
4.8243 	-21.6798
4.82668 	-21.6369
4.82906 	-21.5939
4.83144 	-21.5509
4.83382 	-21.5079
4.8362 	-21.4648
4.83858 	-21.4218
4.84096 	-21.3787
4.84334 	-21.3357
4.84572 	-21.2926
4.8481 	-21.2495
4.85048 	-21.2064
4.85286 	-21.1633
4.85524 	-21.1202
4.85762 	-21.0771
4.86 	-21.0339
4.86238 	-20.9908
4.86476 	-20.9477
4.86714 	-20.9045
4.86952 	-20.8613
4.8719 	-20.8181
4.87428 	-20.775
4.87666 	-20.7318
4.87904 	-20.6886
4.88142 	-20.6454
4.8838 	-20.6022
4.88618 	-20.559
4.88856 	-20.5157
4.89094 	-20.4725
4.89332 	-20.4293
4.8957 	-20.3861
4.89808 	-20.3428
4.90046 	-20.2996
4.90284 	-20.2564
4.90522 	-20.2131
4.9076 	-20.1699
4.90998 	-20.1266
4.91236 	-20.0834
4.91474 	-20.0402
4.91712 	-19.9969
4.9195 	-19.9537
4.92188 	-19.9104
4.92426 	-19.8672
4.92664 	-19.8239
4.92902 	-19.7807
4.9314 	-19.7374
4.93378 	-19.6942
4.93616 	-19.651
4.93854 	-19.6077
4.94092 	-19.5645
4.9433 	-19.5213
4.94568 	-19.478
4.94806 	-19.4348
4.95044 	-19.3916
4.95282 	-19.3484
4.9552 	-19.3052
4.95758 	-19.262
4.95996 	-19.2188
4.96234 	-19.1756
4.96472 	-19.1324
4.9671 	-19.0892
4.96948 	-19.0461
4.97186 	-19.0029
4.97424 	-18.9598
4.97662 	-18.9166
4.979 	-18.8735
4.98138 	-18.8304
4.98376 	-18.7872
4.98614 	-18.7441
4.98852 	-18.701
4.9909 	-18.658
4.99328 	-18.6149
4.99566 	-18.5718
4.99804 	-18.5288
5.00042 	-18.4857
5.0028 	-18.4427
5.00518 	-18.3997
5.00756 	-18.3567
5.00994 	-18.3137
5.01232 	-18.2707
5.0147 	-18.2277
5.01708 	-18.1848
5.01946 	-18.1418
5.02184 	-18.0989
5.02422 	-18.056
5.0266 	-18.0131
5.02898 	-17.9703
5.03136 	-17.9274
5.03374 	-17.8846
5.03612 	-17.8417
5.0385 	-17.7989
5.04088 	-17.7561
5.04326 	-17.7134
5.04564 	-17.6706
5.04802 	-17.6279
5.0504 	-17.5851
5.05278 	-17.5424
5.05516 	-17.4998
5.05754 	-17.4571
5.05992 	-17.4145
5.0623 	-17.3718
5.06468 	-17.3292
5.06706 	-17.2867
5.06944 	-17.2441
5.07182 	-17.2016
5.0742 	-17.1591
5.07658 	-17.1166
5.07896 	-17.0741
5.08134 	-17.0317
5.08372 	-16.9892
5.0861 	-16.9468
5.08848 	-16.9045
5.09086 	-16.8621
5.09324 	-16.8198
5.09562 	-16.7775
5.098 	-16.7352
5.10038 	-16.6929
5.10276 	-16.6507
5.10514 	-16.6085
5.10752 	-16.5663
5.1099 	-16.5242
5.11228 	-16.4821
5.11466 	-16.44
5.11704 	-16.3979
5.11942 	-16.3559
5.1218 	-16.3139
5.12418 	-16.2719
5.12656 	-16.2299
5.12894 	-16.188
5.13132 	-16.1461
5.1337 	-16.1042
5.13608 	-16.0624
5.13846 	-16.0206
5.14084 	-15.9788
5.14322 	-15.9371
5.1456 	-15.8954
5.14798 	-15.8537
5.15036 	-15.812
5.15274 	-15.7704
5.15512 	-15.7288
5.1575 	-15.6873
5.15988 	-15.6457
5.16226 	-15.6043
5.16464 	-15.5628
5.16702 	-15.5214
5.1694 	-15.48
5.17178 	-15.4386
5.17416 	-15.3973
5.17654 	-15.356
5.17892 	-15.3148
5.1813 	-15.2735
5.18368 	-15.2324
5.18606 	-15.1912
5.18844 	-15.1501
5.19082 	-15.109
5.1932 	-15.068
5.19558 	-15.027
5.19796 	-14.986
5.20034 	-14.9451
5.20272 	-14.9042
5.2051 	-14.8634
5.20748 	-14.8226
5.20986 	-14.7818
5.21224 	-14.741
5.21462 	-14.7003
5.217 	-14.6597
5.21938 	-14.6191
5.22176 	-14.5785
5.22414 	-14.5379
5.22652 	-14.4974
5.2289 	-14.457
5.23128 	-14.4166
5.23366 	-14.3762
5.23604 	-14.3358
5.23842 	-14.2955
5.2408 	-14.2553
5.24318 	-14.2151
5.24556 	-14.1749
5.24794 	-14.1348
5.25032 	-14.0947
5.2527 	-14.0546
5.25508 	-14.0146
5.25746 	-13.9747
5.25984 	-13.9348
5.26222 	-13.8949
5.2646 	-13.8551
5.26698 	-13.8153
5.26936 	-13.7755
5.27174 	-13.7358
5.27412 	-13.6962
5.2765 	-13.6566
5.27888 	-13.617
5.28126 	-13.5775
5.28364 	-13.538
5.28602 	-13.4986
5.2884 	-13.4592
5.29078 	-13.4199
5.29316 	-13.3806
5.29554 	-13.3414
5.29792 	-13.3022
5.3003 	-13.263
5.30268 	-13.2239
5.30506 	-13.1849
5.30744 	-13.1459
5.30982 	-13.1069
5.3122 	-13.068
5.31458 	-13.0291
5.31696 	-12.9903
5.31934 	-12.9516
5.32172 	-12.9128
5.3241 	-12.8742
5.32648 	-12.8356
5.32886 	-12.797
5.33124 	-12.7585
5.33362 	-12.72
5.336 	-12.6816
5.33838 	-12.6432
5.34076 	-12.6049
5.34314 	-12.5666
5.34552 	-12.5284
5.3479 	-12.4903
5.35028 	-12.4522
5.35266 	-12.4141
5.35504 	-12.3761
5.35742 	-12.3381
5.3598 	-12.3002
5.36218 	-12.2624
5.36456 	-12.2246
5.36694 	-12.1868
5.36932 	-12.1491
5.3717 	-12.1115
5.37408 	-12.0739
5.37646 	-12.0363
5.37884 	-11.9988
5.38122 	-11.9614
5.3836 	-11.924
5.38598 	-11.8867
5.38836 	-11.8494
5.39074 	-11.8122
5.39312 	-11.775
5.3955 	-11.7379
5.39788 	-11.7009
5.40026 	-11.6639
5.40264 	-11.6269
5.40502 	-11.59
5.4074 	-11.5532
5.40978 	-11.5164
5.41216 	-11.4797
5.41454 	-11.443
5.41692 	-11.4064
5.4193 	-11.3698
5.42168 	-11.3333
5.42406 	-11.2969
5.42644 	-11.2605
5.42882 	-11.2242
5.4312 	-11.1879
5.43358 	-11.1517
5.43596 	-11.1155
5.43834 	-11.0794
5.44072 	-11.0433
5.4431 	-11.0073
5.44548 	-10.9714
5.44786 	-10.9355
5.45024 	-10.8997
5.45262 	-10.8639
5.455 	-10.8282
5.45738 	-10.7926
5.45976 	-10.757
5.46214 	-10.7215
5.46452 	-10.686
5.4669 	-10.6506
5.46928 	-10.6152
5.47166 	-10.5799
5.47404 	-10.5447
5.47642 	-10.5095
5.4788 	-10.4744
5.48118 	-10.4393
5.48356 	-10.4043
5.48594 	-10.3694
5.48832 	-10.3345
5.4907 	-10.2997
5.49308 	-10.2649
5.49546 	-10.2302
5.49784 	-10.1955
5.50022 	-10.1609
5.5026 	-10.1264
5.50498 	-10.092
5.50736 	-10.0575
5.50974 	-10.0232
5.51212 	-9.98891
5.5145 	-9.95468
5.51688 	-9.92052
5.51926 	-9.88641
5.52164 	-9.85237
5.52402 	-9.81839
5.5264 	-9.78446
5.52878 	-9.7506
5.53116 	-9.7168
5.53354 	-9.68306
5.53592 	-9.64939
5.5383 	-9.61577
5.54068 	-9.58221
5.54306 	-9.54872
5.54544 	-9.51529
5.54782 	-9.48192
5.5502 	-9.44861
5.55258 	-9.41536
5.55496 	-9.38218
5.55734 	-9.34906
5.55972 	-9.31599
5.5621 	-9.283
5.56448 	-9.25006
5.56686 	-9.21718
5.56924 	-9.18437
5.57162 	-9.15162
5.574 	-9.11893
5.57638 	-9.08631
5.57876 	-9.05375
5.58114 	-9.02125
5.58352 	-8.98881
5.5859 	-8.95643
5.58828 	-8.92412
5.59066 	-8.89187
5.59304 	-8.85969
5.59542 	-8.82756
5.5978 	-8.7955
5.60018 	-8.76351
5.60256 	-8.73157
5.60494 	-8.6997
5.60732 	-8.66789
5.6097 	-8.63615
5.61208 	-8.60447
5.61446 	-8.57285
5.61684 	-8.54129
5.61922 	-8.5098
5.6216 	-8.47837
5.62398 	-8.44701
5.62636 	-8.41571
5.62874 	-8.38447
5.63112 	-8.3533
5.6335 	-8.32219
5.63588 	-8.29114
5.63826 	-8.26016
5.64064 	-8.22924
5.64302 	-8.19838
5.6454 	-8.16759
5.64778 	-8.13687
5.65016 	-8.1062
5.65254 	-8.0756
5.65492 	-8.04507
5.6573 	-8.01459
5.65968 	-7.98419
5.66206 	-7.95384
5.66444 	-7.92356
5.66682 	-7.89335
5.6692 	-7.86319
5.67158 	-7.83311
5.67396 	-7.80308
5.67634 	-7.77312
5.67872 	-7.74323
5.6811 	-7.7134
5.68348 	-7.68363
5.68586 	-7.65393
5.68824 	-7.62429
5.69062 	-7.59471
5.693 	-7.5652
5.69538 	-7.53576
5.69776 	-7.50637
5.70014 	-7.47706
5.70252 	-7.4478
5.7049 	-7.41861
5.70728 	-7.38949
5.70966 	-7.36043
5.71204 	-7.33143
5.71442 	-7.3025
5.7168 	-7.27363
5.71918 	-7.24483
5.72156 	-7.21609
5.72394 	-7.18741
5.72632 	-7.1588
5.7287 	-7.13026
5.73108 	-7.10177
5.73346 	-7.07336
5.73584 	-7.045
5.73822 	-7.01671
5.7406 	-6.98849
5.74298 	-6.96033
5.74536 	-6.93223
5.74774 	-6.9042
5.75012 	-6.87623
5.7525 	-6.84832
5.75488 	-6.82048
5.75726 	-6.79271
5.75964 	-6.765
5.76202 	-6.73735
5.7644 	-6.70977
5.76678 	-6.68225
5.76916 	-6.65479
5.77154 	-6.6274
5.77392 	-6.60007
5.7763 	-6.57281
5.77868 	-6.54561
5.78106 	-6.51847
5.78344 	-6.4914
5.78582 	-6.4644
5.7882 	-6.43745
5.79058 	-6.41057
5.79296 	-6.38376
5.79534 	-6.35701
5.79772 	-6.33032
5.8001 	-6.30369
5.80248 	-6.27713
5.80486 	-6.25064
5.80724 	-6.2242
5.80962 	-6.19784
5.812 	-6.17153
5.81438 	-6.14529
5.81676 	-6.11911
5.81914 	-6.09299
5.82152 	-6.06694
5.8239 	-6.04096
5.82628 	-6.01503
5.82866 	-5.98917
5.83104 	-5.96337
5.83342 	-5.93764
5.8358 	-5.91197
5.83818 	-5.88636
5.84056 	-5.86081
5.84294 	-5.83533
5.84532 	-5.80991
5.8477 	-5.78456
5.85008 	-5.75927
5.85246 	-5.73404
5.85484 	-5.70887
5.85722 	-5.68377
5.8596 	-5.65873
5.86198 	-5.63375
5.86436 	-5.60884
5.86674 	-5.58398
5.86912 	-5.55919
5.8715 	-5.53447
5.87388 	-5.5098
5.87626 	-5.4852
5.87864 	-5.46066
5.88102 	-5.43618
5.8834 	-5.41177
5.88578 	-5.38742
5.88816 	-5.36313
5.89054 	-5.3389
5.89292 	-5.31473
5.8953 	-5.29063
5.89768 	-5.26659
5.90006 	-5.24261
5.90244 	-5.21869
5.90482 	-5.19484
5.9072 	-5.17104
5.90958 	-5.14731
5.91196 	-5.12364
5.91434 	-5.10003
5.91672 	-5.07649
5.9191 	-5.053
5.92148 	-5.02958
5.92386 	-5.00621
5.92624 	-4.98291
5.92862 	-4.95967
5.931 	-4.93649
5.93338 	-4.91338
5.93576 	-4.89032
5.93814 	-4.86733
5.94052 	-4.84439
5.9429 	-4.82152
5.94528 	-4.7987
5.94766 	-4.77595
5.95004 	-4.75326
5.95242 	-4.73063
5.9548 	-4.70806
5.95718 	-4.68555
5.95956 	-4.6631
5.96194 	-4.64071
5.96432 	-4.61838
5.9667 	-4.59612
5.96908 	-4.57391
5.97146 	-4.55176
5.97384 	-4.52967
5.97622 	-4.50764
5.9786 	-4.48567
5.98098 	-4.46377
5.98336 	-4.44192
5.98574 	-4.42013
5.98812 	-4.3984
5.9905 	-4.37673
5.99288 	-4.35512
5.99526 	-4.33357
5.99764 	-4.31207
6.00002 	-4.29064
6.0024 	-4.26927
6.00478 	-4.24795
6.00716 	-4.2267
6.00954 	-4.2055
6.01192 	-4.18436
6.0143 	-4.16328
6.01668 	-4.14226
6.01906 	-4.1213
6.02144 	-4.10039
6.02382 	-4.07955
6.0262 	-4.05876
6.02858 	-4.03803
6.03096 	-4.01736
6.03334 	-3.99675
6.03572 	-3.97619
6.0381 	-3.9557
6.04048 	-3.93526
6.04286 	-3.91488
6.04524 	-3.89455
6.04762 	-3.87429
6.05 	-3.85408
6.05238 	-3.83393
6.05476 	-3.81383
6.05714 	-3.79379
6.05952 	-3.77381
6.0619 	-3.75389
6.06428 	-3.73403
6.06666 	-3.71422
6.06904 	-3.69447
6.07142 	-3.67477
6.0738 	-3.65513
6.07618 	-3.63555
6.07856 	-3.61602
6.08094 	-3.59655
6.08332 	-3.57714
6.0857 	-3.55778
6.08808 	-3.53848
6.09046 	-3.51924
6.09284 	-3.50005
6.09522 	-3.48092
6.0976 	-3.46184
6.09998 	-3.44282
6.10236 	-3.42385
6.10474 	-3.40494
6.10712 	-3.38608
6.1095 	-3.36728
6.11188 	-3.34854
6.11426 	-3.32985
6.11664 	-3.31121
6.11902 	-3.29263
6.1214 	-3.27411
6.12378 	-3.25564
6.12616 	-3.23722
6.12854 	-3.21886
6.13092 	-3.20055
6.1333 	-3.1823
6.13568 	-3.1641
6.13806 	-3.14596
6.14044 	-3.12787
6.14282 	-3.10983
6.1452 	-3.09185
6.14758 	-3.07392
6.14996 	-3.05604
6.15234 	-3.03822
6.15472 	-3.02045
6.1571 	-3.00274
6.15948 	-2.98508
6.16186 	-2.96747
6.16424 	-2.94991
6.16662 	-2.93241
6.169 	-2.91496
6.17138 	-2.89756
6.17376 	-2.88022
6.17614 	-2.86293
6.17852 	-2.84569
6.1809 	-2.8285
6.18328 	-2.81137
6.18566 	-2.79429
6.18804 	-2.77726
6.19042 	-2.76028
6.1928 	-2.74335
6.19518 	-2.72648
6.19756 	-2.70966
6.19994 	-2.69288
6.20232 	-2.67617
6.2047 	-2.6595
6.20708 	-2.64288
6.20946 	-2.62631
6.21184 	-2.6098
6.21422 	-2.59334
6.2166 	-2.57692
6.21898 	-2.56056
6.22136 	-2.54425
6.22374 	-2.52799
6.22612 	-2.51178
6.2285 	-2.49562
6.23088 	-2.47951
6.23326 	-2.46345
6.23564 	-2.44745
6.23802 	-2.43149
6.2404 	-2.41558
6.24278 	-2.39972
6.24516 	-2.38391
6.24754 	-2.36815
6.24992 	-2.35244
6.2523 	-2.33678
6.25468 	-2.32116
6.25706 	-2.3056
6.25944 	-2.29009
6.26182 	-2.27462
6.2642 	-2.25921
6.26658 	-2.24384
6.26896 	-2.22852
6.27134 	-2.21325
6.27372 	-2.19803
6.2761 	-2.18286
6.27848 	-2.16773
6.28086 	-2.15266
6.28324 	-2.13763
6.28562 	-2.12265
6.288 	-2.10772
6.29038 	-2.09283
6.29276 	-2.07799
6.29514 	-2.06321
6.29752 	-2.04846
6.2999 	-2.03377
6.30228 	-2.01912
6.30466 	-2.00452
6.30704 	-1.98997
6.30942 	-1.97546
6.3118 	-1.961
6.31418 	-1.94659
6.31656 	-1.93222
6.31894 	-1.9179
6.32132 	-1.90363
6.3237 	-1.8894
6.32608 	-1.87522
6.32846 	-1.86108
6.33084 	-1.84699
6.33322 	-1.83295
6.3356 	-1.81895
6.33798 	-1.805
6.34036 	-1.7911
6.34274 	-1.77724
6.34512 	-1.76342
6.3475 	-1.74965
6.34988 	-1.73592
6.35226 	-1.72225
6.35464 	-1.70861
6.35702 	-1.69502
6.3594 	-1.68148
6.36178 	-1.66797
6.36416 	-1.65452
6.36654 	-1.64111
6.36892 	-1.62774
6.3713 	-1.61442
6.37368 	-1.60114
6.37606 	-1.5879
6.37844 	-1.57471
6.38082 	-1.56156
6.3832 	-1.54846
6.38558 	-1.5354
6.38796 	-1.52238
6.39034 	-1.50941
6.39272 	-1.49648
6.3951 	-1.4836
6.39748 	-1.47075
6.39986 	-1.45795
6.40224 	-1.44519
6.40462 	-1.43248
6.407 	-1.41981
6.40938 	-1.40718
6.41176 	-1.39459
6.41414 	-1.38205
6.41652 	-1.36954
6.4189 	-1.35708
6.42128 	-1.34467
6.42366 	-1.33229
6.42604 	-1.31996
6.42842 	-1.30766
6.4308 	-1.29541
6.43318 	-1.2832
6.43556 	-1.27103
6.43794 	-1.25891
6.44032 	-1.24682
6.4427 	-1.23478
6.44508 	-1.22278
6.44746 	-1.21081
6.44984 	-1.19889
6.45222 	-1.18701
6.4546 	-1.17517
6.45698 	-1.16337
6.45936 	-1.15161
6.46174 	-1.13989
6.46412 	-1.12822
6.4665 	-1.11658
6.46888 	-1.10498
6.47126 	-1.09342
6.47364 	-1.0819
6.47602 	-1.07042
6.4784 	-1.05898
6.48078 	-1.04758
6.48316 	-1.03622
6.48554 	-1.0249
6.48792 	-1.01362
6.4903 	-1.00238
6.49268 	-0.991175
6.49506 	-0.98001
6.49744 	-0.968884
6.49982 	-0.957797
6.5022 	-0.946748
6.50458 	-0.935738
6.50696 	-0.924767
6.50934 	-0.913833
6.51172 	-0.902938
6.5141 	-0.892081
6.51648 	-0.881262
6.51886 	-0.870481
6.52124 	-0.859738
6.52362 	-0.849032
6.526 	-0.838364
6.52838 	-0.827734
6.53076 	-0.817141
6.53314 	-0.806585
6.53552 	-0.796067
6.5379 	-0.785585
6.54028 	-0.775141
6.54266 	-0.764734
6.54504 	-0.754363
6.54742 	-0.744029
6.5498 	-0.733732
6.55218 	-0.723471
6.55456 	-0.713247
6.55694 	-0.703059
6.55932 	-0.692908
6.5617 	-0.682792
6.56408 	-0.672713
6.56646 	-0.662669
6.56884 	-0.652662
6.57122 	-0.64269
6.5736 	-0.632754
6.57598 	-0.622853
6.57836 	-0.612988
6.58074 	-0.603158
6.58312 	-0.593363
6.5855 	-0.583604
6.58788 	-0.57388
6.59026 	-0.56419
6.59264 	-0.554536
6.59502 	-0.544916
6.5974 	-0.535331
6.59978 	-0.525781
6.60216 	-0.516265
6.60454 	-0.506784
6.60692 	-0.497337
6.6093 	-0.487924
6.61168 	-0.478545
6.61406 	-0.469201
6.61644 	-0.45989
6.61882 	-0.450613
6.6212 	-0.44137
6.62358 	-0.43216
6.62596 	-0.422984
6.62834 	-0.413842
6.63072 	-0.404733
6.6331 	-0.395657
6.63548 	-0.386615
6.63786 	-0.377605
6.64024 	-0.368629
6.64262 	-0.359685
6.645 	-0.350774
6.64738 	-0.341896
6.64976 	-0.333051
6.65214 	-0.324238
6.65452 	-0.315458
6.6569 	-0.306709
6.65928 	-0.297994
6.66166 	-0.28931
6.66404 	-0.280659
6.66642 	-0.272039
6.6688 	-0.263451
6.67118 	-0.254896
6.67356 	-0.246371
6.67594 	-0.237879
6.67832 	-0.229418
6.6807 	-0.220988
6.68308 	-0.21259
6.68546 	-0.204223
6.68784 	-0.195888
6.69022 	-0.187583
6.6926 	-0.17931
6.69498 	-0.171067
6.69736 	-0.162855
6.69974 	-0.154674
6.70212 	-0.146523
6.7045 	-0.138403
6.70688 	-0.130314
6.70926 	-0.122255
6.71164 	-0.114226
6.71402 	-0.106227
6.7164 	-0.0982586
6.71878 	-0.09032
6.72116 	-0.0824115
6.72354 	-0.0745327
6.72592 	-0.0666837
6.7283 	-0.0588644
6.73068 	-0.0510747
6.73306 	-0.0433145
6.73544 	-0.0355836
6.73782 	-0.0278821
6.7402 	-0.0202099
6.74258 	-0.0125668
6.74496 	-0.00495274
6.74734 	0.00263232
6.74972 	0.0101885
6.7521 	0.0177158
6.75448 	0.0252145
6.75686 	0.0326845
6.75924 	0.0401259
6.76162 	0.0475389
6.764 	0.0549235
6.76638 	0.0622798
6.76876 	0.0696079
6.77114 	0.0769078
6.77352 	0.0841798
6.7759 	0.0914237
6.77828 	0.0986398
6.78066 	0.105828
6.78304 	0.112989
6.78542 	0.120122
6.7878 	0.127227
6.79018 	0.134305
6.79256 	0.141355
6.79494 	0.148379
6.79732 	0.155375
6.7997 	0.162344
6.80208 	0.169286
6.80446 	0.1762
6.80684 	0.183088
6.80922 	0.18995
6.8116 	0.196784
6.81398 	0.203592
6.81636 	0.210373
6.81874 	0.217128
6.82112 	0.223857
6.8235 	0.230559
6.82588 	0.237234
6.82826 	0.243884
6.83064 	0.250508
6.83302 	0.257105
6.8354 	0.263677
6.83778 	0.270223
6.84016 	0.276743
6.84254 	0.283238
6.84492 	0.289706
6.8473 	0.29615
6.84968 	0.302568
6.85206 	0.30896
6.85444 	0.315327
6.85682 	0.321669
6.8592 	0.327986
6.86158 	0.334278
6.86396 	0.340545
6.86634 	0.346787
6.86872 	0.353004
6.8711 	0.359196
6.87348 	0.365364
6.87586 	0.371507
6.87824 	0.377626
6.88062 	0.38372
6.883 	0.38979
6.88538 	0.395835
6.88776 	0.401856
6.89014 	0.407854
6.89252 	0.413827
6.8949 	0.419776
6.89728 	0.425701
6.89966 	0.431603
6.90204 	0.43748
6.90442 	0.443334
6.9068 	0.449165
6.90918 	0.454971
6.91156 	0.460755
6.91394 	0.466515
6.91632 	0.472251
6.9187 	0.477965
6.92108 	0.483655
6.92346 	0.489322
6.92584 	0.494966
6.92822 	0.500588
6.9306 	0.506186
6.93298 	0.511761
6.93536 	0.517314
6.93774 	0.522844
6.94012 	0.528352
6.9425 	0.533837
6.94488 	0.5393
6.94726 	0.54474
6.94964 	0.550158
6.95202 	0.555554
6.9544 	0.560927
6.95678 	0.566279
6.95916 	0.571608
6.96154 	0.576916
6.96392 	0.582201
6.9663 	0.587465
6.96868 	0.592707
6.97106 	0.597928
6.97344 	0.603126
6.97582 	0.608304
6.9782 	0.61346
6.98058 	0.618594
6.98296 	0.623707
6.98534 	0.628799
6.98772 	0.63387
6.9901 	0.63892
6.99248 	0.643948
6.99486 	0.648956
6.99724 	0.653943
6.99962 	0.658909
7.002 	0.663854
7.00438 	0.668778
7.00676 	0.673682
7.00914 	0.678565
7.01152 	0.683428
7.0139 	0.68827
7.01628 	0.693092
7.01866 	0.697893
7.02104 	0.702675
7.02342 	0.707436
7.0258 	0.712177
7.02818 	0.716898
7.03056 	0.721599
7.03294 	0.72628
7.03532 	0.730942
7.0377 	0.735583
7.04008 	0.740205
7.04246 	0.744807
7.04484 	0.74939
7.04722 	0.753953
7.0496 	0.758496
7.05198 	0.763021
7.05436 	0.767525
7.05674 	0.772011
7.05912 	0.776477
7.0615 	0.780925
7.06388 	0.785353
7.06626 	0.789762
7.06864 	0.794152
7.07102 	0.798524
7.0734 	0.802876
7.07578 	0.80721
7.07816 	0.811525
7.08054 	0.815822
7.08292 	0.820099
7.0853 	0.824359
7.08768 	0.8286
7.09006 	0.832822
7.09244 	0.837026
7.09482 	0.841212
7.0972 	0.84538
7.09958 	0.84953
7.10196 	0.853661
7.10434 	0.857775
7.10672 	0.86187
7.1091 	0.865948
7.11148 	0.870007
7.11386 	0.874049
7.11624 	0.878073
7.11862 	0.88208
7.121 	0.886069
7.12338 	0.89004
7.12576 	0.893994
7.12814 	0.897931
7.13052 	0.90185
7.1329 	0.905752
7.13528 	0.909636
7.13766 	0.913504
7.14004 	0.917354
7.14242 	0.921187
7.1448 	0.925003
7.14718 	0.928802
7.14956 	0.932584
7.15194 	0.93635
7.15432 	0.940098
7.1567 	0.94383
7.15908 	0.947545
7.16146 	0.951244
7.16384 	0.954926
7.16622 	0.958591
7.1686 	0.96224
7.17098 	0.965873
7.17336 	0.969489
7.17574 	0.973089
7.17812 	0.976673
7.1805 	0.98024
7.18288 	0.983792
7.18526 	0.987327
7.18764 	0.990846
7.19002 	0.99435
7.1924 	0.997837
7.19478 	1.00131
7.19716 	1.00476
7.19954 	1.0082
7.20192 	1.01163
7.2043 	1.01504
7.20668 	1.01843
7.20906 	1.02181
7.21144 	1.02517
7.21382 	1.02852
7.2162 	1.03185
7.21858 	1.03516
7.22096 	1.03847
7.22334 	1.04175
7.22572 	1.04502
7.2281 	1.04828
7.23048 	1.05152
7.23286 	1.05474
7.23524 	1.05795
7.23762 	1.06115
7.24 	1.06433
7.24238 	1.06749
7.24476 	1.07065
7.24714 	1.07378
7.24952 	1.0769
7.2519 	1.08001
7.25428 	1.0831
7.25666 	1.08618
7.25904 	1.08924
7.26142 	1.09229
7.2638 	1.09533
7.26618 	1.09835
7.26856 	1.10136
7.27094 	1.10435
7.27332 	1.10733
7.2757 	1.11029
7.27808 	1.11324
7.28046 	1.11618
7.28284 	1.1191
7.28522 	1.12201
7.2876 	1.1249
7.28998 	1.12778
7.29236 	1.13065
7.29474 	1.1335
7.29712 	1.13634
7.2995 	1.13916
7.30188 	1.14198
7.30426 	1.14478
7.30664 	1.14756
7.30902 	1.15033
7.3114 	1.15309
7.31378 	1.15584
7.31616 	1.15857
7.31854 	1.16129
7.32092 	1.16399
7.3233 	1.16668
7.32568 	1.16936
7.32806 	1.17203
7.33044 	1.17468
7.33282 	1.17732
7.3352 	1.17995
7.33758 	1.18256
7.33996 	1.18516
7.34234 	1.18775
7.34472 	1.19033
7.3471 	1.19289
7.34948 	1.19544
7.35186 	1.19798
7.35424 	1.20051
7.35662 	1.20302
7.359 	1.20552
7.36138 	1.20801
7.36376 	1.21048
7.36614 	1.21295
7.36852 	1.2154
7.3709 	1.21784
7.37328 	1.22026
7.37566 	1.22268
7.37804 	1.22508
7.38042 	1.22747
7.3828 	1.22985
7.38518 	1.23221
7.38756 	1.23457
7.38994 	1.23691
7.39232 	1.23924
7.3947 	1.24156
7.39708 	1.24387
7.39946 	1.24616
7.40184 	1.24845
7.40422 	1.25072
7.4066 	1.25298
7.40898 	1.25523
7.41136 	1.25747
7.41374 	1.25969
7.41612 	1.26191
7.4185 	1.26411
7.42088 	1.2663
7.42326 	1.26848
7.42564 	1.27065
7.42802 	1.27281
7.4304 	1.27495
7.43278 	1.27709
7.43516 	1.27921
7.43754 	1.28133
7.43992 	1.28343
7.4423 	1.28552
7.44468 	1.2876
7.44706 	1.28967
7.44944 	1.29173
7.45182 	1.29378
7.4542 	1.29581
7.45658 	1.29784
7.45896 	1.29986
7.46134 	1.30186
7.46372 	1.30385
7.4661 	1.30584
7.46848 	1.30781
7.47086 	1.30977
7.47324 	1.31173
7.47562 	1.31367
7.478 	1.3156
7.48038 	1.31752
7.48276 	1.31943
7.48514 	1.32133
7.48752 	1.32322
7.4899 	1.3251
7.49228 	1.32697
7.49466 	1.32883
7.49704 	1.33068
7.49942 	1.33252
7.5018 	1.33434
7.50418 	1.33616
7.50656 	1.33797
7.50894 	1.33977
7.51132 	1.34156
7.5137 	1.34334
7.51608 	1.34511
7.51846 	1.34687
7.52084 	1.34862
7.52322 	1.35036
7.5256 	1.35209
7.52798 	1.35381
7.53036 	1.35552
7.53274 	1.35723
7.53512 	1.35892
7.5375 	1.3606
7.53988 	1.36227
7.54226 	1.36394
7.54464 	1.36559
7.54702 	1.36724
7.5494 	1.36887
7.55178 	1.3705
7.55416 	1.37212
7.55654 	1.37372
7.55892 	1.37532
7.5613 	1.37691
7.56368 	1.37849
7.56606 	1.38007
7.56844 	1.38163
7.57082 	1.38318
7.5732 	1.38473
7.57558 	1.38626
7.57796 	1.38779
7.58034 	1.38931
7.58272 	1.39081
7.5851 	1.39231
7.58748 	1.39381
7.58986 	1.39529
7.59224 	1.39676
7.59462 	1.39823
7.597 	1.39968
7.59938 	1.40113
7.60176 	1.40257
7.60414 	1.404
7.60652 	1.40542
7.6089 	1.40684
7.61128 	1.40824
7.61366 	1.40964
7.61604 	1.41103
7.61842 	1.41241
7.6208 	1.41378
7.62318 	1.41514
7.62556 	1.4165
7.62794 	1.41784
7.63032 	1.41918
7.6327 	1.42051
7.63508 	1.42183
7.63746 	1.42315
7.63984 	1.42445
7.64222 	1.42575
7.6446 	1.42704
7.64698 	1.42832
7.64936 	1.4296
7.65174 	1.43086
7.65412 	1.43212
7.6565 	1.43337
7.65888 	1.43461
7.66126 	1.43585
7.66364 	1.43707
7.66602 	1.43829
7.6684 	1.4395
7.67078 	1.44071
7.67316 	1.4419
7.67554 	1.44309
7.67792 	1.44427
7.6803 	1.44544
7.68268 	1.44661
7.68506 	1.44777
7.68744 	1.44892
7.68982 	1.45006
7.6922 	1.4512
7.69458 	1.45232
7.69696 	1.45344
7.69934 	1.45456
7.70172 	1.45566
7.7041 	1.45676
7.70648 	1.45785
7.70886 	1.45894
7.71124 	1.46001
7.71362 	1.46108
7.716 	1.46214
7.71838 	1.4632
7.72076 	1.46425
7.72314 	1.46529
7.72552 	1.46632
7.7279 	1.46735
7.73028 	1.46837
7.73266 	1.46938
7.73504 	1.47039
7.73742 	1.47139
7.7398 	1.47238
7.74218 	1.47336
7.74456 	1.47434
7.74694 	1.47531
7.74932 	1.47628
7.7517 	1.47724
7.75408 	1.47819
7.75646 	1.47913
7.75884 	1.48007
7.76122 	1.481
7.7636 	1.48193
7.76598 	1.48284
7.76836 	1.48376
7.77074 	1.48466
7.77312 	1.48556
7.7755 	1.48645
7.77788 	1.48733
7.78026 	1.48821
7.78264 	1.48909
7.78502 	1.48995
7.7874 	1.49081
7.78978 	1.49166
7.79216 	1.49251
7.79454 	1.49335
7.79692 	1.49419
7.7993 	1.49501
7.80168 	1.49583
7.80406 	1.49665
7.80644 	1.49746
7.80882 	1.49826
7.8112 	1.49906
7.81358 	1.49985
7.81596 	1.50063
7.81834 	1.50141
7.82072 	1.50219
7.8231 	1.50295
7.82548 	1.50371
7.82786 	1.50447
7.83024 	1.50522
7.83262 	1.50596
7.835 	1.5067
7.83738 	1.50743
7.83976 	1.50815
7.84214 	1.50887
7.84452 	1.50958
7.8469 	1.51029
7.84928 	1.51099
7.85166 	1.51169
7.85404 	1.51238
7.85642 	1.51306
7.8588 	1.51374
7.86118 	1.51441
7.86356 	1.51508
7.86594 	1.51574
7.86832 	1.5164
7.8707 	1.51705
7.87308 	1.5177
7.87546 	1.51834
7.87784 	1.51897
7.88022 	1.5196
7.8826 	1.52022
7.88498 	1.52084
7.88736 	1.52145
7.88974 	1.52206
7.89212 	1.52266
7.8945 	1.52326
7.89688 	1.52385
7.89926 	1.52443
7.90164 	1.52501
7.90402 	1.52559
7.9064 	1.52616
7.90878 	1.52672
7.91116 	1.52728
7.91354 	1.52783
7.91592 	1.52838
7.9183 	1.52893
7.92068 	1.52946
7.92306 	1.53
7.92544 	1.53053
7.92782 	1.53105
7.9302 	1.53157
7.93258 	1.53208
7.93496 	1.53259
7.93734 	1.53309
7.93972 	1.53359
7.9421 	1.53408
7.94448 	1.53457
7.94686 	1.53506
7.94924 	1.53553
7.95162 	1.53601
7.954 	1.53648
7.95638 	1.53694
7.95876 	1.5374
7.96114 	1.53785
7.96352 	1.5383
7.9659 	1.53875
7.96828 	1.53919
7.97066 	1.53962
7.97304 	1.54005
7.97542 	1.54048
7.9778 	1.5409
7.98018 	1.54132
7.98256 	1.54173
7.98494 	1.54214
7.98732 	1.54254
7.9897 	1.54294
7.99208 	1.54333
7.99446 	1.54372
7.99684 	1.54411
7.99922 	1.54449
8.0016 	1.54486
8.00398 	1.54523
8.00636 	1.5456
8.00874 	1.54596
8.01112 	1.54632
8.0135 	1.54667
8.01588 	1.54702
8.01826 	1.54737
8.02064 	1.54771
8.02302 	1.54804
8.0254 	1.54837
8.02778 	1.5487
8.03016 	1.54903
8.03254 	1.54934
8.03492 	1.54966
8.0373 	1.54997
8.03968 	1.55028
8.04206 	1.55058
8.04444 	1.55088
8.04682 	1.55117
8.0492 	1.55146
8.05158 	1.55175
8.05396 	1.55203
8.05634 	1.55231
8.05872 	1.55258
8.0611 	1.55285
8.06348 	1.55311
8.06586 	1.55337
8.06824 	1.55363
8.07062 	1.55389
8.073 	1.55413
8.07538 	1.55438
8.07776 	1.55462
8.08014 	1.55486
8.08252 	1.55509
8.0849 	1.55532
8.08728 	1.55555
8.08966 	1.55577
8.09204 	1.55599
8.09442 	1.5562
8.0968 	1.55641
8.09918 	1.55662
8.10156 	1.55682
8.10394 	1.55702
8.10632 	1.55722
8.1087 	1.55741
8.11108 	1.5576
8.11346 	1.55778
8.11584 	1.55796
8.11822 	1.55814
8.1206 	1.55831
8.12298 	1.55848
8.12536 	1.55865
8.12774 	1.55881
8.13012 	1.55897
8.1325 	1.55913
8.13488 	1.55928
8.13726 	1.55943
8.13964 	1.55957
8.14202 	1.55971
8.1444 	1.55985
8.14678 	1.55999
8.14916 	1.56012
8.15154 	1.56024
8.15392 	1.56037
8.1563 	1.56049
8.15868 	1.56061
8.16106 	1.56072
8.16344 	1.56083
8.16582 	1.56094
8.1682 	1.56104
8.17058 	1.56114
8.17296 	1.56124
8.17534 	1.56133
8.17772 	1.56142
8.1801 	1.56151
8.18248 	1.56159
8.18486 	1.56167
8.18724 	1.56175
8.18962 	1.56182
8.192 	1.56189
8.19438 	1.56196
8.19676 	1.56203
8.19914 	1.56209
8.20152 	1.56215
8.2039 	1.5622
8.20628 	1.56225
8.20866 	1.5623
8.21104 	1.56235
8.21342 	1.56239
8.2158 	1.56243
8.21818 	1.56246
8.22056 	1.5625
8.22294 	1.56253
8.22532 	1.56255
8.2277 	1.56258
8.23008 	1.5626
8.23246 	1.56262
8.23484 	1.56263
8.23722 	1.56265
8.2396 	1.56265
8.24198 	1.56266
8.24436 	1.56266
8.24674 	1.56266
8.24912 	1.56266
8.2515 	1.56266
8.25388 	1.56265
8.25626 	1.56264
8.25864 	1.56262
8.26102 	1.56261
8.2634 	1.56259
8.26578 	1.56256
8.26816 	1.56254
8.27054 	1.56251
8.27292 	1.56248
8.2753 	1.56245
8.27768 	1.56241
8.28006 	1.56237
8.28244 	1.56233
8.28482 	1.56228
8.2872 	1.56224
8.28958 	1.56219
8.29196 	1.56213
8.29434 	1.56208
8.29672 	1.56202
8.2991 	1.56196
8.30148 	1.5619
8.30386 	1.56183
8.30624 	1.56176
8.30862 	1.56169
8.311 	1.56162
8.31338 	1.56154
8.31576 	1.56146
8.31814 	1.56138
8.32052 	1.5613
8.3229 	1.56121
8.32528 	1.56112
8.32766 	1.56103
8.33004 	1.56094
8.33242 	1.56084
8.3348 	1.56074
8.33718 	1.56064
8.33956 	1.56053
8.34194 	1.56043
8.34432 	1.56032
8.3467 	1.56021
8.34908 	1.56009
8.35146 	1.55998
8.35384 	1.55986
8.35622 	1.55974
8.3586 	1.55961
8.36098 	1.55949
8.36336 	1.55936
8.36574 	1.55923
8.36812 	1.5591
8.3705 	1.55896
8.37288 	1.55882
8.37526 	1.55869
8.37764 	1.55854
8.38002 	1.5584
8.3824 	1.55825
8.38478 	1.5581
8.38716 	1.55795
8.38954 	1.5578
8.39192 	1.55764
8.3943 	1.55749
8.39668 	1.55733
8.39906 	1.55716
8.40144 	1.557
8.40382 	1.55683
8.4062 	1.55666
8.40858 	1.55649
8.41096 	1.55632
8.41334 	1.55614
8.41572 	1.55597
8.4181 	1.55579
8.42048 	1.55561
8.42286 	1.55542
8.42524 	1.55524
8.42762 	1.55505
8.43 	1.55486
8.43238 	1.55467
8.43476 	1.55447
8.43714 	1.55428
8.43952 	1.55408
8.4419 	1.55388
8.44428 	1.55368
8.44666 	1.55347
8.44904 	1.55327
8.45142 	1.55306
8.4538 	1.55285
8.45618 	1.55264
8.45856 	1.55242
8.46094 	1.55221
8.46332 	1.55199
8.4657 	1.55177
8.46808 	1.55155
8.47046 	1.55132
8.47284 	1.5511
8.47522 	1.55087
8.4776 	1.55064
8.47998 	1.55041
8.48236 	1.55017
8.48474 	1.54994
8.48712 	1.5497
8.4895 	1.54946
8.49188 	1.54922
8.49426 	1.54898
8.49664 	1.54874
8.49902 	1.54849
8.5014 	1.54824
8.50378 	1.54799
8.50616 	1.54774
8.50854 	1.54749
8.51092 	1.54723
8.5133 	1.54697
8.51568 	1.54672
8.51806 	1.54646
8.52044 	1.54619
8.52282 	1.54593
8.5252 	1.54566
8.52758 	1.5454
8.52996 	1.54513
8.53234 	1.54486
8.53472 	1.54458
8.5371 	1.54431
8.53948 	1.54403
8.54186 	1.54376
8.54424 	1.54348
8.54662 	1.5432
8.549 	1.54291
8.55138 	1.54263
8.55376 	1.54235
8.55614 	1.54206
8.55852 	1.54177
8.5609 	1.54148
8.56328 	1.54119
8.56566 	1.54089
8.56804 	1.5406
8.57042 	1.5403
8.5728 	1.54
8.57518 	1.5397
8.57756 	1.5394
8.57994 	1.5391
8.58232 	1.53879
8.5847 	1.53849
8.58708 	1.53818
8.58946 	1.53787
8.59184 	1.53756
8.59422 	1.53725
8.5966 	1.53693
8.59898 	1.53662
8.60136 	1.5363
8.60374 	1.53598
8.60612 	1.53566
8.6085 	1.53534
8.61088 	1.53502
8.61326 	1.5347
8.61564 	1.53437
8.61802 	1.53404
8.6204 	1.53371
8.62278 	1.53338
8.62516 	1.53305
8.62754 	1.53272
8.62992 	1.53239
8.6323 	1.53205
8.63468 	1.53172
8.63706 	1.53138
8.63944 	1.53104
8.64182 	1.5307
8.6442 	1.53036
8.64658 	1.53001
8.64896 	1.52967
8.65134 	1.52932
8.65372 	1.52897
8.6561 	1.52862
8.65848 	1.52827
8.66086 	1.52792
8.66324 	1.52757
8.66562 	1.52722
8.668 	1.52686
8.67038 	1.5265
8.67276 	1.52615
8.67514 	1.52579
8.67752 	1.52543
8.6799 	1.52507
8.68228 	1.5247
8.68466 	1.52434
8.68704 	1.52397
8.68942 	1.52361
8.6918 	1.52324
8.69418 	1.52287
8.69656 	1.5225
8.69894 	1.52213
8.70132 	1.52175
8.7037 	1.52138
8.70608 	1.52101
8.70846 	1.52063
8.71084 	1.52025
8.71322 	1.51987
8.7156 	1.51949
8.71798 	1.51911
8.72036 	1.51873
8.72274 	1.51835
8.72512 	1.51796
8.7275 	1.51758
8.72988 	1.51719
8.73226 	1.5168
8.73464 	1.51641
8.73702 	1.51602
8.7394 	1.51563
8.74178 	1.51524
8.74416 	1.51485
8.74654 	1.51445
8.74892 	1.51406
8.7513 	1.51366
8.75368 	1.51326
8.75606 	1.51287
8.75844 	1.51247
8.76082 	1.51207
8.7632 	1.51166
8.76558 	1.51126
8.76796 	1.51086
8.77034 	1.51045
8.77272 	1.51005
8.7751 	1.50964
8.77748 	1.50923
8.77986 	1.50882
8.78224 	1.50841
8.78462 	1.508
8.787 	1.50759
8.78938 	1.50718
8.79176 	1.50676
8.79414 	1.50635
8.79652 	1.50593
8.7989 	1.50551
8.80128 	1.5051
8.80366 	1.50468
8.80604 	1.50426
8.80842 	1.50384
8.8108 	1.50342
8.81318 	1.50299
8.81556 	1.50257
8.81794 	1.50215
8.82032 	1.50172
8.8227 	1.50129
8.82508 	1.50087
8.82746 	1.50044
8.82984 	1.50001
8.83222 	1.49958
8.8346 	1.49915
8.83698 	1.49872
8.83936 	1.49828
8.84174 	1.49785
8.84412 	1.49742
8.8465 	1.49698
8.84888 	1.49655
8.85126 	1.49611
8.85364 	1.49567
8.85602 	1.49523
8.8584 	1.49479
8.86078 	1.49435
8.86316 	1.49391
8.86554 	1.49347
8.86792 	1.49303
8.8703 	1.49258
8.87268 	1.49214
8.87506 	1.49169
8.87744 	1.49125
8.87982 	1.4908
8.8822 	1.49035
8.88458 	1.48991
8.88696 	1.48946
8.88934 	1.48901
8.89172 	1.48856
8.8941 	1.48811
8.89648 	1.48765
8.89886 	1.4872
8.90124 	1.48675
8.90362 	1.48629
8.906 	1.48584
8.90838 	1.48538
8.91076 	1.48492
8.91314 	1.48447
8.91552 	1.48401
8.9179 	1.48355
8.92028 	1.48309
8.92266 	1.48263
8.92504 	1.48217
8.92742 	1.48171
8.9298 	1.48124
8.93218 	1.48078
8.93456 	1.48032
8.93694 	1.47985
8.93932 	1.47939
8.9417 	1.47892
8.94408 	1.47845
8.94646 	1.47799
8.94884 	1.47752
8.95122 	1.47705
8.9536 	1.47658
8.95598 	1.47611
8.95836 	1.47564
8.96074 	1.47517
8.96312 	1.4747
8.9655 	1.47422
8.96788 	1.47375
8.97026 	1.47328
8.97264 	1.4728
8.97502 	1.47233
8.9774 	1.47185
8.97978 	1.47138
8.98216 	1.4709
8.98454 	1.47042
8.98692 	1.46994
8.9893 	1.46946
8.99168 	1.46898
8.99406 	1.4685
8.99644 	1.46802
8.99882 	1.46754
9.0012 	1.46706
9.00358 	1.46658
9.00596 	1.4661
9.00834 	1.46561
9.01072 	1.46513
9.0131 	1.46464
9.01548 	1.46416
9.01786 	1.46367
9.02024 	1.46319
9.02262 	1.4627
9.025 	1.46221
9.02738 	1.46172
9.02976 	1.46124
9.03214 	1.46075
9.03452 	1.46026
9.0369 	1.45977
9.03928 	1.45928
9.04166 	1.45878
9.04404 	1.45829
9.04642 	1.4578
9.0488 	1.45731
9.05118 	1.45681
9.05356 	1.45632
9.05594 	1.45583
9.05832 	1.45533
9.0607 	1.45484
9.06308 	1.45434
9.06546 	1.45384
9.06784 	1.45335
9.07022 	1.45285
9.0726 	1.45235
9.07498 	1.45185
9.07736 	1.45136
9.07974 	1.45086
9.08212 	1.45036
9.0845 	1.44986
9.08688 	1.44936
9.08926 	1.44886
9.09164 	1.44835
9.09402 	1.44785
9.0964 	1.44735
9.09878 	1.44685
9.10116 	1.44634
9.10354 	1.44584
9.10592 	1.44534
9.1083 	1.44483
9.11068 	1.44433
9.11306 	1.44382
9.11544 	1.44332
9.11782 	1.44281
9.1202 	1.4423
9.12258 	1.4418
9.12496 	1.44129
9.12734 	1.44078
9.12972 	1.44027
9.1321 	1.43976
9.13448 	1.43925
9.13686 	1.43874
9.13924 	1.43823
9.14162 	1.43772
9.144 	1.43721
9.14638 	1.4367
9.14876 	1.43619
9.15114 	1.43568
9.15352 	1.43517
9.1559 	1.43466
9.15828 	1.43414
9.16066 	1.43363
9.16304 	1.43312
9.16542 	1.4326
9.1678 	1.43209
9.17018 	1.43157
9.17256 	1.43106
9.17494 	1.43054
9.17732 	1.43003
9.1797 	1.42951
9.18208 	1.42899
9.18446 	1.42848
9.18684 	1.42796
9.18922 	1.42744
9.1916 	1.42692
9.19398 	1.42641
9.19636 	1.42589
9.19874 	1.42537
9.20112 	1.42485
9.2035 	1.42433
9.20588 	1.42381
9.20826 	1.42329
9.21064 	1.42277
9.21302 	1.42225
9.2154 	1.42173
9.21778 	1.42121
9.22016 	1.42069
9.22254 	1.42017
9.22492 	1.41964
9.2273 	1.41912
9.22968 	1.4186
9.23206 	1.41808
9.23444 	1.41755
9.23682 	1.41703
9.2392 	1.4165
9.24158 	1.41598
9.24396 	1.41546
9.24634 	1.41493
9.24872 	1.41441
9.2511 	1.41388
9.25348 	1.41336
9.25586 	1.41283
9.25824 	1.4123
9.26062 	1.41178
9.263 	1.41125
9.26538 	1.41073
9.26776 	1.4102
9.27014 	1.40967
9.27252 	1.40914
9.2749 	1.40862
9.27728 	1.40809
9.27966 	1.40756
9.28204 	1.40703
9.28442 	1.4065
9.2868 	1.40597
9.28918 	1.40545
9.29156 	1.40492
9.29394 	1.40439
9.29632 	1.40386
9.2987 	1.40333
9.30108 	1.4028
9.30346 	1.40227
9.30584 	1.40174
9.30822 	1.40121
9.3106 	1.40067
9.31298 	1.40014
9.31536 	1.39961
9.31774 	1.39908
9.32012 	1.39855
9.3225 	1.39802
9.32488 	1.39748
9.32726 	1.39695
9.32964 	1.39642
9.33202 	1.39589
9.3344 	1.39535
9.33678 	1.39482
9.33916 	1.39429
9.34154 	1.39375
9.34392 	1.39322
9.3463 	1.39269
9.34868 	1.39215
9.35106 	1.39162
9.35344 	1.39108
9.35582 	1.39055
9.3582 	1.39002
9.36058 	1.38948
9.36296 	1.38895
9.36534 	1.38841
9.36772 	1.38788
9.3701 	1.38734
9.37248 	1.3868
9.37486 	1.38627
9.37724 	1.38573
9.37962 	1.3852
9.382 	1.38466
9.38438 	1.38412
9.38676 	1.38359
9.38914 	1.38305
9.39152 	1.38251
9.3939 	1.38198
9.39628 	1.38144
9.39866 	1.3809
9.40104 	1.38037
9.40342 	1.37983
9.4058 	1.37929
9.40818 	1.37875
9.41056 	1.37822
9.41294 	1.37768
9.41532 	1.37714
9.4177 	1.3766
9.42008 	1.37606
9.42246 	1.37553
9.42484 	1.37499
9.42722 	1.37445
9.4296 	1.37391
9.43198 	1.37337
9.43436 	1.37283
9.43674 	1.37229
9.43912 	1.37175
9.4415 	1.37122
9.44388 	1.37068
9.44626 	1.37014
9.44864 	1.3696
9.45102 	1.36906
9.4534 	1.36852
9.45578 	1.36798
9.45816 	1.36744
9.46054 	1.3669
9.46292 	1.36636
9.4653 	1.36582
9.46768 	1.36528
9.47006 	1.36474
9.47244 	1.3642
9.47482 	1.36366
9.4772 	1.36312
9.47958 	1.36258
9.48196 	1.36204
9.48434 	1.3615
9.48672 	1.36096
9.4891 	1.36042
9.49148 	1.35987
9.49386 	1.35933
9.49624 	1.35879
9.49862 	1.35825
9.501 	1.35771
9.50338 	1.35717
9.50576 	1.35663
9.50814 	1.35609
9.51052 	1.35555
9.5129 	1.355
9.51528 	1.35446
9.51766 	1.35392
9.52004 	1.35338
9.52242 	1.35284
9.5248 	1.3523
9.52718 	1.35176
9.52956 	1.35121
9.53194 	1.35067
9.53432 	1.35013
9.5367 	1.34959
9.53908 	1.34905
9.54146 	1.34851
9.54384 	1.34796
9.54622 	1.34742
9.5486 	1.34688
9.55098 	1.34634
9.55336 	1.3458
9.55574 	1.34526
9.55812 	1.34471
9.5605 	1.34417
9.56288 	1.34363
9.56526 	1.34309
9.56764 	1.34255
9.57002 	1.342
9.5724 	1.34146
9.57478 	1.34092
9.57716 	1.34038
9.57954 	1.33984
9.58192 	1.33929
9.5843 	1.33875
9.58668 	1.33821
9.58906 	1.33767
9.59144 	1.33713
9.59382 	1.33658
9.5962 	1.33604
9.59858 	1.3355
9.60096 	1.33496
9.60334 	1.33442
9.60572 	1.33387
9.6081 	1.33333
9.61048 	1.33279
9.61286 	1.33225
9.61524 	1.33171
9.61762 	1.33116
9.62 	1.33062
9.62238 	1.33008
9.62476 	1.32954
9.62714 	1.329
9.62952 	1.32845
9.6319 	1.32791
9.63428 	1.32737
9.63666 	1.32683
9.63904 	1.32629
9.64142 	1.32574
9.6438 	1.3252
9.64618 	1.32466
9.64856 	1.32412
9.65094 	1.32358
9.65332 	1.32304
9.6557 	1.3225
9.65808 	1.32195
9.66046 	1.32141
9.66284 	1.32087
9.66522 	1.32033
9.6676 	1.31979
9.66998 	1.31925
9.67236 	1.3187
9.67474 	1.31816
9.67712 	1.31762
9.6795 	1.31708
9.68188 	1.31654
9.68426 	1.316
9.68664 	1.31546
9.68902 	1.31492
9.6914 	1.31438
9.69378 	1.31384
9.69616 	1.31329
9.69854 	1.31275
9.70092 	1.31221
9.7033 	1.31167
9.70568 	1.31113
9.70806 	1.31059
9.71044 	1.31005
9.71282 	1.30951
9.7152 	1.30897
9.71758 	1.30843
9.71996 	1.30789
9.72234 	1.30735
9.72472 	1.30681
9.7271 	1.30627
9.72948 	1.30573
9.73186 	1.30519
9.73424 	1.30465
9.73662 	1.30411
9.739 	1.30357
9.74138 	1.30303
9.74376 	1.30249
9.74614 	1.30195
9.74852 	1.30141
9.7509 	1.30087
9.75328 	1.30033
9.75566 	1.29979
9.75804 	1.29925
9.76042 	1.29872
9.7628 	1.29818
9.76518 	1.29764
9.76756 	1.2971
9.76994 	1.29656
9.77232 	1.29602
9.7747 	1.29548
9.77708 	1.29494
9.77946 	1.29441
9.78184 	1.29387
9.78422 	1.29333
9.7866 	1.29279
9.78898 	1.29225
9.79136 	1.29172
9.79374 	1.29118
9.79612 	1.29064
9.7985 	1.2901
9.80088 	1.28956
9.80326 	1.28903
9.80564 	1.28849
9.80802 	1.28795
9.8104 	1.28742
9.81278 	1.28688
9.81516 	1.28634
9.81754 	1.2858
9.81992 	1.28527
9.8223 	1.28473
9.82468 	1.28419
9.82706 	1.28366
9.82944 	1.28312
9.83182 	1.28259
9.8342 	1.28205
9.83658 	1.28151
9.83896 	1.28098
9.84134 	1.28044
9.84372 	1.27991
9.8461 	1.27937
9.84848 	1.27884
9.85086 	1.2783
9.85324 	1.27776
9.85562 	1.27723
9.858 	1.27669
9.86038 	1.27616
9.86276 	1.27563
9.86514 	1.27509
9.86752 	1.27456
9.8699 	1.27402
9.87228 	1.27349
9.87466 	1.27295
9.87704 	1.27242
9.87942 	1.27189
9.8818 	1.27135
9.88418 	1.27082
9.88656 	1.27028
9.88894 	1.26975
9.89132 	1.26922
9.8937 	1.26868
9.89608 	1.26815
9.89846 	1.26762
9.90084 	1.26709
9.90322 	1.26655
9.9056 	1.26602
9.90798 	1.26549
9.91036 	1.26496
9.91274 	1.26442
9.91512 	1.26389
9.9175 	1.26336
9.91988 	1.26283
9.92226 	1.2623
9.92464 	1.26177
9.92702 	1.26123
9.9294 	1.2607
9.93178 	1.26017
9.93416 	1.25964
9.93654 	1.25911
9.93892 	1.25858
9.9413 	1.25805
9.94368 	1.25752
9.94606 	1.25699
9.94844 	1.25646
9.95082 	1.25593
9.9532 	1.2554
9.95558 	1.25487
9.95796 	1.25434
9.96034 	1.25381
9.96272 	1.25328
9.9651 	1.25275
9.96748 	1.25222
9.96986 	1.25169
9.97224 	1.25117
9.97462 	1.25064
9.977 	1.25011
9.97938 	1.24958
9.98176 	1.24905
9.98414 	1.24853
9.98652 	1.248
9.9889 	1.24747
9.99128 	1.24694
9.99366 	1.24642
9.99604 	1.24589
9.99842 	1.24536
10.0008 	1.24483
10.0032 	1.24431
10.0056 	1.24378
10.0079 	1.24326
10.0103 	1.24273
10.0127 	1.2422
10.0151 	1.24168
10.0175 	1.24115
10.0198 	1.24063
10.0222 	1.2401
10.0246 	1.23958
10.027 	1.23905
10.0294 	1.23853
10.0317 	1.238
10.0341 	1.23748
10.0365 	1.23695
10.0389 	1.23643
10.0413 	1.2359
10.0436 	1.23538
10.046 	1.23486
10.0484 	1.23433
10.0508 	1.23381
10.0532 	1.23329
10.0555 	1.23276
10.0579 	1.23224
10.0603 	1.23172
10.0627 	1.2312
10.0651 	1.23067
10.0674 	1.23015
10.0698 	1.22963
10.0722 	1.22911
10.0746 	1.22859
10.077 	1.22806
10.0793 	1.22754
10.0817 	1.22702
10.0841 	1.2265
10.0865 	1.22598
10.0889 	1.22546
10.0912 	1.22494
10.0936 	1.22442
10.096 	1.2239
10.0984 	1.22338
10.1008 	1.22286
10.1031 	1.22234
10.1055 	1.22182
10.1079 	1.2213
10.1103 	1.22078
10.1127 	1.22026
10.115 	1.21975
10.1174 	1.21923
10.1198 	1.21871
10.1222 	1.21819
10.1246 	1.21767
10.1269 	1.21715
10.1293 	1.21664
10.1317 	1.21612
10.1341 	1.2156
10.1365 	1.21509
10.1388 	1.21457
10.1412 	1.21405
10.1436 	1.21354
10.146 	1.21302
10.1484 	1.2125
10.1507 	1.21199
10.1531 	1.21147
10.1555 	1.21096
10.1579 	1.21044
10.1603 	1.20993
10.1626 	1.20941
10.165 	1.2089
10.1674 	1.20838
10.1698 	1.20787
10.1722 	1.20735
10.1745 	1.20684
10.1769 	1.20633
10.1793 	1.20581
10.1817 	1.2053
10.1841 	1.20479
10.1864 	1.20427
10.1888 	1.20376
10.1912 	1.20325
10.1936 	1.20273
10.196 	1.20222
10.1983 	1.20171
10.2007 	1.2012
10.2031 	1.20069
10.2055 	1.20018
10.2079 	1.19966
10.2102 	1.19915
10.2126 	1.19864
10.215 	1.19813
10.2174 	1.19762
10.2198 	1.19711
10.2221 	1.1966
10.2245 	1.19609
10.2269 	1.19558
10.2293 	1.19507
10.2317 	1.19456
10.234 	1.19405
10.2364 	1.19354
10.2388 	1.19304
10.2412 	1.19253
10.2436 	1.19202
10.2459 	1.19151
10.2483 	1.191
10.2507 	1.1905
10.2531 	1.18999
10.2555 	1.18948
10.2578 	1.18897
10.2602 	1.18847
10.2626 	1.18796
10.265 	1.18745
10.2674 	1.18695
10.2697 	1.18644
10.2721 	1.18594
10.2745 	1.18543
10.2769 	1.18492
10.2793 	1.18442
10.2816 	1.18391
10.284 	1.18341
10.2864 	1.1829
10.2888 	1.1824
10.2912 	1.1819
10.2935 	1.18139
10.2959 	1.18089
10.2983 	1.18038
10.3007 	1.17988
10.3031 	1.17938
10.3054 	1.17888
10.3078 	1.17837
10.3102 	1.17787
10.3126 	1.17737
10.315 	1.17687
10.3173 	1.17636
10.3197 	1.17586
10.3221 	1.17536
10.3245 	1.17486
10.3269 	1.17436
10.3292 	1.17386
10.3316 	1.17336
10.334 	1.17286
10.3364 	1.17236
10.3388 	1.17186
10.3411 	1.17136
10.3435 	1.17086
10.3459 	1.17036
10.3483 	1.16986
10.3507 	1.16936
10.353 	1.16886
10.3554 	1.16836
10.3578 	1.16786
10.3602 	1.16737
10.3626 	1.16687
10.3649 	1.16637
10.3673 	1.16587
10.3697 	1.16538
10.3721 	1.16488
10.3745 	1.16438
10.3768 	1.16389
10.3792 	1.16339
10.3816 	1.16289
10.384 	1.1624
10.3864 	1.1619
10.3887 	1.16141
10.3911 	1.16091
10.3935 	1.16042
10.3959 	1.15992
10.3983 	1.15943
10.4006 	1.15893
10.403 	1.15844
10.4054 	1.15794
10.4078 	1.15745
10.4102 	1.15696
10.4125 	1.15646
10.4149 	1.15597
10.4173 	1.15548
10.4197 	1.15498
10.4221 	1.15449
10.4244 	1.154
10.4268 	1.15351
10.4292 	1.15302
10.4316 	1.15252
10.434 	1.15203
10.4363 	1.15154
10.4387 	1.15105
10.4411 	1.15056
10.4435 	1.15007
10.4459 	1.14958
10.4482 	1.14909
10.4506 	1.1486
10.453 	1.14811
10.4554 	1.14762
10.4578 	1.14713
10.4601 	1.14664
10.4625 	1.14616
10.4649 	1.14567
10.4673 	1.14518
10.4697 	1.14469
10.472 	1.1442
10.4744 	1.14372
10.4768 	1.14323
10.4792 	1.14274
10.4816 	1.14225
10.4839 	1.14177
10.4863 	1.14128
10.4887 	1.1408
10.4911 	1.14031
10.4935 	1.13982
10.4958 	1.13934
10.4982 	1.13885
10.5006 	1.13837
10.503 	1.13788
10.5054 	1.1374
10.5077 	1.13691
10.5101 	1.13643
10.5125 	1.13595
10.5149 	1.13546
10.5173 	1.13498
10.5196 	1.1345
10.522 	1.13401
10.5244 	1.13353
10.5268 	1.13305
10.5292 	1.13256
10.5315 	1.13208
10.5339 	1.1316
10.5363 	1.13112
10.5387 	1.13064
10.5411 	1.13016
10.5434 	1.12968
10.5458 	1.12919
10.5482 	1.12871
10.5506 	1.12823
10.553 	1.12775
10.5553 	1.12727
10.5577 	1.12679
10.5601 	1.12632
10.5625 	1.12584
10.5649 	1.12536
10.5672 	1.12488
10.5696 	1.1244
10.572 	1.12392
10.5744 	1.12344
10.5768 	1.12297
10.5791 	1.12249
10.5815 	1.12201
10.5839 	1.12153
10.5863 	1.12106
10.5887 	1.12058
10.591 	1.1201
10.5934 	1.11963
10.5958 	1.11915
10.5982 	1.11868
10.6006 	1.1182
10.6029 	1.11773
10.6053 	1.11725
10.6077 	1.11678
10.6101 	1.1163
10.6125 	1.11583
10.6148 	1.11535
10.6172 	1.11488
10.6196 	1.11441
10.622 	1.11393
10.6244 	1.11346
10.6267 	1.11299
10.6291 	1.11251
10.6315 	1.11204
10.6339 	1.11157
10.6363 	1.1111
10.6386 	1.11063
10.641 	1.11015
10.6434 	1.10968
10.6458 	1.10921
10.6482 	1.10874
10.6505 	1.10827
10.6529 	1.1078
10.6553 	1.10733
10.6577 	1.10686
10.6601 	1.10639
10.6624 	1.10592
10.6648 	1.10545
10.6672 	1.10498
10.6696 	1.10451
10.672 	1.10404
10.6743 	1.10358
10.6767 	1.10311
10.6791 	1.10264
10.6815 	1.10217
10.6839 	1.10171
10.6862 	1.10124
10.6886 	1.10077
10.691 	1.10031
10.6934 	1.09984
10.6958 	1.09937
10.6981 	1.09891
10.7005 	1.09844
10.7029 	1.09798
10.7053 	1.09751
10.7077 	1.09705
10.71 	1.09658
10.7124 	1.09612
10.7148 	1.09565
10.7172 	1.09519
10.7196 	1.09472
10.7219 	1.09426
10.7243 	1.0938
10.7267 	1.09333
10.7291 	1.09287
10.7315 	1.09241
10.7338 	1.09195
10.7362 	1.09148
10.7386 	1.09102
10.741 	1.09056
10.7434 	1.0901
10.7457 	1.08964
10.7481 	1.08918
10.7505 	1.08872
10.7529 	1.08825
10.7553 	1.08779
10.7576 	1.08733
10.76 	1.08687
10.7624 	1.08641
10.7648 	1.08596
10.7672 	1.0855
10.7695 	1.08504
10.7719 	1.08458
10.7743 	1.08412
10.7767 	1.08366
10.7791 	1.0832
10.7814 	1.08275
10.7838 	1.08229
10.7862 	1.08183
10.7886 	1.08137
10.791 	1.08092
10.7933 	1.08046
10.7957 	1.08
10.7981 	1.07955
10.8005 	1.07909
10.8029 	1.07864
10.8052 	1.07818
10.8076 	1.07773
10.81 	1.07727
10.8124 	1.07682
10.8148 	1.07636
10.8171 	1.07591
10.8195 	1.07545
10.8219 	1.075
10.8243 	1.07455
10.8267 	1.07409
10.829 	1.07364
10.8314 	1.07319
10.8338 	1.07273
10.8362 	1.07228
10.8386 	1.07183
10.8409 	1.07138
10.8433 	1.07093
10.8457 	1.07048
10.8481 	1.07002
10.8505 	1.06957
10.8528 	1.06912
10.8552 	1.06867
10.8576 	1.06822
10.86 	1.06777
10.8624 	1.06732
10.8647 	1.06687
10.8671 	1.06642
10.8695 	1.06597
10.8719 	1.06553
10.8743 	1.06508
10.8766 	1.06463
10.879 	1.06418
10.8814 	1.06373
10.8838 	1.06328
10.8862 	1.06284
10.8885 	1.06239
10.8909 	1.06194
10.8933 	1.0615
10.8957 	1.06105
10.8981 	1.0606
10.9004 	1.06016
10.9028 	1.05971
10.9052 	1.05927
10.9076 	1.05882
10.91 	1.05838
10.9123 	1.05793
10.9147 	1.05749
10.9171 	1.05704
10.9195 	1.0566
10.9219 	1.05615
10.9242 	1.05571
10.9266 	1.05527
10.929 	1.05482
10.9314 	1.05438
10.9338 	1.05394
10.9361 	1.0535
10.9385 	1.05305
10.9409 	1.05261
10.9433 	1.05217
10.9457 	1.05173
10.948 	1.05129
10.9504 	1.05085
10.9528 	1.05041
10.9552 	1.04996
10.9576 	1.04952
10.9599 	1.04908
10.9623 	1.04864
10.9647 	1.0482
10.9671 	1.04777
10.9695 	1.04733
10.9718 	1.04689
10.9742 	1.04645
10.9766 	1.04601
10.979 	1.04557
10.9814 	1.04513
10.9837 	1.0447
10.9861 	1.04426
10.9885 	1.04382
10.9909 	1.04338
10.9933 	1.04295
10.9956 	1.04251
10.998 	1.04207
11.0004 	1.04164
11.0028 	1.0412
11.0052 	1.04077
11.0075 	1.04033
11.0099 	1.0399
11.0123 	1.03946
11.0147 	1.03903
11.0171 	1.03859
11.0194 	1.03816
11.0218 	1.03772
11.0242 	1.03729
11.0266 	1.03686
11.029 	1.03642
11.0313 	1.03599
11.0337 	1.03556
11.0361 	1.03512
11.0385 	1.03469
11.0409 	1.03426
11.0432 	1.03383
11.0456 	1.03339
11.048 	1.03296
11.0504 	1.03253
11.0528 	1.0321
11.0551 	1.03167
11.0575 	1.03124
11.0599 	1.03081
11.0623 	1.03038
11.0647 	1.02995
11.067 	1.02952
11.0694 	1.02909
11.0718 	1.02866
11.0742 	1.02823
11.0766 	1.0278
11.0789 	1.02738
11.0813 	1.02695
11.0837 	1.02652
11.0861 	1.02609
11.0885 	1.02566
11.0908 	1.02524
11.0932 	1.02481
11.0956 	1.02438
11.098 	1.02396
11.1004 	1.02353
11.1027 	1.0231
11.1051 	1.02268
11.1075 	1.02225
11.1099 	1.02183
11.1123 	1.0214
11.1146 	1.02098
11.117 	1.02055
11.1194 	1.02013
11.1218 	1.0197
11.1242 	1.01928
11.1265 	1.01885
11.1289 	1.01843
11.1313 	1.01801
11.1337 	1.01758
11.1361 	1.01716
11.1384 	1.01674
11.1408 	1.01632
11.1432 	1.01589
11.1456 	1.01547
11.148 	1.01505
11.1503 	1.01463
11.1527 	1.01421
11.1551 	1.01379
11.1575 	1.01337
11.1599 	1.01294
11.1622 	1.01252
11.1646 	1.0121
11.167 	1.01168
11.1694 	1.01126
11.1718 	1.01085
11.1741 	1.01043
11.1765 	1.01001
11.1789 	1.00959
11.1813 	1.00917
11.1837 	1.00875
11.186 	1.00833
11.1884 	1.00792
11.1908 	1.0075
11.1932 	1.00708
11.1956 	1.00666
11.1979 	1.00625
11.2003 	1.00583
11.2027 	1.00541
11.2051 	1.005
11.2075 	1.00458
11.2098 	1.00416
11.2122 	1.00375
11.2146 	1.00333
11.217 	1.00292
11.2194 	1.0025
11.2217 	1.00209
11.2241 	1.00168
11.2265 	1.00126
11.2289 	1.00085
11.2313 	1.00043
11.2336 	1.00002
11.236 	0.999606
11.2384 	0.999193
11.2408 	0.99878
11.2432 	0.998368
11.2455 	0.997955
11.2479 	0.997543
11.2503 	0.997131
11.2527 	0.99672
11.2551 	0.996308
11.2574 	0.995897
11.2598 	0.995486
11.2622 	0.995075
11.2646 	0.994665
11.267 	0.994254
11.2693 	0.993844
11.2717 	0.993434
11.2741 	0.993025
11.2765 	0.992615
11.2789 	0.992206
11.2812 	0.991797
11.2836 	0.991388
11.286 	0.99098
11.2884 	0.990572
11.2908 	0.990164
11.2931 	0.989756
11.2955 	0.989348
11.2979 	0.988941
11.3003 	0.988534
11.3027 	0.988127
11.305 	0.98772
11.3074 	0.987314
11.3098 	0.986907
11.3122 	0.986501
11.3146 	0.986095
11.3169 	0.98569
11.3193 	0.985285
11.3217 	0.984879
11.3241 	0.984475
11.3265 	0.98407
11.3288 	0.983665
11.3312 	0.983261
11.3336 	0.982857
11.336 	0.982453
11.3384 	0.98205
11.3407 	0.981646
11.3431 	0.981243
11.3455 	0.98084
11.3479 	0.980438
11.3503 	0.980035
11.3526 	0.979633
11.355 	0.979231
11.3574 	0.978829
11.3598 	0.978428
11.3622 	0.978027
11.3645 	0.977626
11.3669 	0.977225
11.3693 	0.976824
11.3717 	0.976424
11.3741 	0.976023
11.3764 	0.975623
11.3788 	0.975224
11.3812 	0.974824
11.3836 	0.974425
11.386 	0.974026
11.3883 	0.973627
11.3907 	0.973228
11.3931 	0.97283
11.3955 	0.972432
11.3979 	0.972034
11.4002 	0.971636
11.4026 	0.971238
11.405 	0.970841
11.4074 	0.970444
11.4098 	0.970047
11.4121 	0.96965
11.4145 	0.969254
11.4169 	0.968858
11.4193 	0.968462
11.4217 	0.968066
11.424 	0.967671
11.4264 	0.967275
11.4288 	0.96688
11.4312 	0.966485
11.4336 	0.966091
11.4359 	0.965696
11.4383 	0.965302
11.4407 	0.964908
11.4431 	0.964514
11.4455 	0.964121
11.4478 	0.963727
11.4502 	0.963334
11.4526 	0.962941
11.455 	0.962549
11.4574 	0.962156
11.4597 	0.961764
11.4621 	0.961372
11.4645 	0.96098
11.4669 	0.960589
11.4693 	0.960197
11.4716 	0.959806
11.474 	0.959415
11.4764 	0.959024
11.4788 	0.958634
11.4812 	0.958244
11.4835 	0.957854
11.4859 	0.957464
11.4883 	0.957074
11.4907 	0.956685
11.4931 	0.956296
11.4954 	0.955907
11.4978 	0.955518
11.5002 	0.95513
11.5026 	0.954741
11.505 	0.954353
11.5073 	0.953965
11.5097 	0.953578
11.5121 	0.95319
11.5145 	0.952803
11.5169 	0.952416
11.5192 	0.952029
11.5216 	0.951643
11.524 	0.951256
11.5264 	0.95087
11.5288 	0.950484
11.5311 	0.950099
11.5335 	0.949713
11.5359 	0.949328
11.5383 	0.948943
11.5407 	0.948558
11.543 	0.948173
11.5454 	0.947789
11.5478 	0.947405
11.5502 	0.947021
11.5526 	0.946637
11.5549 	0.946254
11.5573 	0.94587
11.5597 	0.945487
11.5621 	0.945104
11.5645 	0.944722
11.5668 	0.944339
11.5692 	0.943957
11.5716 	0.943575
11.574 	0.943193
11.5764 	0.942812
11.5787 	0.94243
11.5811 	0.942049
11.5835 	0.941668
11.5859 	0.941287
11.5883 	0.940907
11.5906 	0.940526
11.593 	0.940146
11.5954 	0.939766
11.5978 	0.939387
11.6002 	0.939007
11.6025 	0.938628
11.6049 	0.938249
11.6073 	0.93787
11.6097 	0.937492
11.6121 	0.937113
11.6144 	0.936735
11.6168 	0.936357
11.6192 	0.935979
11.6216 	0.935602
11.624 	0.935224
11.6263 	0.934847
11.6287 	0.93447
11.6311 	0.934094
11.6335 	0.933717
11.6359 	0.933341
11.6382 	0.932965
11.6406 	0.932589
11.643 	0.932213
11.6454 	0.931838
11.6478 	0.931463
11.6501 	0.931088
11.6525 	0.930713
11.6549 	0.930338
11.6573 	0.929964
11.6597 	0.92959
11.662 	0.929216
11.6644 	0.928842
11.6668 	0.928469
11.6692 	0.928095
11.6716 	0.927722
11.6739 	0.927349
11.6763 	0.926977
11.6787 	0.926604
11.6811 	0.926232
11.6835 	0.92586
11.6858 	0.925488
11.6882 	0.925117
11.6906 	0.924745
11.693 	0.924374
11.6954 	0.924003
11.6977 	0.923632
11.7001 	0.923261
11.7025 	0.922891
11.7049 	0.922521
11.7073 	0.922151
11.7096 	0.921781
11.712 	0.921412
11.7144 	0.921042
11.7168 	0.920673
11.7192 	0.920304
11.7215 	0.919936
11.7239 	0.919567
11.7263 	0.919199
11.7287 	0.918831
11.7311 	0.918463
11.7334 	0.918095
11.7358 	0.917728
11.7382 	0.91736
11.7406 	0.916993
11.743 	0.916627
11.7453 	0.91626
11.7477 	0.915893
11.7501 	0.915527
11.7525 	0.915161
11.7549 	0.914795
11.7572 	0.91443
11.7596 	0.914064
11.762 	0.913699
11.7644 	0.913334
11.7668 	0.912969
11.7691 	0.912605
11.7715 	0.91224
11.7739 	0.911876
11.7763 	0.911512
11.7787 	0.911149
11.781 	0.910785
11.7834 	0.910422
11.7858 	0.910058
11.7882 	0.909696
11.7906 	0.909333
11.7929 	0.90897
11.7953 	0.908608
11.7977 	0.908246
11.8001 	0.907884
11.8025 	0.907522
11.8048 	0.907161
11.8072 	0.906799
11.8096 	0.906438
11.812 	0.906077
11.8144 	0.905717
11.8167 	0.905356
11.8191 	0.904996
11.8215 	0.904636
11.8239 	0.904276
11.8263 	0.903916
11.8286 	0.903557
11.831 	0.903198
11.8334 	0.902838
11.8358 	0.90248
11.8382 	0.902121
11.8405 	0.901762
11.8429 	0.901404
11.8453 	0.901046
11.8477 	0.900688
11.8501 	0.900331
11.8524 	0.899973
11.8548 	0.899616
11.8572 	0.899259
11.8596 	0.898902
11.862 	0.898545
11.8643 	0.898189
11.8667 	0.897833
11.8691 	0.897477
11.8715 	0.897121
11.8739 	0.896765
11.8762 	0.89641
11.8786 	0.896054
11.881 	0.895699
11.8834 	0.895345
11.8858 	0.89499
11.8881 	0.894635
11.8905 	0.894281
11.8929 	0.893927
11.8953 	0.893573
11.8977 	0.89322
11.9 	0.892866
11.9024 	0.892513
11.9048 	0.89216
11.9072 	0.891807
11.9096 	0.891454
11.9119 	0.891102
11.9143 	0.89075
11.9167 	0.890398
11.9191 	0.890046
11.9215 	0.889694
11.9238 	0.889343
11.9262 	0.888991
11.9286 	0.88864
11.931 	0.88829
11.9334 	0.887939
11.9357 	0.887588
11.9381 	0.887238
11.9405 	0.886888
11.9429 	0.886538
11.9453 	0.886188
11.9476 	0.885839
11.95 	0.88549
11.9524 	0.885141
11.9548 	0.884792
11.9572 	0.884443
11.9595 	0.884095
11.9619 	0.883746
11.9643 	0.883398
11.9667 	0.88305
11.9691 	0.882702
11.9714 	0.882355
11.9738 	0.882008
11.9762 	0.88166
11.9786 	0.881314
11.981 	0.880967
11.9833 	0.88062
11.9857 	0.880274
11.9881 	0.879928
11.9905 	0.879582
11.9929 	0.879236
11.9952 	0.87889
11.9976 	0.878545
