# mass number (A) = 12
# number of protons (Z) = 6
#units k = 1/fm , units n_1(k) = fm^3
# k (1/fm)	n	p	tot
0.0	3.49798603929
0.01	3.49831065071
0.02	3.49928177233
0.03	3.50089127978
0.04	3.5031256777
0.05	3.50596616732
0.06	3.50938874058
0.07	3.51336430015
0.08	3.51785880488
0.09	3.52283343962
0.1	3.52824480862
0.11	3.53404515142
0.12	3.54018257994
0.13	3.54660133553
0.14	3.5532420646
0.15	3.56004211114
0.16	3.56693582471
0.17	3.57385488216
0.18	3.58072862121
0.19	3.58748438431
0.2	3.59404787076
0.21	3.60034349519
0.22	3.60629475074
0.23	3.61182457465
0.24	3.61685571473
0.25	3.62131109458
0.26	3.62511417573
0.27	3.62818931494
0.28	3.6304621148
0.29	3.63185976597
0.3	3.6323113793
0.31	3.63174830632
0.32	3.63010444662
0.33	3.62731654058
0.34	3.6233244463
0.35	3.61807139942
0.36	3.61150425472
0.37	3.60357370866
0.38	3.59423450177
0.39	3.58344560043
0.4	3.57117035718
0.41	3.55737664923
0.42	3.54203699472
0.43	3.52512864664
0.44	3.5066336641
0.45	3.48653896115
0.46	3.46483633321
0.47	3.44152246136
0.48	3.41659889498
0.49	3.390072013
0.5	3.36195296458
0.51	3.3322575898
0.52	3.30100632114
0.53	3.26822406664
0.54	3.23394007562
0.55	3.19818778816
0.56	3.16100466913
0.57	3.12243202815
0.58	3.0825148266
0.59	3.04130147281
0.6	2.99884360679
0.61	2.95519587569
0.62	2.91041570139
0.63	2.86456304141
0.64	2.81770014447
0.65	2.76989130205
0.66	2.72120259707
0.67	2.67170165117
0.68	2.62145737159
0.69	2.57053969898
0.7	2.51901935718
0.71	2.46696760624
0.72	2.4144559995
0.73	2.36155614591
0.74	2.30833947848
0.75	2.25487702964
0.76	2.20123921451
0.77	2.14749562256
0.78	2.09371481864
0.79	2.0399641537
0.8	1.98630958591
0.81	1.93281551256
0.82	1.87954461319
0.83	1.82655770415
0.84	1.77391360499
0.85	1.72166901673
0.86	1.66987841217
0.87	1.61859393833
0.88	1.56786533088
0.89	1.51773984065
0.9	1.46826217189
0.91	1.4194744323
0.92	1.37141609442
0.93	1.32412396819
0.94	1.27763218427
0.95	1.23197218793
0.96	1.18717274282
0.97	1.14325994443
0.98	1.10025724272
0.99	1.05818547329
1.0	1.01706289679
1.01	0.976905245873
1.02	0.937725779279
1.03	0.899535342389
1.04	0.862342433783
1.05	0.826153277203
1.06	0.790971898365
1.07	0.756800206089
1.08	0.723638077172
1.09	0.691483444486
1.1	0.66033238778
1.11	0.630179226646
1.12	0.601016615186
1.13	0.572835637881
1.14	0.545625906207
1.15	0.519375655567
1.16	0.494071842105
1.17	0.469700239034
1.18	0.446245532086
1.19	0.423691413748
1.2	0.402020675965
1.21	0.381215301013
1.22	0.361256550273
1.23	0.34212505066
1.24	0.323800878487
1.25	0.306263640582
1.26	0.289492552464
1.27	0.273466513454
1.28	0.258164178589
1.29	0.243564027239
1.3	0.229644428342
1.31	0.216383702212
1.32	0.203760178868
1.33	0.191752252869
1.34	0.180338434654
1.35	0.169497398392
1.36	0.159208026382
1.37	0.149449450038
1.38	0.140201087515
1.39	0.131442678046
1.4	0.123154313069
1.41	0.115316464224
1.42	0.107910008331
1.43	0.10091624943
1.44	0.0943169380165
1.45	0.0880942875721
1.46	0.0822309885131
1.47	0.0767102196813
1.48	0.0715156575016
1.49	0.0666314829325
1.5	0.062042386338
1.51	0.0577335704089
1.52	0.0536907512609
1.53	0.049900157836
1.54	0.0463485297321
1.55	0.0430231135832
1.56	0.0399116581115
1.57	0.0370024079658
1.58	0.0342840964627
1.59	0.0317459373386
1.6	0.0293776156188
1.61	0.0271692777057
1.62	0.0251115207829
1.63	0.023195381628
1.64	0.0214123249226
1.65	0.0197542311417
1.66	0.0182133841022
1.67	0.0167824582438
1.68	0.0154545057107
1.69	0.0142229432996
1.7	0.0130815393319
1.71	0.0120244005074
1.72	0.0110459587873
1.73	0.0101409583555
1.74	0.00930444269823
1.75	0.00853174184082
1.76	0.00781845977557
1.77	0.00716046211106
1.78	0.00655386396958
1.79	0.0059950181561
1.8	0.00548050361905
1.81	0.00500711421995
1.82	0.00457184782622
1.83	0.00417189573886
1.84	0.00380463246425
1.85	0.00346760583674
1.86	0.00315852749698
1.87	0.00287526372874
1.88	0.00261582665508
1.89	0.00237836579351
1.9	0.00216115996777
1.91	0.00196260957295
1.92	0.00178122918932
1.93	0.00161564053916
1.94	0.00146456577998
1.95	0.00132682112678
1.96	0.00120131079521
1.97	0.00108702125695
1.98	0.000983015798183
1.99	0.000888429371495
2.0	0.00080246373146
2.01	0.000724382843674
2.02	0.000653508557041
2.03	0.000589216528921
2.04	0.000530932392743
2.05	0.000478128157697
2.06	0.000430318830195
2.07	0.000387059246884
2.08	0.000347941109167
2.09	0.000312590209339
2.1	0.000280663838674
2.11	0.000251848368031
2.12	0.0002258569918
2.13	0.000202427626277
2.14	0.000181320953849
2.15	0.000162318604666
2.16	0.000145221467791
2.17	0.000129848124107
2.18	0.000116033393606
2.19	0.000103626989982
2.2	9.24922757582e-05
2.21	8.2505111527e-05
2.22	7.35527931455e-05
2.23	6.55330710743e-05
2.24	5.83532463221e-05
2.25	5.19293377635e-05
2.26	4.61853158757e-05
2.27	4.10523982215e-05
2.28	3.64684022691e-05
2.29	3.23771514019e-05
2.3	2.87279302168e-05
2.31	2.54749854507e-05
2.32	2.25770691021e-05
2.33	1.99970205366e-05
2.34	1.77013845697e-05
2.35	1.56600627228e-05
2.36	1.38459950354e-05
2.37	1.22348699972e-05
2.38	1.08048603306e-05
2.39	9.5363825183e-06
2.4	8.41187811942e-06
2.41	7.41561506022e-06
2.42	6.53350722109e-06
2.43	5.75295076569e-06
2.44	5.06267577707e-06
2.45	4.45261187579e-06
2.46	3.91376659829e-06
2.47	3.43811541042e-06
2.48	3.01850232064e-06
2.49	2.64855014137e-06
2.5	2.32257952459e-06
2.51	2.03553597013e-06
2.52	1.78292407226e-06
2.53	1.56074833185e-06
2.54	1.36545991941e-06
2.55	1.19390882686e-06
2.56	1.04330089517e-06
2.57	9.11159250019e-07
2.58	7.95289719452e-07
2.59	6.93749845326e-07
2.6	6.04821135978e-07
2.61	5.26984239466e-07
2.62	4.5889674643e-07
2.63	3.99373358703e-07
2.64	3.47368184556e-07
2.65	3.01958944121e-07
2.66	2.62332889179e-07
2.67	2.27774260409e-07
2.68	1.9765312231e-07
2.69	1.71415431678e-07
2.7	1.48574209742e-07
2.71	1.28701700946e-07
2.72	1.11422413121e-07
2.73	9.64069443846e-08
2.74	8.33665117636e-08
2.75	7.204810521e-08
2.76	6.22301985872e-08
2.77	5.37189562948e-08
2.78	4.63448806312e-08
2.79	3.99598507724e-08
2.8	3.44345094649e-08
2.81	2.96559582178e-08
2.82	2.55257259984e-08
2.83	2.19579802273e-08
2.84	1.88779522681e-08
2.85	1.62205526577e-08
2.86	1.39291540576e-08
2.87	1.19545223526e-08
2.88	1.02538785116e-08
2.89	8.79007578124e-09
2.9	7.53087853085e-09
2.91	6.44833062391e-09
2.92	5.51820258093e-09
2.93	4.7195080361e-09
2.94	4.03408109092e-09
2.95	3.446207147e-09
2.96	2.94230067057e-09
2.97	2.51062411298e-09
2.98	2.14104289701e-09
2.99	1.82481198566e-09
3.0	1.55439008795e-09
3.01	1.32327803198e-09
3.02	1.12587825632e-09
3.03	9.5737274234e-10
3.04	8.13617038457e-10
3.05	6.91048316328e-10
3.06	5.86605654521e-10
3.07	4.97660969592e-10
3.08	4.2195921231e-10
3.09	3.57566620618e-10
3.1	3.02825973657e-10
3.11	2.56317925318e-10
3.12	2.16827613425e-10
3.13	1.83315843818e-10
3.14	1.5489423893e-10
3.15	1.30803819571e-10
3.16	1.10396557755e-10
3.17	9.31194989003e-11
3.18	7.85011045008e-11
3.19	6.61395124397e-11
3.2	5.56924522989e-11
3.21	4.68685880144e-11
3.22	3.94200907105e-11
3.23	3.31362710654e-11
3.24	2.78381236136e-11
3.25	2.33736554259e-11
3.26	1.96138889922e-11
3.27	1.64494442219e-11
3.28	1.37876175503e-11
3.29	1.15498874703e-11
3.3	9.6697856116e-12
3.31	8.09108097292e-12
3.32	6.76623224363e-12
3.33	5.65506948199e-12
3.34	4.72367188425e-12
3.35	3.94341309156e-12
3.36	3.29014954475e-12
3.37	2.74353089583e-12
3.38	2.28641449676e-12
3.39	1.90436857561e-12
3.4	1.5852509364e-12
3.41	1.31885193034e-12
3.42	1.09659208652e-12
3.43	9.11266197426e-13
3.44	7.56826859989e-13
3.45	6.28201505761e-13
3.46	5.21137837234e-13
3.47	4.32073343238e-13
3.48	3.5802521208e-13
3.49	2.96497512684e-13
3.5	2.4540298468e-13
3.51	2.02997179811e-13
3.52	1.67823039146e-13
3.53	1.38664281919e-13
3.54	1.14506229793e-13
3.55	9.45029012053e-14
3.56	7.79493896825e-14
3.57	6.4258692226e-14
3.58	5.29422830554e-14
3.59	4.35938375586e-14
3.6	3.58756041702e-14
3.61	2.9507000549e-14
3.62	2.42550770006e-14
3.63	1.99265464017e-14
3.64	1.63611274774e-14
3.65	1.34259884881e-14
3.66	1.10111123173e-14
3.67	9.02543258024e-15
3.68	7.39361450232e-15
3.69	6.05337464786e-15
3.7	4.95325069043e-15
3.71	4.05074681465e-15
3.72	3.31079244218e-15
3.73	2.70446214408e-15
3.74	2.20791313897e-15
3.75	1.80150393989e-15
3.76	1.46906371905e-15
3.77	1.197286992e-15
3.78	9.75232437019e-16
3.79	7.93908191946e-16
3.8	6.45928919067e-16
3.81	5.25232393525e-16
3.82	4.26845428325e-16
3.83	3.46690666789e-16
3.84	2.81427205774e-16
3.85	2.28319206946e-16
3.86	1.85127647906e-16
3.87	1.50021192771e-16
3.88	1.21502850414e-16
3.89	9.83496609875e-17
3.9	7.95631269194e-17
3.91	6.43284993401e-17
3.92	5.19813584752e-17
3.93	4.19801980992e-17
3.94	3.38839491758e-17
3.95	2.73335641363e-17
3.96	2.20369374356e-17
3.97	1.77565655304e-17
3.98	1.42994548008e-17
3.99	1.15088729611e-17
4.0	9.25761133843e-18
4.01	7.44248463904e-18
4.02	5.97984366183e-18
4.03	4.80191664333e-18
4.04	3.85382803766e-18
4.05	3.09117077864e-18
4.06	2.47803047144e-18
4.07	1.9853783652e-18
4.08	1.58976507002e-18
4.09	1.27225938206e-18
4.1	1.01758674939e-18
4.11	8.13430244972e-19
4.12	6.49863738378e-19
4.13	5.18892544113e-19
4.14	4.1408139381e-19
4.15	3.30253314574e-19
4.16	2.63246046994e-19
4.17	2.097151273e-19
4.18	1.66974790423e-19
4.19	1.3286950775e-19
4.2	1.05670323512e-19
4.21	8.39912532349e-20
4.22	6.67219023954e-20
4.23	5.2973191097e-20
4.24	4.20336619823e-20
4.25	3.33343289817e-20
4.26	2.64204144208e-20
4.27	2.09286383302e-20
4.28	1.65689802419e-20
4.29	1.31100415204e-20
4.3	1.03673044982e-20
4.31	8.19372081071e-21
4.32	6.47217139434e-21
4.33	5.10942957341e-21
4.34	4.03133050452e-21
4.35	3.17890823575e-21
4.36	2.50530841341e-21
4.37	1.97332237483e-21
4.38	1.55341874252e-21
4.39	1.22217309106e-21
4.4	9.61015936007e-22
4.41	7.55235116349e-22
4.42	5.93181357765e-22
4.43	4.65636014658e-22
4.44	3.65308184892e-22
4.45	2.86434964511e-22
4.46	2.24463879071e-22
4.47	1.7580074932e-22
4.48	1.37609628404e-22
4.49	1.07654151554e-22
4.5	8.41718012245e-23
4.51	6.57743181818e-23
4.52	5.13688687748e-23
4.53	4.00956796629e-23
4.54	3.12787295606e-23
4.55	2.43867875991e-23
4.56	1.90026455864e-23
4.57	1.47988354239e-23
4.58	1.15184761792e-23
4.59	8.96017618625e-24
4.6	6.96613874078e-24
4.61	5.41279720706e-24
4.62	4.2034460281e-24
4.63	3.26244571166e-24
4.64	2.53066831117e-24
4.65	1.96191998746e-24
4.66	1.520132709e-24
4.67	1.17716103897e-24
4.68	9.11054661729e-25
4.69	7.04704727355e-25
4.7	5.44783751348e-25
4.71	4.20915901818e-25
4.72	3.25027990368e-25
4.73	2.50842112323e-25
4.74	1.93479255936e-25
4.75	1.49149793244e-25
4.76	1.14911952984e-25
4.77	8.84834553528e-26
4.78	6.80946943604e-26
4.79	5.23743714249e-26
4.8	4.02604602403e-26
4.81	3.09309332656e-26
4.82	2.37498955827e-26
4.83	1.82257240949e-26
4.84	1.39785556351e-26
4.85	1.0715050993e-26
4.86	8.20881814289e-27
4.87	6.28523456646e-27
4.88	4.80968710031e-27
4.89	3.67846517555e-27
4.9	2.81171293975e-27
4.91	2.14797800355e-27
4.92	1.63999760149e-27
4.93	1.25144320049e-27
4.94	9.54407038568e-28
4.95	7.27462646137e-28
4.96	5.54169155748e-28
4.97	4.21918533171e-28
4.98	3.21047630792e-28
4.99	2.44154629414e-28
5.0	1.8557313208e-28
#normalisation = 1.0
#eerste moment n(k)k**2 = 0.826267133241
0.777718782338	0
#3e moment n(k)k**2 = 0.80887149884
#4e moment n(k)k**2 = 0.9126382167
0.308222982375	0
#kurtosis n(k)k**2 = -0.0387370199892
#skewness n(k)k**2 = 0.316749921898
