# mass number (A) = 208
# number of protons (Z) = 82
#units k = 1/fm , units n_1(k) = fm^3
# k (1/fm)	n	p	tot
0.0	2.8082059327
0.01	2.80820542348
0.02	2.80819781069
0.03	2.80816502903
0.04	2.80807759758
0.05	2.80789554072
0.06	2.80756963681
0.07	2.80704295517
0.08	2.80625263315
0.09	2.8051318378
0.1	2.80361185057
0.11	2.80162421022
0.12	2.79910284717
0.13	2.79598614332
0.14	2.79221885371
0.15	2.78775383126
0.16	2.782553502
0.17	2.77659104663
0.18	2.76985125335
0.19	2.76233101763
0.2	2.75403947555
0.21	2.74499776913
0.22	2.73523845321
0.23	2.72480456488
0.24	2.71374838642
0.25	2.70212994235
0.26	2.69001527875
0.27	2.6774745795
0.28	2.66458017858
0.29	2.65140453032
0.3	2.6380181998
0.31	2.62448793491
0.32	2.61087487773
0.33	2.5972329686
0.34	2.58360758925
0.35	2.57003448371
0.36	2.55653898671
0.37	2.54313557948
0.38	2.52982778257
0.39	2.51660838508
0.4	2.50345999916
0.41	2.49035591912
0.42	2.47726125548
0.43	2.4641343061
0.44	2.45092812031
0.45	2.43759220622
0.46	2.42407432794
0.47	2.41032233762
0.48	2.39628598649
0.49	2.38191866069
0.5	2.36717899058
0.51	2.35203228637
0.52	2.336451759
0.53	2.32041949156
0.54	2.30392713454
0.55	2.28697630633
0.56	2.26957868918
0.57	2.25175581966
0.58	2.23353858115
0.59	2.21496641448
0.6	2.1960862702
0.61	2.17695133313
0.62	2.15761955541
0.63	2.13815203914
0.64	2.11861131336
0.65	2.09905955207
0.66	2.079556781
0.67	2.06015912055
0.68	2.04091711049
0.69	2.02187415923
0.7	2.00306515661
0.71	1.98451528445
0.72	1.96623905328
0.73	1.94823958777
0.74	1.93050817665
0.75	1.91302409637
0.76	1.89575471055
0.77	1.87865584103
0.78	1.86167239968
0.79	1.84473926443
0.8	1.82778237745
0.81	1.81072003913
0.82	1.79346436732
0.83	1.77592288867
0.84	1.75800022667
0.85	1.73959984977
0.86	1.72062584281
0.87	1.70098466552
0.88	1.68058686312
0.89	1.65934869634
0.9	1.63719366077
0.91	1.61405386882
0.92	1.58987127136
0.93	1.56459870011
0.94	1.53820071616
0.95	1.51065425459
0.96	1.4819490592
0.97	1.45208790624
0.98	1.42108661959
0.99	1.38897388414
1.0	1.35579086754
1.01	1.32159066345
1.02	1.28643757242
1.03	1.25040623849
1.04	1.21358066155
1.05	1.17605310651
1.06	1.13792293135
1.07	1.09929535609
1.08	1.06028019486
1.09	1.02099057242
1.1	0.981541645533
1.11	0.942049348609
1.12	0.902629180969
1.13	0.86339505179
1.14	0.82445819649
1.15	0.78592617642
1.16	0.747901971489
1.17	0.710483173255
1.18	0.673761283809
1.19	0.637821123759
1.2	0.602740350618
1.21	0.568589087058
1.22	0.535429656806
1.23	0.503316424453
1.24	0.472295734098
1.25	0.442405940649
1.26	0.413677526649
1.27	0.386133296783
1.28	0.35978864169
1.29	0.334651862358
1.3	0.31072454621
1.31	0.288001985996
1.32	0.266473632736
1.33	0.246123574258
1.34	0.226931031222
1.35	0.208870863054
1.36	0.19191407673
1.37	0.176028331985
1.38	0.161178437189
1.39	0.147326830802
1.4	0.134434044015
1.41	0.1224591409
1.42	0.111360133031
1.43	0.10109436624
1.44	0.0916188777482
1.45	0.0828907225207
1.46	0.074867268229
1.47	0.0675064586698
1.48	0.0607670459473
1.49	0.0546087920893
1.5	0.0489926411039
1.51	0.0438808627535
1.52	0.0392371695457
1.53	0.035026808619
1.54	0.0312166303265
1.55	0.0277751354106
1.56	0.0246725027104
1.57	0.0218805993568
1.58	0.0193729753973
1.59	0.0171248447499
1.6	0.0151130543215
1.61	0.0133160430468
1.62	0.0117137925053
1.63	0.0102877706696
1.64	0.00902087022023
1.65	0.00789734274683
1.66	0.0069027300282
1.67	0.00602379346591
1.68	0.0052484426228
1.69	0.00456566370147
1.7	0.00396544868535
1.71	0.0034387257581
1.72	0.00297729151711
1.73	0.00257374540394
1.74	0.00222142668919
1.75	0.00191435427188
1.76	0.00164716948324
1.77	0.00141508202326
1.78	0.00121381910319
1.79	0.00103957781992
1.8	0.000888980747583
1.81	0.000759034697063
1.82	0.000647092565818
1.83	0.000550818177319
1.84	0.000468153991082
1.85	0.000397291550509
1.86	0.000336644525801
1.87	0.000284824202625
1.88	0.000240617263669
1.89	0.000202965709152
1.9	0.000170948763416
1.91	0.000143766617604
1.92	0.000120725862658
1.93	0.000101226472312
1.94	8.47502020118e-05
1.95	7.08502765974e-05
1.96	5.91422469132e-05
1.97	4.92959030909e-05
1.98	4.10281399234e-05
1.99	3.40966774019e-05
2.0	2.82945470131e-05
2.01	2.34452617041e-05
2.02	1.93985944637e-05
2.03	1.60268971828e-05
2.04	1.32218978096e-05
2.05	1.08919197942e-05
2.06	8.95947339105e-06
2.07	7.35917357117e-06
2.08	6.03594407509e-06
2.09	4.94347153316e-06
2.1	4.04287759404e-06
2.11	3.30158065847e-06
2.12	2.69232212729e-06
2.13	2.19233506227e-06
2.14	1.78263584585e-06
2.15	1.4474218335e-06
2.16	1.17356014064e-06
2.17	9.50154617139e-07
2.18	7.68179756796e-07
2.19	6.20171785661e-07
2.2	4.99968492206e-07
2.21	4.02490520205e-07
2.22	3.23557859402e-07
2.23	2.59736154494e-07
2.24	2.08208223961e-07
2.25	1.6666684976e-07
2.26	1.33225478679e-07
2.27	1.06343976943e-07
2.28	8.47670111226e-08
2.29	6.74729991741e-08
2.3	5.36318932838e-08
2.31	4.25703280248e-08
2.32	3.37428992207e-08
2.33	2.6708536288e-08
2.34	2.11110984335e-08
2.35	1.66634670735e-08
2.36	1.31345268772e-08
2.37	1.03385290715e-08
2.38	8.1264158459e-09
2.39	6.37875624568e-09
2.4	5.00000389616e-09
2.41	3.91383703478e-09
2.42	3.05938316321e-09
2.43	2.38816546684e-09
2.44	1.86163709886e-09
2.45	1.44919343401e-09
2.46	1.12657226789e-09
2.47	8.74568350693e-10
2.48	6.78002175188e-10
2.49	5.24894071059e-10
2.5	4.05803799488e-10
2.51	3.1330333419e-10
2.52	2.41556643929e-10
2.53	1.85985295636e-10
2.54	1.43002775097e-10
2.55	1.0980373924e-10
2.56	8.41971070857e-11
2.57	6.44740788883e-11
2.58	4.9303938439e-11
2.59	3.76519189529e-11
2.6	2.87145618937e-11
2.61	2.18689224206e-11
2.62	1.66327174691e-11
2.63	1.26331075864e-11
2.64	9.58227986693e-12
2.65	7.25837977243e-12
2.66	5.49064299425e-12
2.67	4.14782002318e-12
2.68	3.12917801067e-12
2.69	2.35751675872e-12
2.7	1.77375625224e-12
2.71	1.33274847626e-12
2.72	1.00004149868e-12
2.73	7.49383081799e-13
2.74	5.6079771706e-13
2.75	4.19107596009e-13
2.76	3.12796738317e-13
2.77	2.3313996609e-13
2.78	1.73535969967e-13
2.79	1.2899740763e-13
2.8	9.57616411374e-14
2.81	7.09940123311e-14
2.82	5.25619929044e-14
2.83	3.88635346178e-14
2.84	2.8696805205e-14
2.85	2.11614773708e-14
2.86	1.55840380108e-14
2.87	1.1461355593e-14
2.88	8.41810498898e-15
2.89	6.17469395362e-15
2.9	4.52313619128e-15
2.91	3.30892861165e-15
2.92	2.41745839532e-15
2.93	1.76382244959e-15
2.94	1.28521366375e-15
2.95	9.3523504799e-16
2.96	6.79659734114e-16
2.97	4.93273732961e-16
2.98	3.57528336366e-16
2.99	2.58797050072e-16
3.0	1.87083244118e-16
3.01	1.35063350086e-16
3.02	9.73794982768e-17
3.03	7.01173134971e-17
3.04	5.04209531594e-17
3.05	3.62097233479e-17
3.06	2.59697670991e-17
3.07	1.86011550617e-17
3.08	1.33058031986e-17
3.09	9.5054331829e-18
3.1	6.78160786703e-18
3.11	4.8319639107e-18
3.12	3.43831165007e-18
3.13	2.44341729096e-18
3.14	1.73412815551e-18
3.15	1.22912533699e-18
3.16	8.70047327566e-19
3.17	6.15065821592e-19
3.18	4.34242780015e-19
3.19	3.06179559364e-19
3.2	2.15601925288e-19
3.21	1.51621994303e-19
3.22	1.06489104814e-19
3.23	7.46933295816e-20
3.24	5.23229716111e-20
3.25	3.66047282113e-20
3.26	2.55750468309e-20
3.27	1.78455695772e-20
3.28	1.24359616029e-20
3.29	8.65493016328e-21
3.3	6.01565958549e-21
3.31	4.17579024773e-21
3.32	2.89487679576e-21
3.33	2.00427692153e-21
3.34	1.38586791493e-21
3.35	9.57023647438e-22
3.36	6.60025097972e-22
3.37	4.54606268416e-22
3.38	3.12714350366e-22
3.39	2.14831448396e-22
3.4	1.47396029411e-22
3.41	1.00997778846e-22
3.42	6.91156181339e-23
3.43	4.72366541858e-23
3.44	3.22419158496e-23
3.45	2.19786771823e-23
3.46	1.49630964688e-23
3.47	1.01737446272e-23
3.48	6.9084374869e-24
3.49	4.68509807918e-24
3.5	3.17320117203e-24
3.51	2.14643033103e-24
3.52	1.45002825371e-24
3.53	9.78310721895e-25
3.54	6.59201284265e-25
3.55	4.43609010915e-25
3.56	2.98142545493e-25
3.57	2.00119324757e-25
3.58	1.34151574856e-25
3.59	8.98140722169e-26
3.6	6.00530484323e-26
3.61	4.01021794082e-26
3.62	2.6745044736e-26
3.63	1.781399409e-26
3.64	1.18501019369e-26
3.65	7.8727390964e-27
3.66	5.22363477332e-27
3.67	3.46149016522e-27
3.68	2.29085146462e-27
3.69	1.51416941203e-27
3.7	9.99530130977e-28
3.71	6.58963516919e-28
3.72	4.33881449529e-28
3.73	2.85315388864e-28
3.74	1.87380279819e-28
3.75	1.22904365967e-28
3.76	8.05110788694e-29
3.77	5.26731214434e-29
3.78	3.44165792976e-29
3.79	2.24590691136e-29
3.8	1.46373131024e-29
3.81	9.527450411e-30
3.82	6.19352526127e-30
3.83	4.02110273767e-30
3.84	2.60734572878e-30
3.85	1.68848973688e-30
3.86	1.09205555969e-30
3.87	7.054036479e-31
3.88	4.55069236875e-31
3.89	2.93200167501e-31
3.9	1.88667919002e-31
3.91	1.21249277974e-31
3.92	7.78229458862e-32
3.93	4.98865787453e-32
3.94	3.19379817577e-32
3.95	2.04210962809e-32
3.96	1.30406313005e-32
3.97	8.31699229999e-33
3.98	5.29763755882e-33
3.99	3.37012946042e-33
4.0	2.14121098366e-33
4.01	1.35869198669e-33
4.02	8.61055954685e-34
4.03	5.44992691731e-34
4.04	3.44507800373e-34
4.05	2.1749869256e-34
4.06	1.37139822478e-34
4.07	8.63614622724e-35
4.08	5.4315776547e-35
4.09	3.41178557691e-35
4.1	2.14036244731e-35
4.11	1.34104360947e-35
4.12	8.39167371831e-36
4.13	5.24450511176e-36
4.14	3.27348831954e-36
4.15	2.0406454731e-36
4.16	1.27050075828e-36
4.17	7.9001078869e-37
4.18	4.90616286867e-37
4.19	3.04299938885e-37
4.2	1.88500650091e-37
4.21	1.16620537965e-37
4.22	7.20590523471e-38
4.23	4.44686029909e-38
4.24	2.74075348175e-38
4.25	1.68708951385e-38
4.26	1.03718936307e-38
4.27	6.36839322341e-39
4.28	3.90529360215e-39
4.29	2.39182620882e-39
4.3	1.46304529981e-39
4.31	8.93795693693e-40
4.32	5.45344808367e-40
4.33	3.32320135776e-40
4.34	2.02252913209e-40
4.35	1.22937867929e-40
4.36	7.46327485419e-41
4.37	4.52507901885e-41
4.38	2.74016033724e-41
4.39	1.6572154154e-41
4.4	1.00100267067e-41
4.41	6.038720001e-42
4.42	3.63837983768e-42
4.43	2.18939825089e-42
4.44	1.31581606459e-42
4.45	7.89804107875e-43
4.46	4.73475462673e-43
4.47	2.83484650656e-43
4.48	1.69517953544e-43
4.49	1.01240907538e-43
4.5	6.03879978707e-44
4.51	3.59749004313e-44
4.52	2.14043987435e-44
4.53	1.27192358933e-44
4.54	7.54872598731e-45
4.55	4.4744642581e-45
4.56	2.64888595509e-45
4.57	1.56617542326e-45
4.58	9.24852694808e-46
4.59	5.45456141534e-46
4.6	3.21293769261e-46
4.61	1.89016648335e-46
4.62	1.11058854044e-46
4.63	6.51721099362e-47
4.64	3.81967072336e-47
4.65	2.23586567302e-47
4.66	1.3071373216e-47
4.67	7.6322490121e-48
4.68	4.45081704884e-48
4.69	2.59228611883e-48
4.7	1.50793350002e-48
4.71	8.76067546124e-49
4.72	5.08334078241e-49
4.73	2.94589437741e-49
4.74	1.70506724939e-49
4.75	9.85649101106e-50
4.76	5.6906215621e-50
4.77	3.28135877701e-50
4.78	1.88975041044e-50
4.79	1.08695602959e-50
4.8	6.24419388738e-51
4.81	3.58259518723e-51
4.82	2.05293939632e-51
4.83	1.17492901753e-51
4.84	6.71590149615e-52
4.85	3.8340190716e-52
4.86	2.18605739226e-52
4.87	1.24487649085e-52
4.88	7.08024786198e-53
4.89	4.02187179423e-53
4.9	2.28173719688e-53
4.91	1.29288749528e-53
4.92	7.3166727972e-54
4.93	4.13546539815e-54
4.94	2.33449571086e-54
4.95	1.31619359353e-54
4.96	7.41147315018e-55
4.97	4.16818947438e-55
4.98	2.34125426817e-55
4.99	1.31343322613e-55
5.0	7.35911808291e-56
#normalisation = 1.0
#eerste moment n(k)k**2 = 0.885157197348
0.866536846686	0
#3e moment n(k)k**2 = 0.910207244233
#4e moment n(k)k**2 = 1.00909655758
0.288155483497	0
#kurtosis n(k)k**2 = -0.336286209488
#skewness n(k)k**2 = -0.159221613658
