# 2014-05-23.20:59:27
# P= k1+k1, k = (k1-k2)/2 
# qmax = 7
# nAlAnBlB = -1-1-1-1
# ST = 11
# A= 27	 T1= 0	 T2= 0	 A1= 27	 A2= 27
# central = 1	 tensor = 1	 spinisospin = 0
# norm = 1.74579
#k 	 mf 	 corr 	 3b corr 	 total 	 central 	 tensor 	 c-t
0	0	0	632.349	632.349	637.468	-4.90586	0	-0.212938	0	0
0.1	148.924	0.216909	613.628	762.769	617.586	-3.74685	0	-0.210793	0	0
0.2	475.963	0.784481	562.095	1038.84	562.893	-0.593863	0	-0.204436	0	0
0.3	745.634	1.49432	485.981	1233.11	482.362	3.81331	0	-0.194258	0	0
0.4	814.781	2.10494	397.569	1214.45	389.139	8.61048	0	-0.180653	0	0
0.5	703.783	2.43733	307.839	1014.06	294.97	13.0327	0	-0.164258	0	0
0.6	514.302	2.42981	225.524	742.256	209.155	16.5146	0	-0.145856	0	0
0.7	331.058	2.13761	156.393	489.588	137.829	18.6908	0	-0.12625	0	0
0.8	191.124	1.68732	103.29	296.101	83.9424	19.4538	0	-0.106294	0	0
0.9	98.4534	1.20644	66.0889	165.749	47.2482	18.9275	0	-0.086834	0	0
1	44.5871	0.787014	42.2646	87.6387	24.9197	17.4136	0	-0.0686655	0	0
1.1	17.4819	0.47184	28.0779	46.0316	12.8845	15.2458	0	-0.0523742	0	0
1.2	5.88799	0.263398	19.8837	26.0351	7.14929	12.7728	0	-0.0383656	0	0
1.3	1.70573	0.140164	14.9654	16.8113	4.7161	10.2763	0	-0.0270461	0	0
1.4	0.421424	0.0734589	11.6837	12.1785	3.74072	7.96114	0	-0.0182033	0	0
1.5	0.0885849	0.0403097	9.23425	9.36315	3.28527	5.96069	0	-0.0117119	0	0
1.6	0.0158178	0.0248738	7.27754	7.31823	2.9556	4.32915	0	-0.00720093	0	0
1.7	0.0023966	0.0178137	5.68604	5.70625	2.62581	3.06447	0	-0.00424278	0	0
1.8	0.000314853	0.0143237	4.39691	4.41155	2.27359	2.12573	0	-0.00241231	0	0
1.9	3.60294e-05	0.0121857	3.35738	3.3696	1.90912	1.4496	0	-0.00134238	0	0
2	3.51753e-06	0.0105263	2.53945	2.54998	1.55746	0.982736	0	-0.000745952	0	0
2.1	2.92499e-07	0.00904662	1.89617	1.90522	1.23471	0.661891	0	-0.000426796	0	0
2.2	2.06885e-08	0.00766686	1.39851	1.40618	0.952431	0.446337	0	-0.000253783	0	0
2.3	1.24337e-09	0.00638586	1.01466	1.02104	0.715973	0.298842	0	-0.000157772	0	0
2.4	6.7504e-11	0.00522487	0.72498	0.730205	0.52545	0.19963	0	-0.00010064	0	0
2.5	3.2061e-12	0.00420836	0.509904	0.514112	0.377198	0.132771	0	-6.4772e-05	0	0
2.6	1.2933e-13	0.00335199	0.352649	0.356001	0.265419	0.087272	0	-4.22881e-05	0	0
2.7	4.42573e-15	0.00266023	0.24018	0.24284	0.18347	0.0567382	0	-2.8671e-05	0	0
2.8	1.28393e-16	0.0021266	0.161312	0.163439	0.124819	0.0365154	0	-2.191e-05	0	0
2.9	3.15675e-18	0.00173534	0.106974	0.10871	0.0837387	0.0232537	0	-1.81832e-05	0	0
3	7.46918e-20	0.00146447	0.0701101	0.0715745	0.0554511	0.0146753	0	-1.62678e-05	0	0
3.1	1.51564e-21	0.0012879	0.0454415	0.0467294	0.0362694	0.0091872	0	-1.50324e-05	0	0
3.2	2.58424e-23	0.00117971	0.0291207	0.0303004	0.0234286	0.0057058	0	-1.37332e-05	0	0
3.3	3.70772e-25	0.00111635	0.0174273	0.0185436	0.013932	0.00350745	0	-1.21853e-05	0	0
3.4	4.48257e-27	0.00107809	0.0115497	0.0126278	0.00942374	0.00213647	0	-1.05404e-05	0	0
3.5	4.60409e-29	0.00104974	0.00716725	0.00821699	0.00590225	0.00127359	0	-8.59485e-06	0	0
3.6	4.91736e-31	0.00102043	0.00445544	0.00547587	0.00371768	0.000744628	0	-6.86271e-06	0	0
3.7	4.31599e-33	0.000984024	0.00283942	0.00382344	0.00241484	0.000429912	0	-5.33022e-06	0	0
3.8	3.13828e-35	0.000937595	0.00191573	0.00285333	0.00168118	0.00023858	0	-4.02998e-06	0	0
3.9	1.90149e-37	0.00088075	0.00142877	0.00230952	0.00129959	0.000132158	0	-2.97786e-06	0	0
4	9.64229e-40	0.000814836	0.00119392	0.00200875	0.00112179	7.42835e-05	0	-2.15464e-06	0	0
4.1	4.38199e-42	0.000742203	0.00109239	0.00183459	0.00104962	4.43152e-05	0	-1.54617e-06	0	0
4.2	2.08267e-44	0.000665663	0.00104766	0.00171332	0.00101972	2.89949e-05	0	-1.06047e-06	0	0
4.3	7.93199e-47	0.00058827	0.0010159	0.00160417	0.000995516	2.11065e-05	0	-7.21414e-07	0	0
4.4	2.46435e-49	0.000512621	0.000977855	0.00149048	0.000961799	1.65366e-05	0	-4.81243e-07	0	0
4.5	6.31704e-52	0.000440855	0.000894683	0.00133554	0.000881809	1.31893e-05	0	-3.15413e-07	0	0
4.6	1.34639e-54	0.000374568	0.000795409	0.00116998	0.000785289	1.03235e-05	0	-2.0352e-07	0	0
4.7	2.80959e-57	0.000314814	0.00114222	0.00145703	0.00113176	1.05817e-05	0	-1.29724e-07	0	0
4.8	5.93982e-60	0.000262139	0.00233514	0.00259727	0.00180529	0.000529578	0	2.68402e-07	0	0
4.9	9.79628e-63	0.000216584	0.000639531	0.000856115	0.000634424	5.15961e-06	0	-5.17381e-08	0	0
# mf integral is 102.155
# cor integral is 0.801223
# cor 3b integral is 77.2121
# tot integral is 180.169
