# mass number (A) = 109
# number of protons (Z) = 47
#relative orbital quantum number l = 8
# k (1/fm)	cm two_body (fm^3)
0.0	0.0
0.02	9.92620837323e-29
0.04	6.4664301046e-24
0.06	4.2052664144e-21
0.08	4.13761040535e-19
0.1	1.44382185473e-17
0.12	2.6114689635e-16
0.14	2.99759072526e-15
0.16	2.46405180514e-14
0.18	1.5680649692e-13
0.2	8.14751697091e-13
0.22	3.59018742308e-12
0.24	1.37978205762e-11
0.26	4.72441569844e-11
0.28	1.46525921495e-10
0.3	4.17066177536e-10
0.32	1.10106003248e-09
0.34	2.71949321723e-09
0.36	6.32917048868e-09
0.38	1.39634686946e-08
0.4	2.9351623745e-08
0.42	5.90398071367e-08
0.44	1.14064534846e-07
0.46	2.12349946536e-07
0.48	3.82008651817e-07
0.5	6.65713762233e-07
0.52	1.12627006598e-06
0.54	1.85343897388e-06
0.56	2.97196143315e-06
0.58	4.65057604685e-06
0.6	7.11165186496e-06
0.62	1.06408582109e-05
0.64	1.55960946708e-05
0.66	2.24147250134e-05
0.68	3.16180244023e-05
0.7	4.3811685404e-05
0.72	5.96812580523e-05
0.74	7.99815398269e-05
0.76	0.000105519191185
0.78	0.00013712822827
0.8	0.00017563852092
0.82	0.000221837972743
0.84	0.000276429641081
0.86	0.000339985620207
0.88	0.000412900008885
0.9	0.000495343662109
0.92	0.000587223641263
0.94	0.000688150293115
0.96	0.00079741468732
0.98	0.000913978723919
1.0	0.00103647960548
1.02	0.00116324958977
1.04	0.00129235105093
1.06	0.00142162594326
1.08	0.00154875785215
1.1	0.00167134399846
1.12	0.00178697390045
1.14	0.00189331093876
1.16	0.00198817285097
1.18	0.00206960721619
1.2	0.00213595827318
1.22	0.00218592192279
1.24	0.00221858645729
1.26	0.0022334573825
1.28	0.00223046559327
1.3	0.00220995906604
1.32	0.00217267908391
1.34	0.00211972275741
1.36	0.00205249420581
1.38	0.00197264719092
1.4	0.00188202223373
1.42	0.00178258129408
1.44	0.00167634296763
1.46	0.00156532087649
1.48	0.00145146753207
1.5	0.00133662546615
1.52	0.00122248689882
1.54	0.00111056267393
1.56	0.00100216067919
1.58	0.000898373504555
1.6	0.000800074700454
1.62	0.00070792268953
1.64	0.000622371167968
1.66	0.000543684704477
1.68	0.000471958200901
1.7	0.000407138907607
1.72	0.000349049776326
1.74	0.00029741306827
1.76	0.000251873301094
1.78	0.000212018800489
1.8	0.00017740130806
1.82	0.000147553276142
1.84	0.000122002643994
1.86	0.000100285032696
1.88	8.19534144595e-05
1.9	6.65854046956e-05
1.92	5.37883924219e-05
1.94	4.32027681217e-05
1.96	3.45035308246e-05
1.98	2.74005611924e-05
2.0	2.16378383788e-05
2.02	1.69918589503e-05
2.04	1.32694895294e-05
2.06	1.03054540246e-05
2.08	7.95962382741e-06
2.1	6.1142471868e-06
2.12	4.67122360661e-06
2.14	3.54950158201e-06
2.16	2.68265392401e-06
2.18	2.01666459309e-06
2.2	1.50794438944e-06
2.22	1.12157983775e-06
2.24	8.29809835798e-07
2.26	6.1071769952e-07
2.28	4.47121692558e-07
2.3	3.25644528861e-07
2.32	2.35941264129e-07
2.34	1.70065064875e-07
2.36	1.21951233579e-07
2.38	8.70012987145e-08
2.4	6.1750727069e-08
2.42	4.36057099787e-08
2.44	3.06363864255e-08
2.46	2.14157039679e-08
2.48	1.48948238407e-08
2.5	1.03075147839e-08
2.52	7.09733561796e-09
2.54	4.86257744515e-09
2.56	3.31493027858e-09
2.58	2.24866960663e-09
2.6	1.51784294346e-09
2.62	1.01949325352e-09
2.64	6.81403664054e-10
2.66	4.53203518712e-10
2.68	2.99955449661e-10
2.7	1.97560791249e-10
2.72	1.29488436137e-10
2.74	8.4460379832e-11
2.76	5.48242065148e-11
2.78	3.54155756978e-11
2.8	2.276795975e-11
2.82	1.45668920485e-11
2.84	9.27529385216e-12
2.86	5.87775321419e-12
2.88	3.70700110473e-12
2.9	2.32683980308e-12
2.92	1.45360785275e-12
2.94	9.03794212888e-13
2.96	5.59290949544e-13
2.98	3.44473880865e-13
3.0	2.11168589456e-13
3.02	1.28843055178e-13
3.04	7.82447957791e-14
3.06	4.72951553893e-14
3.08	2.84543401717e-14
3.1	1.70394232854e-14
3.12	1.01563940514e-14
3.14	6.02568143987e-15
3.16	3.55842973295e-15
3.18	2.09170184121e-15
3.2	1.22386583503e-15
3.22	7.12793806619e-16
3.24	4.13231537078e-16
3.26	2.38465597703e-16
3.28	1.36982151545e-16
3.3	7.83269806151e-17
3.32	4.45831821311e-17
3.34	2.52607407679e-17
3.36	1.42475258421e-17
3.38	7.9993396e-18
3.4	4.4708801761e-18
3.42	2.48747655066e-18
3.44	1.37770055411e-18
3.46	7.59597101627e-19
3.48	4.16914596691e-19
3.5	2.27797471422e-19
3.52	1.23905706961e-19
3.54	6.70929525824e-20
3.56	3.61666439066e-20
3.58	1.94083096399e-20
3.6	1.03685458993e-20
3.62	5.51443522791e-21
3.64	2.91970942447e-21
3.66	1.53899055475e-21
3.68	8.07592532549e-22
3.7	4.21901336709e-22
3.72	2.19428981727e-22
3.74	1.13617108118e-22
3.76	5.85682535164e-23
3.78	3.00574216813e-23
3.8	1.5357274866e-23
3.82	7.81180899131e-24
3.84	3.95608951085e-24
3.86	1.99461746567e-24
3.88	1.00123054065e-24
3.9	5.00370203896e-25
3.92	2.48962285449e-25
3.94	1.23328177492e-25
3.96	6.08246371464e-26
3.98	2.98666839006e-26
4.0	1.46011319886e-26
#normalisation = 0.00212663680844
#sigma**2 n(k)k**2 = 0.00404315755039
#kurtosis n(k)k**2 = 514.777569057
#skewness n(k)k**2 = 22.4611609511
