# 2014-03-25.19:55:56
# qmax = 9
# E = 0
# A= 48	 T1= 0	 T2= 0	 A1= 48	 A2= 48
# central = 1	 tensor = 1	 spinisospin = 0
# norm = 1.45162
# k 	 mf 	 corr 	 total
0	22.9847	19.1706	42.1553
0.1	22.7405	18.9222	41.6626
0.2	22.0159	18.1838	40.1997
0.3	20.8127	17.0287	37.8415
0.4	19.1584	15.4972	34.6557
0.5	17.0997	13.6938	30.7934
0.6	14.7183	11.7301	26.4484
0.7	12.133	9.72322	21.8562
0.8	9.51412	7.78846	17.3026
0.9	7.04539	6.02395	13.0693
1	4.89546	4.50224	9.39771
1.1	3.17343	3.26196	6.43539
1.2	1.90984	2.30712	4.21697
1.3	1.06298	1.61394	2.67692
1.4	0.545532	1.13887	1.6844
1.5	0.257555	0.831322	1.08888
1.6	0.111686	0.641032	0.752718
1.7	0.0444323	0.526552	0.570984
1.8	0.0162044	0.456867	0.473072
1.9	0.00541487	0.411118	0.416533
2	0.00165832	0.376579	0.378237
2.1	0.000465131	0.346327	0.346793
2.2	0.000120034	0.317796	0.317916
2.3	2.87184e-05	0.289807	0.289836
2.4	6.18671e-06	0.262611	0.262617
2.5	1.19706e-06	0.236318	0.236319
2.6	2.10899e-07	0.211408	0.211408
2.7	3.4254e-08	0.18821	0.18821
2.8	5.17718e-09	0.166918	0.166918
2.9	7.28514e-10	0.147596	0.147596
3	9.46559e-11	0.130221	0.130221
3.1	1.1226e-11	0.114673	0.114673
3.2	1.14653e-12	0.100788	0.100788
3.3	1.18224e-13	0.0884497	0.0884497
3.4	1.12464e-14	0.0774577	0.0774577
3.5	1.20585e-15	0.0676579	0.0676579
3.6	3.02971e-16	0.0589212	0.0589212
3.7	4.85821e-16	0.051128	0.051128
3.8	1.91182e-16	0.0441818	0.0441818
3.9	2.14482e-16	0.0380039	0.0380039
4	1.1571e-16	0.0325251	0.0325251
4.1	2.20051e-16	0.0276893	0.0276893
4.2	7.2967e-16	0.0234392	0.0234392
4.3	2.84346e-16	0.0197347	0.0197347
4.4	7.59835e-17	0.0165238	0.0165238
4.5	1.19988e-11	0.0137606	0.0137606
4.6	1.22402e-14	0.0113999	0.0113999
4.7	2.3553e-06	0.00939805	0.00940041
4.8	2.61796e-14	0.00771295	0.00771295
4.9	3.60612e-11	0.0063046	0.0063046
5	3.14717e-14	0.0051347	0.0051347
5.1	1.44276e-11	0.00416791	0.00416791
5.2	1.67897e-14	0.00337501	0.00337501
5.3	1.15385e-13	0.00272671	0.00272671
5.4	6.03151e-15	0.00219852	0.00219852
5.5	4.36454e-16	0.00176929	0.00176929
5.6	1.226e-16	0.00142127	0.00142127
5.7	2.47059e-09	0.00113925	0.00113925
5.8	3.48746e-17	0.000910897	0.000910897
5.9	4.99204e-16	0.000725945	0.000725945
# mf integral is 4.87875
# cor integral is 7.88513
# tot integral is 12.7639
