# 2014-05-23.15:07:55
# P= k1+k1, k = (k1-k2)/2 
# qmax = 7
# nAlAnBlB = -1-1-1-1
# ST = 11
# A= 12	 T1= 0	 T2= 0	 A1= 12	 A2= 12
# central = 1	 tensor = 1	 spinisospin = 0
# norm = 1.54665
#k 	 mf 	 corr 	 3b corr 	 total 	 central 	 tensor 	 c-t
0	0	0	87.8272	87.8272	93.9579	-6.07218	0	-0.0585568	0	0
0.1	19.5462	0.0509774	85.1419	104.739	90.8905	-5.69038	0	-0.0581578	0	0
0.2	66.0327	0.185883	77.4766	143.695	82.1731	-4.63958	0	-0.0569352	0	0
0.3	112.413	0.358951	66.1731	178.945	69.3549	-3.12697	0	-0.0548386	0	0
0.4	135.415	0.515513	53.0877	189.018	54.5721	-1.43262	0	-0.0518192	0	0
0.5	128.316	0.612253	40.0534	168.982	39.9335	0.167782	0	-0.0478831	0	0
0.6	100.157	0.630038	28.5505	129.337	27.1213	1.47239	0	-0.043128	0	0
0.7	66.0119	0.575851	19.4156	86.0033	17.0761	2.37726	0	-0.0377537	0	0
0.8	37.3959	0.475398	12.8297	50.7009	9.99042	2.87129	0	-0.0320375	0	0
0.9	18.37	0.357918	8.46266	27.1906	5.47935	3.0096	0	-0.0262873	0	0
1	7.86774	0.247456	5.75516	13.8704	2.89595	2.88003	0	-0.0208189	0	0
1.1	2.94785	0.158079	4.12546	7.23139	1.56514	2.5762	0	-0.0158769	0	0
1.2	0.972155	0.0941829	3.11932	4.18566	0.949022	2.18194	0	-0.0116471	0	0
1.3	0.284693	0.0531587	2.44489	2.78274	0.688369	1.76472	0	-0.00819606	0	0
1.4	0.0736278	0.0289992	1.94394	2.04657	0.578653	1.37081	0	-0.0055252	0	0
1.5	0.0168145	0.0159442	1.5436	1.57636	0.519519	1.02764	0	-0.00355802	0	0
1.6	0.00338926	0.00941132	1.21459	1.22739	0.469374	0.747409	0	-0.0021939	0	0
1.7	0.000602608	0.00632033	0.94467	0.951593	0.415732	0.530225	0	-0.00128679	0	0
1.8	9.6177e-05	0.00486589	0.725923	0.730885	0.357632	0.369021	0	-0.000729248	0	0
1.9	1.38132e-05	0.00409232	0.551205	0.555311	0.298248	0.253354	0	-0.000397246	0	0
2	1.75477e-06	0.00356634	0.413478	0.417046	0.241258	0.172431	0	-0.000211093	0	0
2.1	1.9688e-07	0.00311716	0.306165	0.309282	0.189548	0.116727	0	-0.000110888	0	0
2.2	1.94837e-08	0.00268994	0.223535	0.226225	0.144892	0.0787009	0	-5.80748e-05	0	0
2.3	1.6988e-09	0.00227793	0.160788	0.163066	0.107965	0.0528532	0	-3.00986e-05	0	0
2.4	1.36534e-10	0.0018906	0.11386	0.115751	0.0785855	0.0352893	0	-1.49141e-05	0	0
2.5	9.87608e-12	0.00154112	0.0793717	0.0809128	0.0559965	0.0233818	0	-6.61907e-06	0	0
2.6	6.2882e-13	0.00123936	0.0544921	0.0557315	0.0391466	0.0153478	0	-2.36234e-06	0	0
2.7	3.51992e-14	0.000990347	0.0368784	0.0378687	0.0269066	0.00997238	0	-5.80333e-07	0	0
2.8	1.73067e-15	0.000794327	0.0246292	0.0254235	0.0182156	0.00641388	0	-2.96894e-07	0	0
2.9	7.46951e-17	0.000647464	0.0162463	0.0168938	0.012161	0.00408607	0	-7.65437e-07	0	0
3	3.09958e-18	0.000543154	0.0105915	0.0111347	0.00801158	0.00258136	0	-1.44617e-06	0	0
3.1	1.1405e-19	0.000472857	0.00682153	0.00729438	0.00520597	0.00161753	0	-1.98367e-06	0	0
3.2	3.66388e-21	0.000427784	0.00433529	0.00476308	0.00333296	0.00100465	0	-2.31964e-06	0	0
3.3	1.02784e-22	0.000399762	0.00270091	0.00310067	0.00208964	0.000613647	0	-2.37379e-06	0	0
3.4	2.51879e-24	0.000381822	0.00167539	0.00205721	0.00130325	0.000374357	0	-2.21776e-06	0	0
3.5	5.41966e-26	0.000368516	0.00102165	0.00139017	0.000800532	0.00022305	0	-1.93319e-06	0	0
3.6	1.18147e-27	0.000355873	0.000623194	0.000979067	0.000494633	0.000130169	0	-1.60806e-06	0	0
3.7	2.21847e-29	0.000341558	0.00039112	0.000732678	0.000318039	7.43632e-05	0	-1.28231e-06	0	0
3.8	3.60014e-31	0.000324376	0.000264548	0.000588924	0.000223813	4.17291e-05	0	-9.93224e-07	0	0
3.9	5.06255e-33	0.000304043	0.000202055	0.000506098	0.00017939	2.34149e-05	0	-7.50361e-07	0	0
4	6.18208e-35	0.000280905	0.000175439	0.000456344	0.000162537	1.3458e-05	0	-5.55113e-07	0	0
4.1	6.86635e-37	0.000255679	0.000401165	0.000656844	0.000395914	5.65346e-06	0	-4.02501e-07	0	0
4.2	7.75976e-39	0.000229261	0.00016366	0.000392921	0.000158412	5.53405e-06	0	-2.86077e-07	0	0
4.3	7.4316e-41	0.000202644	0.000160934	0.000363578	0.000157029	4.10473e-06	0	-1.99109e-07	0	0
4.4	6.08257e-43	0.000176679	0.00015527	0.000331948	0.000152223	3.1827e-06	0	-1.35522e-07	0	0
4.5	4.27987e-45	0.000152069	0.00014607	0.000298139	0.000143627	2.53208e-06	0	-8.97448e-08	0	0
4.6	2.6001e-47	0.000129343	0.000133834	0.000263178	0.000131892	2.0002e-06	0	-5.83408e-08	0	0
4.7	1.52357e-49	0.000108848	0.000119642	0.00022849	0.000118124	1.55426e-06	0	-3.6919e-08	0	0
4.8	8.91375e-52	9.07644e-05	0.000116073	0.000206838	0.000114712	1.3836e-06	0	-2.27766e-08	0	0
4.9	4.34144e-54	7.51043e-05	8.98743e-05	0.000164979	8.90284e-05	8.59675e-07	0	-1.37167e-08	0	0
# mf integral is 18.7423
# cor integral is 0.238743
# cor 3b integral is 10.748
# tot integral is 29.7291
