# 2014-05-24.03:44:41
# P= k1+k1, k = (k1-k2)/2 
# qmax = 7
# nAlAnBlB = -1-1-1-1
# ST = 01
# A= 40	 T1= 0	 T2= 0	 A1= 40	 A2= 40
# central = 1	 tensor = 1	 spinisospin = 0
# norm = 1.89786
#k 	 mf 	 corr 	 3b corr 	 total 	 central 	 tensor 	 c-t
0	2241.68	12.4374	606.677	2860.8	590.361	16.3168	0	-1.92012e-05	0	0
0.1	2025.66	12.0129	589.494	2627.17	573.035	16.4595	0	-1.84446e-05	0	0
0.2	1539.17	10.8379	541.445	2091.45	524.595	16.8499	0	-1.65809e-05	0	0
0.3	1060.35	9.12565	471.037	1540.51	453.669	17.3682	0	-1.49052e-05	0	0
0.4	730.764	7.16111	388.79	1126.71	370.926	17.8639	0	-1.2352e-05	0	0
0.5	521.329	5.22692	304.616	831.172	286.461	18.1556	0	-1.13183e-05	0	0
0.6	364.122	3.54083	226.031	593.694	207.917	18.1137	0	-1.11743e-05	0	0
0.7	234.062	2.22415	158.621	394.907	141.057	17.5637	0	-1.16289e-05	0	0
0.8	135.439	1.29187	105.429	242.16	88.808	16.6213	0	-1.21309e-05	0	0
0.9	69.8819	0.691669	66.8015	137.375	51.6024	15.1991	0	-1.22006e-05	0	0
1	31.7295	0.33997	41.2114	73.2809	27.7954	13.4161	0	-1.14907e-05	0	0
1.1	12.4412	0.15253	25.6907	38.2845	14.2669	11.4239	0	-9.89609e-06	0	0
1.2	4.15046	0.0620802	16.9501	21.1626	7.57045	9.37962	0	-8.60115e-06	0	0
1.3	1.17265	0.0226503	12.0651	13.2604	4.63535	7.42972	0	-6.56244e-06	0	0
1.4	0.277167	0.00720692	9.15588	9.44026	3.46911	5.68677	0	-4.8863e-06	0	0
1.5	0.054539	0.00217936	7.17787	7.23459	2.96528	4.2126	0	-3.40325e-06	0	0
1.6	0.00890835	0.00134149	5.68191	5.69216	2.64878	3.03314	0	-2.01288e-06	0	0
1.7	0.00120578	0.00213913	4.48496	4.4883	2.35408	2.13087	0	-1.15858e-06	0	0
1.8	0.000138615	0.0036056	3.51379	3.51753	2.04401	1.46978	0	-5.61545e-07	0	0
1.9	1.36132e-05	0.00536783	2.72707	2.73245	1.72606	1.00101	0	-1.98453e-07	0	0
2	1.11564e-06	0.00724462	2.09313	2.10037	1.41656	0.676572	0	-2.94032e-09	0	0
2.1	7.61577e-08	0.0091078	1.58619	1.5953	1.13042	0.455775	0	8.19395e-08	0	0
2.2	4.3245e-09	0.0108515	1.18442	1.19527	0.878018	0.306399	0	1.05135e-07	0	0
2.3	2.04074e-10	0.0123889	0.8701	0.882488	0.664643	0.205456	0	9.65576e-08	0	0
2.4	8.60813e-12	0.0136489	0.628208	0.641857	0.491076	0.137132	0	8.36152e-08	0	0
2.5	3.12316e-13	0.0145915	0.445613	0.460205	0.354765	0.0908479	0	6.82385e-08	0	0
2.6	9.41239e-15	0.0151991	0.316571	0.33177	0.256974	0.0595973	0	4.81776e-08	0	0
2.7	2.35385e-16	0.0154719	0.213161	0.228633	0.174496	0.038665	0	3.40815e-08	0	0
2.8	4.88269e-18	0.0154272	0.144089	0.159517	0.119283	0.0248065	0	2.20731e-08	0	0
2.9	8.40154e-20	0.0150962	0.0960653	0.111161	0.0803829	0.0156824	0	1.30808e-08	0	0
3	1.39725e-21	0.0145154	0.0632727	0.0777881	0.0534129	0.00985981	0	5.72092e-09	0	0
3.1	1.95103e-23	0.0137365	0.0412236	0.0549601	0.0350283	0.0061953	0	2.46015e-09	0	0
3.2	2.23411e-25	0.0128088	0.020431	0.0332398	0.0165911	0.00383984	0	1.07903e-09	0	0
3.3	2.10349e-27	0.0117802	0.0170526	0.0288328	0.0146971	0.00235553	0	1.64557e-11	0	0
3.4	1.63228e-29	0.0106951	0.0107919	0.021487	0.00936712	0.00142481	0	-4.0118e-10	0	0
3.5	1.05491e-31	0.00959286	0.00678471	0.0163776	0.00593954	0.00084517	0	-5.49893e-10	0	0
3.6	7.24565e-34	0.00850636	0.00427535	0.0127817	0.00378644	0.00048891	0	-5.58849e-10	0	0
3.7	3.96201e-36	0.00746348	0.00275161	0.0102151	0.00247691	0.000274702	0	-5.95784e-10	0	0
3.8	1.74663e-38	0.00648393	0.00186492	0.00834885	0.0017149	0.000150017	0	-5.57389e-10	0	0
3.9	6.26114e-41	0.00558116	0.00197588	0.00755704	0.00129704	0.000678842	0	2.61962e-10	0	0
4	1.8363e-43	0.00476309	0.00112667	0.00588977	0.0010829	4.37673e-05	0	-4.60877e-10	0	0
4.1	4.79542e-46	0.00403307	0.00101476	0.00504783	0.000989294	2.54668e-05	0	-3.92182e-10	0	0
4.2	1.33808e-48	0.00339092	0.000810186	0.0042011	0.000793409	1.67777e-05	0	-3.19183e-10	0	0
4.3	2.87895e-51	0.00283261	0.000910963	0.00374358	0.000898086	1.28777e-05	0	-2.48368e-10	0	0
4.4	4.90365e-54	0.00235254	0.00028922	0.00264176	0.00027884	1.03802e-05	0	-1.79953e-10	0	0
4.5	6.71733e-57	0.00194382	-0.000297371	0.00164645	-0.000306106	8.7356e-06	0	-1.22394e-10	0	0
4.6	7.47689e-60	0.00159893	0.000864292	0.00246323	0.000857035	7.2575e-06	0	-7.74906e-11	0	0
4.7	8.27364e-63	0.00131035	0.000804327	0.00211468	0.000798467	5.86065e-06	0	-4.50025e-11	0	0
4.8	9.36947e-66	0.00107062	0.000808513	0.00187914	0.000803934	4.57965e-06	0	-2.39244e-11	0	0
4.9	7.91478e-69	0.000872378	0.000407819	0.0012802	0.000400452	7.36693e-06	0	-1.08737e-11	0	0
# mf integral is 86.9003
# cor integral is 1.07151
# cor 3b integral is 72.85
# tot integral is 160.822
