# 2014-05-24.03:34:17
# P= k1+k1, k = (k1-k2)/2 
# qmax = 7
# nAlAnBlB = -1-1-1-1
# ST = 00
# A= 40	 T1= 0	 T2= 0	 A1= 40	 A2= 40
# central = 1	 tensor = 1	 spinisospin = 0
# norm = 1.89786
#k 	 mf 	 corr 	 3b corr 	 total 	 central 	 tensor 	 c-t
0	0	0	177.135	177.135	171.418	5.71715	0	-1.41369e-05	0	0
0.1	46.2804	0.0379257	172.489	218.807	166.727	5.76159	0	-1.36991e-05	0	0
0.2	140.889	0.139467	159.157	300.186	153.274	5.88309	0	-1.25177e-05	0	0
0.3	204.841	0.272254	138.906	344.019	132.863	6.04299	0	-1.10845e-05	0	0
0.4	205.006	0.394696	114.512	319.913	108.319	6.19351	0	-9.12507e-06	0	0
0.5	163.836	0.470511	89.1312	253.437	82.8578	6.27344	0	-7.66708e-06	0	0
0.6	114.822	0.481181	65.3777	180.681	59.1374	6.24032	0	-6.40659e-06	0	0
0.7	73.7348	0.431097	45.1821	119.348	39.146	6.03611	0	-5.61495e-06	0	0
0.8	43.0174	0.34318	29.5592	72.9198	23.8595	5.69978	0	-5.17381e-06	0	0
0.9	21.9742	0.2445	18.5539	40.7726	13.351	5.20284	0	-4.72534e-06	0	0
1	9.5197	0.156655	11.524	21.2004	6.93819	4.58583	0	-4.42974e-06	0	0
1.1	3.43405	0.0906432	7.39173	10.9164	3.49146	3.90027	0	-3.89781e-06	0	0
1.2	1.02787	0.0477676	5.08622	6.16186	1.88679	3.19944	0	-3.63992e-06	0	0
1.3	0.25743	0.023303	3.75489	4.03563	1.22228	2.53262	0	-3.04841e-06	0	0
1.4	0.0536137	0.0107302	2.90564	2.96999	0.967886	1.93776	0	-2.52683e-06	0	0
1.5	0.0092849	0.00490411	2.28794	2.30213	0.852723	1.43522	0	-1.95268e-06	0	0
1.6	0.00133702	0.00242493	1.8032	1.80696	0.769877	1.03332	0	-1.33939e-06	0	0
1.7	0.00016007	0.00140975	1.41123	1.4128	0.685312	0.72592	0	-8.77312e-07	0	0
1.8	1.6391e-05	0.000964731	1.09462	1.09561	0.593989	0.500636	0	-5.19901e-07	0	0
1.9	1.44332e-06	0.000717868	0.840717	0.841437	0.499878	0.34084	0	-2.66536e-07	0	0
2	1.06448e-07	0.000540347	0.638683	0.639224	0.408433	0.23025	0	-1.09819e-07	0	0
2.1	6.56346e-09	0.00039479	0.47927	0.479665	0.324268	0.155003	0	-2.19892e-08	0	0
2.2	3.37859e-10	0.000272978	0.354591	0.354864	0.250458	0.104133	0	2.1029e-08	0	0
2.3	1.45049e-11	0.000174406	0.258269	0.258444	0.188477	0.069792	0	3.9779e-08	0	0
2.4	5.60836e-13	9.94077e-05	0.185001	0.1851	0.138427	0.0465736	0	4.33496e-08	0	0
2.5	1.87244e-14	4.72574e-05	0.130274	0.130321	0.0994153	0.0308588	0	4.11734e-08	0	0
2.6	5.2029e-16	1.59849e-05	0.0920893	0.0921053	0.0718369	0.0202523	0	3.66638e-08	0	0
2.7	1.20217e-17	2.6713e-06	0.0615204	0.061523	0.048373	0.0131473	0	3.08011e-08	0	0
2.8	2.30908e-19	3.78829e-06	0.0413522	0.041356	0.0329115	0.0084407	0	2.45058e-08	0	0
2.9	3.68717e-21	1.55512e-05	0.0274229	0.0274385	0.0220829	0.00534002	0	1.84203e-08	0	0
3	5.73202e-23	3.4173e-05	0.0179714	0.0180056	0.0146121	0.00335928	0	1.28187e-08	0	0
3.1	7.49061e-25	5.62536e-05	0.0116626	0.0117189	0.00955106	0.00211155	0	9.02593e-09	0	0
3.2	8.03369e-27	7.89027e-05	0.00558083	0.00565973	0.00427123	0.00130959	0	5.83407e-09	0	0
3.3	7.09258e-29	9.98337e-05	0.00477006	0.00486989	0.00396589	0.000804161	0	3.70058e-09	0	0
3.4	5.16767e-31	0.000117408	0.00299822	0.00311562	0.00251099	0.000487221	0	2.28672e-09	0	0
3.5	3.14104e-33	0.000130611	0.0018702	0.00200082	0.00158044	0.000289766	0	1.38831e-09	0	0
3.6	2.04308e-35	0.000138897	0.0011689	0.00130779	0.00100062	0.000168275	0	8.33503e-10	0	0
3.7	1.05726e-37	0.000142418	0.000747571	0.000889988	0.000652513	9.50577e-05	0	4.58213e-10	0	0
3.8	4.41171e-40	0.000141562	0.000506448	0.00064801	0.000454177	5.2271e-05	0	2.27728e-10	0	0
3.9	1.49792e-42	0.000136962	0.00057685	0.000713812	0.000349139	0.000227711	0	5.7901e-10	0	0
4	4.16481e-45	0.000129386	0.000313717	0.000443102	0.000298254	1.54623e-05	0	-1.7513e-11	0	0
4.1	1.03364e-47	0.000119639	0.000288391	0.00040803	0.000279393	8.99876e-06	0	-6.88766e-11	0	0
4.2	2.75377e-50	0.000108501	0.000205084	0.000313585	0.000199208	5.87637e-06	0	-8.9548e-11	0	0
4.3	5.65084e-53	9.67186e-05	0.000264333	0.000361051	0.000259828	4.50423e-06	0	-9.09689e-11	0	0
4.4	9.17922e-56	8.48819e-05	7.81269e-05	0.000163009	7.45901e-05	3.53681e-06	0	-7.83206e-11	0	0
4.5	1.1997e-58	7.34552e-05	-5.42487e-05	1.92065e-05	-5.72009e-05	2.9523e-06	0	-6.05486e-11	0	0
4.6	1.27488e-61	6.27753e-05	0.000246533	0.000309309	0.000244091	2.44267e-06	0	-4.20806e-11	0	0
4.7	1.35141e-64	5.30629e-05	0.000228268	0.000281331	0.000226299	1.96877e-06	0	-2.61821e-11	0	0
4.8	1.46974e-67	4.44387e-05	0.000228256	0.000272695	0.000226715	1.5405e-06	0	-1.4313e-11	0	0
4.9	1.1909e-70	3.69307e-05	9.87408e-05	0.000135672	9.62737e-05	2.46706e-06	0	-6.02403e-12	0	0
# mf integral is 23.681
# cor integral is 0.147215
# cor 3b integral is 21.2851
# tot integral is 45.1134
