# t1 = 1 t2 = 1
# selected nl = 00
# P= (p1+p2)/sqrt(2) 
# 	1001	1011	1013	1023	1025	1037	1101	11011	11023	11025	11037	11101	13011	13013	13023	13025	13037	13101	23023	23037	25023	25025	25037	25101	37037	101023	101037	101101	 total
0	18.9333	0	0	0	0	0	14.2	4.73333	0	0	0	0	0	9.46667	0	0	0	0	2.36666	0	0	3.54999	0	0	0.633929	0	0	7.39581	61.2797
0.05	18.7389	0.12895	0.2579	0.000532413	0.000798619	1.17763e-06	13.8614	4.62047	0.106572	2.7478e-06	4.05188e-09	0.133216	0.000887355	9.24139	0.0213178	0.191833	0.000595438	0.266431	2.27867	5.27521e-07	0.000185257	3.41806	0.0713447	0.00162091	0.602	0.00108061	3.95629e-06	7.12018	61.0644
0.1	18.1675	0.500072	1.00014	0.00825886	0.0123883	7.30702e-05	12.8859	4.29529	0.403075	0.000170497	1.00565e-06	0.503843	0.0137648	8.59746	0.0808195	0.725671	0.009074	1.00769	2.03303	3.22949e-05	0.00282521	3.05025	0.263218	0.0246995	0.515188	0.0164663	0.000242107	6.34292	60.46
0.15	17.2537	1.06856	2.13713	0.0397073	0.059561	0.000790448	11.387	3.79568	0.825519	0.00184438	2.44773e-05	1.0319	0.066179	7.62445	0.167317	1.48741	0.0423483	2.0638	1.67959	0.000341926	0.0132283	2.52269	0.517168	0.115234	0.39711	0.0768226	0.00255875	5.20069	59.5784
0.2	16.051	1.76725	3.5345	0.116747	0.175121	0.00413167	9.53329	3.17777	1.28456	0.00964058	0.000227454	1.60569	0.194579	6.45282	0.26848	2.31991	0.1194	3.21139	1.28618	0.00173781	0.0376421	1.93868	0.759322	0.324591	0.277493	0.216394	0.0129397	3.88406	58.5655
0.25	14.627	2.51636	5.03272	0.259741	0.389612	0.0143629	7.52041	2.5068	1.6864	0.0335134	0.00123546	2.108	0.432902	5.23006	0.377497	3.06234	0.25159	4.21601	0.920816	0.00584956	0.0809632	1.40146	0.925815	0.682483	0.182031	0.454989	0.0430745	2.59318	57.5573
0.3	13.057	3.23463	6.46926	0.480789	0.721183	0.038284	5.54183	1.84728	1.95376	0.0893294	0.00474206	2.4422	0.801315	4.09522	0.497947	3.58823	0.435519	4.88439	0.63518	0.0150875	0.145822	0.989225	0.983057	1.17636	0.124707	0.784239	0.10875	1.49479	56.6401
0.35	11.4174	3.84983	7.69965	0.77887	1.1683	0.0844153	3.76192	1.25397	2.04138	0.196969	0.014232	2.55172	1.29812	3.15701	0.644639	3.83206	0.651445	5.10345	0.454131	0.0323271	0.233666	0.739613	0.935666	1.7457	0.105333	1.1638	0.224457	0.691781	55.8319
0.4	9.77971	4.30708	8.61415	1.13813	1.70719	0.161113	2.29682	0.765609	1.94297	0.37593	0.0354779	2.42871	1.89688	2.47966	0.83971	3.79809	0.868006	4.85742	0.373687	0.0605892	0.347309	0.647358	0.820278	2.29392	0.112619	1.52928	0.395825	0.211972	55.0855
0.45	8.20574	4.57383	9.14765	1.52965	2.29448	0.274055	1.20563	0.401878	1.68841	0.639462	0.0763783	2.11051	2.54942	2.07847	1.10504	3.5507	1.05145	4.22102	0.367097	0.103042	0.493451	0.674008	0.689026	2.71376	0.130765	1.80917	0.613163	0.0164444	54.3137
0.5	6.74441	4.6411	9.2822	1.91623	2.87435	0.423846	0.491955	0.163985	1.33317	0.988976	0.145833	1.66647	3.19372	1.92483	1.45341	3.19089	1.17588	3.33293	0.396154	0.163444	0.683423	0.765087	0.590036	2.91746	0.146378	1.94497	0.8495	0.0223751	53.423
0.55	5.43006	4.52134	9.04267	2.25881	3.38822	0.60454	0.114057	0.0380191	0.943491	1.4106	0.251685	1.17936	3.76469	1.95838	1.88141	2.82676	1.23091	2.35873	0.423712	0.246772	0.931063	0.868334	0.552454	2.86141	0.152915	1.90761	1.06492	0.131844	52.3447
0.6	4.28252	4.24364	8.48729	2.52307	3.7846	0.803621	0.000264741	8.82471e-05	0.581334	1.87512	0.398164	0.726667	4.20512	2.10273	2.36641	2.5465	1.22391	1.45333	0.423553	0.359462	1.24788	0.9473	0.5807	2.55754	0.151361	1.70503	1.2164	0.25796	51.0516
0.65	3.30848	3.84762	7.69524	2.68477	4.02715	1.00358	0.0658918	0.0219639	0.29287	2.3417	0.583563	0.366087	4.47461	2.28124	2.86861	2.40052	1.17673	0.732174	0.38526	0.508671	1.63696	0.987131	0.658391	2.06862	0.147691	1.37908	1.27006	0.342014	49.5567
0.7	2.50376	3.37696	6.75391	2.73281	4.09921	1.18475	0.228398	0.0761326	0.102391	2.76441	0.798967	0.127989	4.55468	2.42961	3.33777	2.39583	1.1181	0.255977	0.313631	0.700323	2.08782	0.992402	0.758625	1.49016	0.14889	0.993439	1.21138	0.359198	47.8975
0.75	1.85605	2.87375	5.74751	2.66968	4.00453	1.32863	0.418515	0.139505	0.012076	3.10013	1.02857	0.015095	4.44948	2.50375	3.72257	2.50184	1.07464	0.03019	0.223921	0.93627	2.57432	0.979461	0.855555	0.925427	0.15952	0.616951	1.04998	0.314157	46.1121
0.8	1.34779	2.37432	4.74864	2.50961	3.76442	1.42104	0.586382	0.195461	0.00642453	3.31577	1.25168	0.00803066	4.18269	2.48227	3.98021	2.66418	1.06355	0.0160613	0.135184	1.21146	3.05677	0.966967	0.932713	0.46138	0.180167	0.307587	0.817211	0.230208	44.2182
0.85	0.958714	1.90662	3.81324	2.27504	3.41256	1.45428	0.702911	0.234304	0.0593267	3.39332	1.44608	0.0741583	3.79174	2.36448	4.08385	2.82144	1.08874	0.148317	0.0640452	1.51229	3.48796	0.968058	0.985741	0.151973	0.2079	0.101315	0.557723	0.136819	42.2029
0.9	0.668021	1.4894	2.9788	1.99244	2.98866	1.42787	0.75746	0.252487	0.141581	3.33171	1.59178	0.176976	3.32073	2.16534	4.02637	2.92021	1.14142	0.353952	0.0205722	1.81687	3.82164	0.986268	1.01982	0.0120663	0.238081	0.00804417	0.317823	0.0592603	40.0257
0.95	0.455959	1.13269	2.26537	1.68828	2.53242	1.34807	0.75329	0.251097	0.227104	3.14549	1.67443	0.283879	2.8138	1.90909	3.82001	2.92518	1.20396	0.567759	0.00690398	2.09773	4.02109	1.01563	1.04412	0.0216104	0.266343	0.0144069	0.134503	0.0125706	37.6328
1	0.304856	0.839135	1.67827	1.38586	2.07879	1.22614	0.702266	0.234089	0.296842	2.86099	1.68751	0.371053	2.30977	1.62306	3.49256	2.82311	1.2557	0.742105	0.0183309	2.32624	4.06569	1.04392	1.06604	0.137005	0.289889	0.0913367	0.0281524	0.000198527	34.9789
1.05	0.199664	0.605919	1.21184	1.10327	1.6549	1.07617	0.619954	0.206652	0.340193	2.51106	1.63292	0.425242	1.83878	1.33269	3.08131	2.62119	1.27851	0.850483	0.0458981	2.47778	3.9539	1.05732	1.08757	0.305273	0.307738	0.203515	0.000485815	0.0162344	32.0465
1.1	0.128097	0.426638	0.853277	0.852575	1.27886	0.912721	0.521835	0.173945	0.354364	2.12969	1.51996	0.442955	1.42096	1.05837	2.62649	2.3416	1.26089	0.88591	0.0794309	2.53617	3.7024	1.04475	1.10475	0.476951	0.320129	0.317967	0.0374081	0.0494917	28.8586
1.15	0.0805027	0.293051	0.586101	0.640068	0.960102	0.748931	0.420886	0.140295	0.342435	1.74751	1.36315	0.428043	1.06678	0.813981	2.1655	2.01439	1.19959	0.856087	0.110072	2.49647	3.34185	1.00057	1.10964	0.614964	0.327612	0.409976	0.115129	0.0877398	25.4814
1.2	0.0495584	0.196434	0.392868	0.467161	0.700742	0.595181	0.326469	0.108823	0.310932	1.38876	1.17956	0.388665	0.778602	0.606948	1.7287	1.67068	1.09912	0.77733	0.13182	2.36534	2.91076	0.92542	1.09366	0.698475	0.330337	0.46565	0.207277	0.120906	22.0162
1.25	0.0298854	0.128533	0.257067	0.331683	0.497524	0.458525	0.244218	0.081406	0.267569	1.06989	0.986032	0.334461	0.552805	0.439215	1.33739	1.33754	0.969627	0.668922	0.141978	2.1592	2.44902	0.825222	1.05077	0.722257	0.327832	0.481505	0.290981	0.142741	18.5838
1.3	0.0176536	0.0821217	0.164243	0.229209	0.343814	0.34272	0.176569	0.0588565	0.21954	0.79968	0.797138	0.274424	0.382016	0.308721	1.00352	1.03492	0.823974	0.548849	0.14074	1.90083	1.99233	0.709193	0.979439	0.693051	0.319255	0.462034	0.35067	0.15104	15.3065
1.35	0.0102151	0.0512447	0.102489	0.154242	0.231364	0.248709	0.123597	0.0411992	0.172514	0.580322	0.623831	0.215643	0.257071	0.210934	0.730889	0.774783	0.675055	0.431286	0.130276	1.6153	1.56858	0.587559	0.883021	0.624645	0.303911	0.41643	0.379259	0.146843	12.2912
1.4	0.00579014	0.0312379	0.0624758	0.101117	0.151676	0.175348	0.0838824	0.0279608	0.130267	0.409146	0.473004	0.162834	0.168529	0.140186	0.517029	0.561798	0.533719	0.325668	0.113709	1.32622	1.19614	0.469599	0.768722	0.533172	0.281737	0.355448	0.377181	0.133185	9.61679
1.45	0.0032149	0.0186055	0.0372109	0.0646047	0.096907	0.120177	0.0552589	0.0184196	0.0947718	0.280412	0.347747	0.118465	0.107675	0.0906765	0.355449	0.394919	0.407644	0.236929	0.0942306	1.05293	0.884138	0.36238	0.645769	0.433522	0.253559	0.289014	0.350111	0.113836	7.32858
1.5	0.00174856	0.0108293	0.0216586	0.0402411	0.0603617	0.0801074	0.0353689	0.0117896	0.0665676	0.186917	0.248064	0.0832094	0.0670686	0.0571136	0.237615	0.269356	0.301075	0.166419	0.074516	0.809003	0.633894	0.270248	0.523454	0.337248	0.221038	0.224832	0.306318	0.0923424	5.4384
1.55	0.000931597	0.00616068	0.0123214	0.0244444	0.0366666	0.0519592	0.0220132	0.00733773	0.0452188	0.121238	0.171804	0.0565235	0.0407407	0.0350458	0.15453	0.178385	0.21523	0.113047	0.0564459	0.601986	0.441111	0.194947	0.409567	0.251841	0.18637	0.167894	0.254352	0.0714598	3.92957
1.6	0.000486194	0.00342599	0.00685199	0.0144849	0.0217273	0.0328076	0.0133317	0.00444391	0.0297477	0.0765511	0.11559	0.0371846	0.0241414	0.0209585	0.0978109	0.114787	0.149053	0.0743691	0.0410807	0.434118	0.298102	0.136147	0.309505	0.180997	0.151866	0.120665	0.201454	0.0529617	2.76465
1.65	0.000248557	0.00186265	0.0037253	0.00837503	0.0125625	0.0201732	0.00786123	0.00262041	0.0189744	0.0470708	0.0755874	0.0237179	0.0139584	0.01222	0.0602798	0.0718105	0.100077	0.0474359	0.0287938	0.30359	0.195748	0.0921276	0.226049	0.125456	0.119563	0.0836376	0.152771	0.037707	1.894
1.7	0.000124473	0.000990173	0.00198035	0.00472603	0.00708905	0.0120841	0.00451564	0.00150521	0.0117459	0.0281963	0.048064	0.0146824	0.00787672	0.00694879	0.0361847	0.0436997	0.0651923	0.0293649	0.019474	0.206006	0.124955	0.0604497	0.159681	0.0840103	0.0909521	0.0560068	0.111254	0.025852	1.26361
1.75	6.10606e-05	0.000514724	0.00102945	0.00260338	0.00390507	0.00705398	0.00252794	0.000842646	0.00706284	0.0164593	0.0297316	0.00882854	0.00433897	0.00385478	0.0211637	0.0258805	0.0412299	0.0176571	0.0127292	0.135712	0.0775757	0.0384877	0.109178	0.0544256	0.0668708	0.0362838	0.0779865	0.0171014	0.821097
1.8	2.93414e-05	0.000261675	0.00052335	0.00140022	0.00210032	0.00401384	0.00137976	0.000459921	0.00412813	0.00936563	0.0178983	0.00516016	0.00233369	0.00208669	0.0120644	0.0149231	0.0253303	0.0103203	0.00805219	0.0868408	0.0468591	0.023793	0.0723037	0.0341525	0.0475403	0.0227683	0.0527211	0.0109329	0.519743
1.85	1.38113e-05	0.000130111	0.000260222	0.000735437	0.00110315	0.00222694	0.000734488	0.000244829	0.00234683	0.0051962	0.0104896	0.00293354	0.00122573	0.00110252	0.00670481	0.00838126	0.0151258	0.00586708	0.00493497	0.0539997	0.0275498	0.0142899	0.0464115	0.0207792	0.0326979	0.0138528	0.0344267	0.00676377	0.320529
1.9	6.36827e-06	6.32799e-05	0.00012656	0.000377277	0.000565916	0.001205	0.000381453	0.000127151	0.00129839	0.00281167	0.00598691	0.00162298	0.000628796	0.0005687	0.00363369	0.00458644	0.00878323	0.00324597	0.00293314	0.0326443	0.0157707	0.00834238	0.028894	0.0122687	0.0217698	0.00817913	0.0217435	0.00405409	0.19262
1.95	2.87636e-06	3.01058e-05	6.02116e-05	0.000189063	0.000283595	0.000636057	0.000193327	6.44425e-05	0.000699406	0.00148413	0.00332869	0.000874257	0.000315105	0.000286438	0.00192084	0.00244624	0.00496189	0.00174851	0.00169208	0.019193	0.00879283	0.00473632	0.0174569	0.00703492	0.0140385	0.00468995	0.0132976	0.00235652	0.112814
2	1.27262e-06	1.40119e-05	2.80238e-05	9.25646e-05	0.000138847	0.000327586	9.56423e-05	3.18808e-05	0.000366981	0.000764367	0.0018034	0.000458725	0.000154274	0.000140899	0.000990637	0.00127206	0.00272818	0.000917451	0.000948118	0.0109789	0.00477617	0.00261622	0.010241	0.00392009	0.00877343	0.00261339	0.00788219	0.0013295	0.0644058
2.05	5.51558e-07	6.38022e-06	1.27604e-05	4.42824e-05	6.64236e-05	0.000164649	4.61963e-05	1.53988e-05	0.000187634	0.000384181	0.000952301	0.000234542	7.3804e-05	6.76996e-05	0.000498544	0.000645086	0.00146047	0.000469084	0.000516341	0.00611223	0.00252827	0.00140658	0.00583659	0.00212403	0.00531669	0.00141602	0.00453223	0.000728553	0.0358475
2.1	2.34162e-07	2.84244e-06	5.68489e-06	2.07023e-05	3.10534e-05	8.07749e-05	2.17898e-05	7.26327e-06	9.3515e-05	0.000188475	0.000490256	0.000116894	3.45038e-05	3.17784e-05	0.000244873	0.000319107	0.000761476	0.000233787	0.000273455	0.00331286	0.00130457	0.000736326	0.0032331	0.00111963	0.00312585	0.000746421	0.00252979	0.000388035	0.0194551
2.15	9.73814e-08	1.23905e-06	2.4781e-06	9.45919e-06	1.41888e-05	3.86858e-05	1.00385e-05	3.34615e-06	4.54451e-05	9.02669e-05	0.000246114	5.68064e-05	1.57653e-05	1.4575e-05	0.000117409	0.000154015	0.000386811	0.000113613	0.000140906	0.00174863	0.000656321	0.000375439	0.00174147	0.000574431	0.0017839	0.000382954	0.00137166	0.000200984	0.010297
2.2	3.96707e-08	5.28509e-07	1.05702e-06	4.22459e-06	6.33689e-06	1.80905e-05	4.51773e-06	1.50591e-06	2.15402e-05	4.22112e-05	0.000120505	2.69253e-05	7.04099e-06	6.53232e-06	5.49615e-05	7.25414e-05	0.00019149	5.38505e-05	7.06738e-05	0.000899083	0.000322006	0.000186512	0.000912474	0.000286964	0.00098868	0.000191309	0.00072284	0.000101287	0.00531573
2.25	1.58306e-08	2.20597e-07	4.41194e-07	1.84439e-06	2.76658e-06	8.2611e-06	1.98646e-06	6.62155e-07	9.96046e-06	1.92759e-05	5.75586e-05	1.24506e-05	3.07398e-06	2.8613e-06	2.51232e-05	3.33495e-05	9.24087e-05	2.49011e-05	3.45182e-05	0.000450424	0.000154099	9.0302e-05	0.000465261	0.000139638	0.000532374	9.30917e-05	0.000370419	4.96869e-05	0.00267698
2.3	6.18815e-09	9.01059e-08	1.80212e-07	7.8722e-07	1.18083e-06	3.68445e-06	8.53508e-07	2.84503e-07	4.49442e-06	8.59705e-06	2.68247e-05	5.61802e-06	1.31203e-06	1.22502e-06	1.12153e-05	1.49676e-05	4.34817e-05	1.1236e-05	1.64231e-05	0.000219921	7.19458e-05	4.2621e-05	0.000230938	6.62076e-05	0.000278636	4.41384e-05	0.00018467	2.37355e-05	0.00131527
2.35	2.3695e-09	3.60189e-08	7.20377e-08	3.28514e-07	4.9277e-07	1.60513e-06	3.58391e-07	1.19464e-07	1.97936e-06	3.7453e-06	1.21998e-05	2.4742e-06	5.47523e-07	5.12689e-07	4.89023e-06	6.55908e-06	1.99538e-05	4.94839e-06	7.61411e-06	0.000104672	3.27762e-05	1.96152e-05	0.000111623	3.05967e-05	0.000141803	2.03978e-05	8.9605e-05	1.10454e-05	0.000630573
2.4	8.88768e-10	1.40912e-08	2.81824e-08	1.34047e-07	2.01071e-07	6.83126e-07	1.47089e-07	4.90297e-08	8.50972e-07	1.59396e-06	5.4154e-06	1.06371e-06	2.23412e-07	2.09765e-07	2.08295e-06	2.80692e-06	8.93222e-06	2.12743e-06	3.4409e-06	4.8574e-05	1.45724e-05	8.80446e-06	5.25531e-05	1.37855e-05	7.0197e-05	9.19036e-06	4.2331e-05	5.00883e-06	0.000295022
2.45	3.26553e-10	5.3954e-09	1.07908e-08	5.34864e-08	8.02295e-08	2.8405e-07	5.90098e-08	1.96699e-08	3.57209e-07	6.62785e-07	2.34658e-06	4.46511e-07	8.9144e-08	8.39119e-08	8.66783e-07	1.1732e-06	3.90117e-06	8.93021e-07	1.51611e-06	2.19823e-05	6.32402e-06	3.85517e-06	2.41074e-05	6.05707e-06	3.38133e-05	4.03804e-06	1.94771e-05	2.21406e-06	0.000134718
2.5	1.17531e-10	2.02195e-09	4.04391e-09	2.08708e-08	3.13062e-08	1.15409e-07	2.31437e-08	7.71457e-09	1.46425e-07	2.69287e-07	9.92719e-07	1.83031e-07	3.47847e-08	3.28215e-08	3.5243e-07	4.78995e-07	1.66269e-06	3.66063e-07	6.5148e-07	9.70325e-06	2.6792e-06	1.64702e-06	1.07776e-05	2.59592e-06	1.58536e-05	1.73061e-06	8.73093e-06	9.5424e-07	6.00477e-05
2.55	4.1437e-11	7.41661e-10	1.48332e-09	7.96478e-09	1.19472e-08	4.5822e-08	8.87456e-09	2.95819e-09	5.86222e-08	1.06918e-07	4.10074e-07	7.32777e-08	1.32746e-08	1.25537e-08	1.40026e-07	1.91054e-07	6.91641e-07	1.46555e-07	2.73076e-07	4.1784e-06	1.10823e-06	6.86671e-07	4.69689e-06	1.08543e-06	7.23722e-06	7.23623e-07	3.8141e-06	4.01099e-07	2.61286e-05
2.6	1.43106e-11	2.66281e-10	5.32562e-10	2.97286e-09	4.45929e-09	1.77804e-08	3.32739e-09	1.10913e-09	2.29256e-08	4.14876e-08	1.65423e-07	2.86569e-08	4.95477e-09	4.69565e-09	5.43703e-08	7.44561e-08	2.80849e-07	5.73139e-08	1.11678e-07	1.75559e-06	4.47629e-07	2.79425e-07	1.9958e-06	4.42877e-07	3.21763e-06	2.95252e-07	1.62416e-06	1.64463e-07	1.11001e-05
2.65	4.84128e-12	9.35812e-11	1.87162e-10	1.08535e-09	1.62802e-09	6.74341e-09	1.21994e-09	4.06647e-10	8.75884e-09	1.57346e-08	6.51747e-08	1.09485e-08	1.80891e-09	1.71775e-09	2.06333e-08	2.83536e-08	1.1134e-07	2.18971e-08	4.45698e-08	7.1982e-07	1.76575e-07	1.10999e-07	8.27045e-07	1.76364e-07	1.39359e-06	1.17576e-07	6.74335e-07	6.57958e-08	4.60441e-06
2.7	1.60434e-12	3.2193e-11	6.4386e-11	3.87594e-10	5.81391e-10	2.49991e-09	4.37406e-10	1.45802e-10	3.26959e-09	5.83313e-09	2.50818e-08	4.08699e-09	6.4599e-10	6.14599e-10	7.65367e-09	1.05518e-08	4.30999e-08	8.17397e-09	1.73611e-08	2.88054e-07	6.80315e-08	4.30495e-08	3.34295e-07	6.85574e-08	5.88133e-07	4.57049e-08	2.73041e-07	2.56878e-08	1.86508e-06
2.75	5.20797e-13	1.0841e-11	2.16821e-11	1.35402e-10	2.03103e-10	9.05961e-10	1.53381e-10	5.11271e-11	1.19264e-09	2.11391e-09	9.42937e-09	1.4908e-09	2.2567e-10	2.15089e-10	2.77522e-09	3.83788e-09	1.62932e-08	2.9816e-09	6.60158e-09	1.1252e-07	2.5604e-08	1.63034e-08	1.31826e-07	2.60187e-08	2.4191e-07	1.73458e-08	1.07838e-07	9.78881e-09	7.37794e-07
2.8	1.65606e-13	3.57378e-12	7.14756e-12	4.62734e-11	6.94101e-11	3.20972e-10	5.26053e-11	1.75351e-11	4.25147e-10	7.48936e-10	3.46331e-09	5.31433e-10	7.71224e-11	7.36314e-11	9.83753e-10	1.36441e-09	6.01575e-09	1.06287e-09	2.45088e-09	4.29095e-08	9.41387e-09	6.02979e-09	5.07235e-08	9.642e-09	9.6998e-08	6.428e-09	4.15521e-08	3.6415e-09	2.85053e-07
2.85	5.1584e-14	1.1533e-12	2.3066e-12	1.5471e-11	2.32065e-11	1.11181e-10	1.76475e-11	5.88251e-12	1.48124e-10	2.59422e-10	1.24287e-09	1.85155e-10	2.57851e-11	2.46576e-11	3.40931e-10	4.7416e-10	2.1696e-09	3.70309e-10	8.88508e-10	1.59769e-08	3.38168e-09	2.17818e-09	1.90471e-08	3.48945e-09	3.79219e-08	2.3263e-09	1.56231e-08	1.32265e-09	1.07574e-07
2.9	1.57395e-14	3.64353e-13	7.28707e-13	5.06065e-12	7.59097e-12	3.7655e-11	5.79109e-12	1.93036e-12	5.04437e-11	8.78617e-11	4.35839e-10	6.30546e-11	8.43442e-12	8.07794e-12	1.15523e-10	1.61088e-10	7.64405e-10	1.26109e-10	3.14574e-10	5.80899e-09	1.18697e-09	7.68605e-10	6.98108e-09	1.23342e-09	1.44583e-08	8.22277e-10	5.73273e-09	4.69121e-10	3.9656e-08
2.95	4.70434e-15	1.12689e-13	2.25377e-13	1.61961e-12	2.42942e-12	1.24703e-11	1.85901e-12	6.19671e-13	1.67928e-11	2.90973e-11	1.49358e-10	2.09909e-11	2.69936e-12	2.58902e-12	3.82753e-11	5.35048e-11	2.63126e-10	4.19819e-11	1.08783e-10	2.06264e-09	4.07128e-10	2.64957e-10	2.49776e-09	4.2587e-10	5.37674e-09	2.83913e-10	2.05327e-09	1.62502e-10	1.42813e-08
3	1.37734e-15	3.4121e-14	6.8242e-14	5.07168e-13	7.60751e-13	4.03845e-12	5.83811e-13	1.94604e-13	5.46519e-12	9.42305e-12	5.00224e-11	6.83148e-12	8.4528e-13	8.11848e-13	1.24007e-11	1.73758e-11	8.84999e-11	1.3663e-11	3.67477e-11	7.15328e-10	1.36471e-10	8.92392e-11	8.72515e-10	1.43651e-10	1.95061e-09	9.57671e-11	7.17932e-10	5.4982e-11	5.02477e-09
# 11211.50.7499980.50.1666670.3333331.751.1250.4166661.666671.166672.1666621.1250.8333320.1833332.13752.80.9749991.23750.8749990.4199610.5833320.5624990.208333
