# 2014-04-30.16:47:42
# qmax = 13
# nAlA = 10
# nBlB = 10
# A= 108	 T1= 0	 T2= 0	 A1= 108	 A2= 108
# central = 1	 tensor = 1	 spinisospin = 0
# norm = 1.51783
# k 	 mf 	 corr 	 total 	 cen 	 ten 	 siso 	 ce/te 	 ce/si 	 te/si 
0	8.81172	4.6972	13.5089	4.65408	0.0431385	0	-1.846e-05	0	0
0.1	8.72577	4.6698	13.3956	4.62479	0.0450321	0	-1.78798e-05	0	0
0.2	8.44906	4.59264	13.0417	4.54196	0.0506991	0	-1.61937e-05	0	0
0.3	7.93607	4.47991	12.416	4.4198	0.0601271	0	-1.20428e-05	0	0
0.4	7.18477	4.34346	11.5282	4.27078	0.0726835	0	-1.09779e-05	0	0
0.5	6.26237	4.18543	10.4478	4.09771	0.0877184	0	-7.07567e-06	0	0
0.6	5.27137	3.99793	9.2693	3.89367	0.104262	0	-3.15409e-06	0	0
0.7	4.2907	3.76687	8.05757	3.64426	0.122608	0	7.45961e-07	0	0
0.8	3.36226	3.47603	6.83829	3.33506	0.140963	0	4.37315e-06	0	0
0.9	2.51862	3.11712	5.63574	2.9575	0.159608	0	6.38395e-06	0	0
1	1.80025	2.69614	4.49639	2.51823	0.177904	0	8.8496e-06	0	0
1.1	1.23598	2.23391	3.46989	2.03815	0.195753	0	8.76952e-06	0	0
1.2	0.821648	1.76615	2.5878	1.55396	0.212175	0	1.19742e-05	0	0
1.3	0.527614	1.3345	1.86211	1.10797	0.226512	0	1.20242e-05	0	0
1.4	0.321785	0.972391	1.29418	0.735039	0.237341	0	1.12459e-05	0	0
1.5	0.181815	0.697416	0.879231	0.453205	0.2442	0	1.13602e-05	0	0
1.6	0.0929902	0.508061	0.601051	0.261357	0.246694	0	9.57788e-06	0	0
1.7	0.0423919	0.38951	0.431902	0.144456	0.245047	0	7.47761e-06	0	0
1.8	0.0170761	0.320701	0.337777	0.0814638	0.239232	0	5.23495e-06	0	0
1.9	0.00604625	0.28209	0.288136	0.0522241	0.229863	0	3.01598e-06	0	0
2	0.0018761	0.259084	0.26096	0.041678	0.217406	0	-3.866e-08	0	0
2.1	0.000507971	0.242614	0.243122	0.0400147	0.202601	0	-1.16221e-06	0	0
2.2	0.000119884	0.228002	0.228122	0.0420086	0.185996	0	-2.1694e-06	0	0
2.3	2.5455e-05	0.213435	0.21346	0.0450015	0.168435	0	-1.88573e-06	0	0
2.4	5.10518e-06	0.198425	0.19843	0.0479436	0.150486	0	-4.693e-06	0	0
2.5	8.7082e-07	0.183046	0.183047	0.0503181	0.132733	0	-4.89058e-06	0	0
2.6	1.24392e-07	0.16762	0.16762	0.0519511	0.115674	0	-5.67496e-06	0	0
2.7	1.50435e-08	0.152325	0.152325	0.0527919	0.0995393	0	-6.16227e-06	0	0
2.8	1.59278e-09	0.137754	0.137754	0.0528441	0.0849135	0	-4.13622e-06	0	0
2.9	1.54226e-10	0.123928	0.123928	0.0521476	0.071784	0	-3.62113e-06	0	0
3	1.40084e-11	0.110975	0.110975	0.0507695	0.0602085	0	-3.04453e-06	0	0
3.1	1.17749e-12	0.0989594	0.0989594	0.0487972	0.0501646	0	-2.45897e-06	0	0
3.2	8.83165e-14	0.0879045	0.0879045	0.0463314	0.041575	0	-1.90404e-06	0	0
3.3	5.72306e-15	0.0777949	0.0777949	0.0434803	0.0343159	0	-1.40632e-06	0	0
3.4	7.5524e-16	0.0686045	0.0686045	0.0403632	0.0282423	0	-9.80496e-07	0	0
3.5	3.12765e-11	0.0602774	0.0602774	0.0370654	0.0232126	0	-6.31434e-07	0	0
3.6	3.60467e-17	0.0527469	0.0527469	0.0336918	0.0190555	0	-3.56608e-07	0	0
3.7	2.9267e-15	0.0459273	0.0459273	0.0303255	0.0156019	0	-1.48605e-07	0	0
3.8	4.24099e-15	0.0398545	0.0398545	0.0270449	0.0128096	0	2.62658e-09	0	0
3.9	7.36336e-13	0.0344275	0.0344275	0.0239058	0.0105216	0	1.07949e-07	0	0
4	3.09954e-11	0.0295983	0.0295983	0.0209531	0.00864506	0	1.77718e-07	0	0
4.1	1.59827e-12	0.025324	0.025324	0.0182202	0.00710363	0	2.20973e-07	0	0
4.2	2.16786e-12	0.0215554	0.0215554	0.0157214	0.00583376	0	2.45063e-07	0	0
4.3	1.17208e-10	0.0182541	0.0182541	0.0134682	0.00478564	0	2.55608e-07	0	0
4.4	7.10204e-07	0.0153796	0.0153803	0.0114603	0.00391906	0	2.56684e-07	0	0
4.5	9.54193e-06	0.0128931	0.0129026	0.00969136	0.00320146	0	2.51124e-07	0	0
4.6	3.16815e-14	0.0107551	0.0107551	0.00814625	0.00260857	0	2.40868e-07	0	0
4.7	5.06259e-14	0.0089289	0.0089289	0.00681049	0.00211818	0	2.27231e-07	0	0
4.8	2.40266e-12	0.00737302	0.00737302	0.00565894	0.00171387	0	2.11184e-07	0	0
4.9	2.01789e-14	0.00605807	0.00605807	0.00467627	0.00138161	0	1.93494e-07	0	0
# mf integral is 1.89055
# cor integral is 5.01137
# tot integral is 6.90192
