# 2014-04-30.14:24:38
# qmax = 13
# nAlA = 00
# nBlB = 00
# A= 27	 T1= 0	 T2= 0	 A1= 27	 A2= 27
# central = 1	 tensor = 1	 spinisospin = 0
# norm = 1.38021
# k 	 mf 	 corr 	 total 	 cen 	 ten 	 siso 	 ce/te 	 ce/si 	 te/si 
0	21.3162	10.6561	31.9723	10.0389	0.615548	0	0.00159677	0	0
0.1	21.0858	10.5187	31.6045	9.9169	0.600234	0	0.00155697	0	0
0.2	20.3896	10.114	30.5036	9.55596	0.556567	0	0.00144093	0	0
0.3	19.2204	9.46462	28.6851	8.97238	0.490984	0	0.00125849	0	0
0.4	17.5893	8.60843	26.1977	8.19452	0.41288	0	0.00102446	0	0
0.5	15.5468	7.59784	23.1447	7.26387	0.333207	0	0.000757654	0	0
0.6	13.1991	6.4968	19.6959	6.23444	0.261879	0	0.000478562	0	0
0.7	10.7053	5.37464	16.08	5.16774	0.206695	0	0.000207491	0	0
0.8	8.25379	4.29783	12.5516	4.12617	0.171702	0	-3.75758e-05	0	0
0.9	6.02226	3.32255	9.34481	3.16579	0.157004	0	-0.000242237	0	0
1	4.14317	2.4876	6.63078	2.32873	0.159267	0	-0.000396715	0	0
1.1	2.67952	1.81165	4.49117	1.6391	0.173046	0	-0.000496663	0	0
1.2	1.62506	1.2939	2.91896	1.10218	0.192269	0	-0.000542719	0	0
1.3	0.922391	0.918419	1.84081	0.707412	0.211546	0	-0.000539799	0	0
1.4	0.489252	0.660151	1.1494	0.433632	0.227016	0	-0.000496849	0	0
1.5	0.242189	0.490871	0.73306	0.254934	0.23636	0	-0.000423912	0	0
1.6	0.111793	0.384218	0.496011	0.145515	0.239036	0	-0.000332605	0	0
1.7	0.04808	0.318219	0.366299	0.0830775	0.235375	0	-0.000233691	0	0
1.8	0.0192557	0.276578	0.295833	0.050352	0.226363	0	-0.000136904	0	0
1.9	0.00717777	0.248291	0.255469	0.0351253	0.213216	0	-4.97012e-05	0	0
2	0.00248943	0.22664	0.229129	0.0294683	0.197149	0	2.28597e-05	0	0
2.1	0.000801758	0.207941	0.208742	0.0285982	0.179265	0	7.80554e-05	0	0
2.2	0.000240971	0.19047	0.190711	0.0298373	0.160517	0	0.000115389	0	0
2.3	6.74723e-05	0.173603	0.17367	0.0317709	0.141696	0	0.000136095	0	0
2.4	1.7571e-05	0.157265	0.157282	0.0336916	0.123431	0	0.000142682	0	0
2.5	4.21817e-06	0.141611	0.141615	0.0352661	0.106207	0	0.000138203	0	0
2.6	9.33125e-07	0.126834	0.126835	0.0363442	0.0903637	0	0.000126047	0	0
2.7	1.91935e-07	0.113088	0.113088	0.0368675	0.076111	0	0.000109295	0	0
2.8	3.69075e-08	0.100467	0.100467	0.0368317	0.0635447	0	9.06346e-05	0	0
2.9	6.64802e-09	0.0890014	0.0890014	0.0362651	0.0526642	0	7.21053e-05	0	0
3	1.11881e-09	0.078664	0.078664	0.0352171	0.0433917	0	5.5116e-05	0	0
3.1	1.73761e-10	0.069393	0.069393	0.0337528	0.0355998	0	4.0451e-05	0	0
3.2	2.43742e-11	0.0610604	0.0610604	0.0319462	0.0290859	0	2.82757e-05	0	0
3.3	3.359e-12	0.0536992	0.0536992	0.0298771	0.0238032	0	1.8925e-05	0	0
3.4	4.20645e-13	0.0470874	0.0470874	0.0276247	0.0194509	0	1.17654e-05	0	0
3.5	4.91647e-14	0.0411824	0.0411824	0.0252648	0.0159111	0	6.49467e-06	0	0
3.6	2.52052e-09	0.0359033	0.0359033	0.0228671	0.0130335	0	2.69331e-06	0	0
3.7	8.88448e-16	0.0311875	0.0311875	0.0204914	0.0106961	0	-2.04428e-08	0	0
3.8	5.35646e-16	0.0269788	0.0269788	0.0181891	0.00879165	0	-1.95815e-06	0	0
3.9	8.96492e-17	0.0232312	0.0232312	0.0160001	0.00723445	0	-3.32253e-06	0	0
4	1.46224e-16	0.019905	0.019905	0.0139541	0.00595521	0	-4.35536e-06	0	0
4.1	8.10401e-17	0.0169661	0.0169661	0.0120712	0.00489994	0	-5.06809e-06	0	0
4.2	1.23753e-16	0.014378	0.014378	0.0103626	0.00402097	0	-5.54423e-06	0	0
4.3	2.8416e-13	0.0121223	0.0121223	0.00883209	0.00329603	0	-5.81447e-06	0	0
4.4	1.35145e-14	0.010165	0.010165	0.00747732	0.00269354	0	-5.89887e-06	0	0
4.5	1.95242e-15	0.00847838	0.00847838	0.00629114	0.00219305	0	-5.81601e-06	0	0
4.6	1.71431e-16	0.00703525	0.00703525	0.00526299	0.00177782	0	-5.5618e-06	0	0
4.7	2.55534e-13	0.00581175	0.00581175	0.00437998	0.00143698	0	-5.21901e-06	0	0
4.8	2.69832e-13	0.00477811	0.00477811	0.00362797	0.00115495	0	-4.80678e-06	0	0
4.9	2.29291e-14	0.00391248	0.00391248	0.00299236	0.000924424	0	-4.30004e-06	0	0
# mf integral is 4.29318
# cor integral is 4.51146
# tot integral is 8.80463
