# 2014-04-30.13:52:47
# qmax = 12
# nAlA = 00
# nBlB = 00
# A= 12	 T1= 0	 T2= 0	 A1= 12	 A2= 12
# central = 1	 tensor = 1	 spinisospin = 0
# norm = 1.28634
# k 	 mf 	 corr 	 total 	 cen 	 ten 	 siso 	 ce/te 	 ce/si 	 te/si 
0	21.544	5.07355	26.6175	4.67824	0.394294	0	0.00101924	0	0
0.1	21.1817	4.9894	26.1711	4.60765	0.380761	0	0.00099384	0	0
0.2	20.1256	4.74537	24.871	4.40168	0.34277	0	0.00091986	0	0
0.3	18.4643	4.36529	22.8296	4.07707	0.287413	0	0.000803522	0	0
0.4	16.3356	3.88459	20.2202	3.65952	0.224413	0	0.000654622	0	0
0.5	13.9125	3.34479	17.2573	3.18061	0.163695	0	0.000485131	0	0
0.6	11.3824	2.78776	14.1701	2.67426	0.113192	0	0.000308434	0	0
0.7	8.92557	2.2505	11.1761	2.17284	0.0775242	0	0.000137918	0	0
0.8	6.69286	1.76175	8.4546	1.70406	0.0577015	0	-1.5639e-05	0	0
0.9	4.78792	1.33981	6.12773	1.28819	0.0517617	0	-0.000142944	0	0
1	3.26082	0.993168	4.25399	0.937429	0.0559767	0	-0.000238123	0	0
1.1	2.11028	0.721596	2.83188	0.655828	0.0660662	0	-0.000298695	0	0
1.2	1.29561	0.518456	1.81407	0.440591	0.0781899	0	-0.000325434	0	0
1.3	0.753586	0.373206	1.12679	0.284041	0.0894874	0	-0.000321901	0	0
1.4	0.414778	0.273752	0.688531	0.175831	0.0982153	0	-0.000293727	0	0
1.5	0.21584	0.208276	0.424116	0.104923	0.103601	0	-0.000247787	0	0
1.6	0.106112	0.166522	0.272634	0.0611437	0.10557	0	-0.000191585	0	0
1.7	0.0492579	0.140023	0.189281	0.035689	0.104465	0	-0.000131145	0	0
1.8	0.0215812	0.122918	0.144499	0.0221659	0.100825	0	-7.31262e-05	0	0
1.9	0.00892123	0.111015	0.119937	0.0157983	0.0952389	0	-2.16966e-05	0	0
2	0.00347869	0.10175	0.105229	0.0134547	0.0882751	0	2.02419e-05	0	0
2.1	0.00127942	0.0936819	0.0949614	0.0131917	0.0804389	0	5.13293e-05	0	0
2.2	0.000443734	0.0861082	0.086552	0.01387	0.0721667	0	7.15312e-05	0	0
2.3	0.000145159	0.0787665	0.0789117	0.0148612	0.0638234	0	8.18433e-05	0	0
2.4	4.47891e-05	0.0716206	0.0716654	0.0158359	0.0557008	0	8.39443e-05	0	0
2.5	1.30243e-05	0.0647376	0.0647506	0.0166342	0.0480236	0	7.98512e-05	0	0
2.6	3.55877e-06	0.058203	0.0582066	0.0171817	0.0409497	0	7.16202e-05	0	0
2.7	9.14815e-07	0.0520916	0.0520925	0.017454	0.0345765	0	6.11257e-05	0	0
2.8	2.21631e-07	0.0464483	0.0464486	0.0174503	0.0289481	0	4.99034e-05	0	0
2.9	5.06996e-08	0.0412905	0.0412905	0.0171867	0.0240647	0	3.90816e-05	0	0
3	1.09605e-08	0.0366123	0.0366123	0.0166891	0.0198938	0	2.9398e-05	0	0
3.1	2.23804e-09	0.0323904	0.0323904	0.0159906	0.0163786	0	2.12214e-05	0	0
3.2	4.30973e-10	0.0285917	0.0285917	0.0151281	0.0134489	0	1.46504e-05	0	0
3.3	7.59401e-11	0.0251788	0.0251788	0.0141407	0.0110286	0	9.58982e-06	0	0
3.4	1.33529e-11	0.0221144	0.0221144	0.0130668	0.00904176	0	5.81529e-06	0	0
3.5	2.15193e-12	0.0193635	0.0193635	0.0119432	0.00741728	0	3.07647e-06	0	0
3.6	3.28176e-13	0.0168953	0.0168953	0.0108029	0.00609127	0	1.11625e-06	0	0
3.7	4.75017e-14	0.0146831	0.0146831	0.0096749	0.00500845	0	-2.82234e-07	0	0
3.8	6.80748e-15	0.0127043	0.0127043	0.00858312	0.00412242	0	-1.28827e-06	0	0
3.9	1.15427e-15	0.0109395	0.0109395	0.0075464	0.00339512	0	-2.02138e-06	0	0
4	3.43283e-16	0.00937189	0.00937189	0.00657864	0.00279581	0	-2.55773e-06	0	0
4.1	1.19337e-15	0.00798639	0.00798639	0.005689	0.00230033	0	-2.94119e-06	0	0
4.2	9.91762e-17	0.0067688	0.0067688	0.00488254	0.00188945	0	-3.19504e-06	0	0
4.3	2.11041e-16	0.00570558	0.00570558	0.00416077	0.00154813	0	-3.33202e-06	0	0
4.4	5.80795e-17	0.00478347	0.00478347	0.00352235	0.00126448	0	-3.36171e-06	0	0
4.5	1.45816e-16	0.00398942	0.00398942	0.00296371	0.00102901	0	-3.29497e-06	0	0
4.6	3.9534e-17	0.00331058	0.00331058	0.00247969	0.000834033	0	-3.14575e-06	0	0
4.7	7.76235e-15	0.00273436	0.00273436	0.0020641	0.000673186	0	-2.93108e-06	0	0
4.8	1.01078e-16	0.00224866	0.00224866	0.0017102	0.000541129	0	-2.66978e-06	0	0
4.9	3.75101e-17	0.00184199	0.00184199	0.00141106	0.000433312	0	-2.38088e-06	0	0
# mf integral is 3.61944
# cor integral is 1.96229
# tot integral is 5.58173
