# rel_mom (k_1-k_2)/2	central		tensor
0	0	0
0.0141421	7.47897e-13	1.45497e-05
0.0282843	1.19648e-11	5.81578e-05
0.0424264	6.05587e-11	0.000130702
0.0565685	1.91337e-10	0.00023404
0.0707107	4.66951e-10	0.000365412
0.0848528	9.6781e-10	0.000524842
0.0989949	1.79198e-09	0.000712028
0.113137	3.05506e-09	0.000926738
0.127279	4.89002e-09	0.00116825
0.141421	7.44705e-09	0.00143589
0.155563	1.08933e-08	0.00172891
0.169706	1.54129e-08	0.00204637
0.183848	2.12062e-08	0.00238763
0.19799	2.84902e-08	0.00275164
0.212132	3.74976e-08	0.0031374
0.226274	4.84771e-08	0.00354385
0.240416	6.16925e-08	0.00396988
0.254558	7.7423e-08	0.00441433
0.268701	9.59621e-08	0.004876
0.282843	1.17618e-07	0.00535363
0.296985	1.42712e-07	0.00584595
0.311127	1.7158e-07	0.00635163
0.325269	2.0457e-07	0.00686933
0.339411	2.42043e-07	0.00739758
0.353553	2.84372e-07	0.00793516
0.367696	3.31942e-07	0.0084806
0.381838	3.85148e-07	0.00903247
0.39598	4.44397e-07	0.00958935
0.410122	5.10105e-07	0.0101498
0.424264	5.82697e-07	0.0107124
0.438406	6.6261e-07	0.0112758
0.452548	7.50285e-07	0.0118385
0.46669	8.46173e-07	0.0123991
0.480833	9.50734e-07	0.0129563
0.494975	1.06443e-06	0.0135087
0.509117	1.18773e-06	0.014055
0.523259	1.32112e-06	0.0145939
0.537401	1.46507e-06	0.0151242
0.551543	1.62006e-06	0.0156445
0.565685	1.78659e-06	0.0161539
0.579828	1.96514e-06	0.016651
0.59397	2.15622e-06	0.0171349
0.608112	2.3603e-06	0.0176044
0.622254	2.57789e-06	0.0180587
0.636396	2.80947e-06	0.0184968
0.650538	3.05556e-06	0.0189177
0.66468	3.31662e-06	0.0193207
0.678823	3.59316e-06	0.0197051
0.692965	3.88567e-06	0.0200711
0.707107	4.19462e-06	0.0204163
0.721249	4.52049e-06	0.0207409
0.735391	4.86377e-06	0.0210445
0.749533	5.22492e-06	0.0213266
0.763675	5.6044e-06	0.0215869
0.777817	6.00266e-06	0.0218251
0.79196	6.42017e-06	0.0220408
0.806102	6.85735e-06	0.022234
0.820244	7.31464e-06	0.0224045
0.834386	7.79246e-06	0.0225527
0.848528	8.29123e-06	0.0226778
0.86267	8.81133e-06	0.0227803
0.876812	9.35317e-06	0.0228603
0.890955	9.91712e-06	0.022918
0.905097	1.05035e-05	0.0229536
0.919239	1.11128e-05	0.0229673
0.933381	1.17452e-05	0.0229598
0.947523	1.24011e-05	0.0229312
0.961665	1.30808e-05	0.0228821
0.975807	1.37845e-05	0.0228129
0.989949	1.45127e-05	0.0227242
1.00409	1.52654e-05	0.0226165
1.01823	1.6043e-05	0.0224905
1.03238	1.68457e-05	0.0223468
1.04652	1.76737e-05	0.0221861
1.06066	1.85272e-05	0.0220091
1.0748	1.94064e-05	0.0218165
1.08894	2.03113e-05	0.0216091
1.10309	2.12422e-05	0.0213877
1.11723	2.21856e-05	0.021153
1.13137	2.31681e-05	0.0209059
1.14551	2.41769e-05	0.0206473
1.15966	2.52119e-05	0.0203778
1.1738	2.62732e-05	0.0200984
1.18794	2.73608e-05	0.0198098
1.20208	2.84746e-05	0.0195131
1.21622	2.96147e-05	0.0192088
1.23037	3.0781e-05	0.018898
1.24451	3.19733e-05	0.0185814
1.25865	3.31916e-05	0.0182596
1.27279	3.44358e-05	0.0179338
1.28693	3.57057e-05	0.0176047
1.30108	3.70011e-05	0.0169095
1.31522	3.83219e-05	0.0169393
1.32936	3.96677e-05	0.0166046
1.3435	4.10385e-05	0.0162694
1.35765	4.24338e-05	0.0159346
1.37179	4.38535e-05	0.0156007
1.38593	4.52972e-05	0.0152491
1.40007	4.67645e-05	0.0149197
1.41421	4.82552e-05	0.0146109
1.42836	4.97688e-05	0.0142869
1.4425	5.1305e-05	0.0139668
1.45664	5.28632e-05	0.0136511
1.47078	5.44431e-05	0.0133402
1.48492	5.60442e-05	0.0130345
1.49907	5.7666e-05	0.0127346
1.51321	5.9308e-05	0.0124406
1.52735	6.09697e-05	0.0121531
1.54149	6.26504e-05	0.0118722
1.55563	6.43497e-05	0.0115983
1.56978	6.60669e-05	0.0113318
1.58392	6.78014e-05	0.0110725
1.59806	6.95526e-05	0.0108206
1.6122	7.13198e-05	0.0105765
1.62635	7.31024e-05	0.0103403
1.64049	7.48996e-05	0.0101121
1.65463	7.67108e-05	0.00989289
1.66877	7.85351e-05	0.00968101
1.68291	8.0372e-05	0.00947725
1.69706	8.22206e-05	0.00928159
1.7112	8.40801e-05	0.00909399
1.72534	8.59498e-05	0.00891476
1.73948	8.78288e-05	0.00874314
1.75362	8.97163e-05	0.00857936
1.76777	9.16115e-05	0.00842328
1.78191	9.35136e-05	0.00827478
1.79605	9.54217e-05	0.00813365
1.81019	9.73348e-05	0.00799981
1.82434	9.92522e-05	0.00787306
1.83848	0.000101173	0.00775313
1.85262	0.000103096	0.00763984
1.86676	0.000105021	0.00753297
1.8809	0.000106946	0.00743228
1.89505	0.000108871	0.00733753
1.90919	0.000110795	0.00724847
1.92333	0.000112716	0.00716483
1.93747	0.000114635	0.00708637
1.95161	0.000116549	0.0070128
1.96576	0.000118458	0.00694386
1.9799	0.000120361	0.00687927
1.99404	0.000122257	0.00681876
2.00818	0.000124146	0.00676289
2.02233	0.000126025	0.00670969
2.03647	0.000127895	0.00665975
2.05061	0.000129753	0.00661204
2.06475	0.0001316	0.00656783
2.07889	0.000133434	0.00652608
2.09304	0.000135254	0.00648657
2.10718	0.00013706	0.00644895
2.12132	0.00013885	0.00641299
2.13546	0.000140623	0.00637853
2.1496	0.000142379	0.00634529
2.16375	0.000144117	0.00631304
2.17789	0.000145834	0.00628157
2.19203	0.000147532	0.00625066
2.20617	0.000149208	0.00622011
2.22032	0.000150863	0.00618973
2.23446	0.000152494	0.00615934
2.2486	0.000154101	0.00612876
2.26274	0.000155683	0.00609782
2.27688	0.00015724	0.00606639
2.29103	0.00015877	0.00604802
2.30517	0.000160273	0.00601486
2.31931	0.000161747	0.00596761
2.33345	0.000163193	0.00593273
2.34759	0.000164609	0.00589675
2.36174	0.000165994	0.00585953
2.37588	0.000167348	0.00582099
2.39002	0.000168669	0.00578095
2.40416	0.000169958	0.00573965
2.41831	0.000171213	0.00569671
2.43245	0.000172434	0.0056522
2.44659	0.00017362	0.00560606
2.46073	0.000174771	0.00555828
2.47487	0.000175885	0.00550868
2.48902	0.000176962	0.00545757
2.50316	0.000178002	0.00540476
2.5173	0.000179004	0.00535025
2.53144	0.000179967	0.00529435
2.54558	0.000180891	0.00523659
2.55973	0.000181775	0.00517717
2.57387	0.000182619	0.00511611
2.58801	0.000183423	0.00505269
2.60215	0.000184186	0.00498835
2.6163	0.000184907	0.00492249
2.63044	0.000185586	0.00484177
2.64458	0.000186223	0.00477328
2.65872	0.000186817	0.00471628
2.67286	0.000187369	0.00464485
2.68701	0.000187877	0.00457218
2.70115	0.000188342	0.00449833
2.71529	0.000188763	0.00442304
2.72943	0.000189139	0.00434704
2.74357	0.000189472	0.00427008
2.75772	0.000189761	0.00419224
2.77186	0.000190004	0.0041136
2.786	0.000190204	0.00403424
2.80014	0.000190358	0.00395425
2.81428	0.000190468	0.00387369
2.82843	0.000190532	0.00379267
2.84257	0.000190552	0.00371126
2.85671	0.000190527	0.00362968
2.87085	0.000190457	0.00354771
2.885	0.000190342	0.0034656
2.89914	0.000190182	0.00338344
2.91328	0.000189978	0.00330111
2.92742	0.000189729	0.00321899
2.94156	0.000189436	0.00313705
2.95571	0.000189098	0.00305538
2.96985	0.000188717	0.00297406
2.98399	0.000188292	0.0028938
2.99813	0.000187823	0.00281287
3.01227	0.00018731	0.00273312
3.02642	0.000186755	0.0026546
3.04056	0.000186157	0.00257619
3.0547	0.000185517	0.00249854
3.06884	0.000184835	0.00242174
3.08299	0.000184111	0.00234583
3.09713	0.000183346	0.00227088
3.11127	0.00018254	0.00219694
3.12541	0.000181694	0.00212407
3.13955	0.000180808	0.00205264
3.1537	0.000179882	0.00198207
3.16784	0.000178918	0.00191273
3.18198	0.000177915	0.00183376
3.19612	0.000176875	0.00176705
3.21026	0.000175797	0.00171242
3.22441	0.000174682	0.00164835
3.23855	0.000173531	0.00158568
3.25269	0.000172345	0.00152445
3.26683	0.000171124	0.00146469
3.28098	0.000169869	0.00140642
3.29512	0.00016858	0.00134966
3.30926	0.000167258	0.00129444
3.3234	0.000165905	0.00124077
3.33754	0.000164519	0.0011887
3.35169	0.000163103	0.00113834
3.36583	0.000161657	0.00108938
3.37997	0.000160181	0.00104201
3.39411	0.000158677	0.000996242
3.40825	0.000157145	0.000952073
3.4224	0.000155586	0.000909505
3.43654	0.000154001	0.000868221
3.45068	0.000152391	0.000828748
3.46482	0.000150755	0.000790862
3.47897	0.000149096	0.000754571
3.49311	0.000147414	0.000719742
3.50725	0.00014571	0.000687423
3.52139	0.000143984	0.000655866
3.53553	0.000142238	0.000625831
3.54968	0.000140472	0.000597299
3.56382	0.000138687	0.000568183
3.57796	0.000136885	0.000544662
3.5921	0.000135065	0.000520511
3.60624	0.000133228	0.000498024
3.62039	0.000131377	0.000476422
3.63453	0.00012951	0.00045643
3.64867	0.000127631	0.000438069
3.66281	0.000125738	0.000420722
3.67696	0.000123833	0.000404642
3.6911	0.000121917	0.000399916
3.70524	0.000119991	0.000386198
3.71938	0.000118055	0.00036368
3.73352	0.000116111	0.000352339
3.74767	0.000114159	0.000342094
3.76181	0.0001122	0.000332909
3.77595	0.000110235	0.000324749
3.79009	0.000108265	0.000317574
3.80423	0.00010629	0.000311347
3.81838	0.000104312	0.00030603
3.83252	0.000102332	0.000301583
3.84666	0.000100349	0.000297968
3.8608	9.83654e-05	0.000294988
3.87495	9.63815e-05	0.000292938
3.88909	9.43982e-05	0.000291602
3.90323	9.24161e-05	0.00029094
3.91737	9.04362e-05	0.000290913
3.93151	8.84592e-05	0.000291981
3.94566	8.64857e-05	0.000292607
3.9598	8.45167e-05	0.000294532
3.97394	8.25528e-05	0.000296735
3.98808	8.05947e-05	0.000299379
4.00222	7.86433e-05	0.000302424
4.01637	7.66991e-05	0.000305834
4.03051	7.47629e-05	0.000309572
4.04465	7.28354e-05	0.000312853
4.05879	7.09172e-05	0.000326257
4.07294	6.90091e-05	0.000330728
4.08708	6.71116e-05	0.000326124
4.10122	6.52254e-05	0.000331073
4.11536	6.33511e-05	0.000335795
4.1295	6.14894e-05	0.000340785
4.14365	5.96408e-05	0.000345839
4.15779	5.78058e-05	0.000350912
4.17193	5.59852e-05	0.000355989
4.18607	5.41794e-05	0.000361038
4.20021	5.2389e-05	0.000366047
4.21436	5.06144e-05	0.000370664
4.2285	4.88563e-05	0.000375457
4.24264	4.7115e-05	0.000379982
