# 2013-12-19.19:11:53
# qmax = 3
# E = 0
# A= 9	 T1= 0	 T2= 0	 A1= 9	 A2= 9
# central = 1	 tensor = 1	 spinisospin = 0
# norm = 1.25078
# k 	 mf 	 corr 	 total
0	20.3394	3.44597
0.05	20.2458	3.4317
0.1	19.9661	3.38934
0.15	19.5081	3.32007
0.2	18.8844	3.22527
0.25	18.1091	3.10725
0.3	17.1997	2.9688
0.35	16.1761	2.81335
0.4	15.063	2.6441
0.45	13.8856	2.46448
0.5	12.6658	2.27829
0.55	11.4299	2.08919
0.6	10.2042	1.89986
0.65	9.00803	1.71391
0.7	7.8624	1.53408
0.75	6.78232	1.36198
0.8	5.78138	1.20042
0.85	4.86802	1.05024
0.9	4.04982	0.912202
0.95	3.32623	0.78705
1	2.69782	0.675118
1.05	2.1601	0.576106
1.1	1.70736	0.489618
1.15	1.33206	0.414771
1.2	1.02549	0.350951
1.25	0.77917	0.296991
1.3	0.584214	0.251973
1.35	0.432212	0.214824
1.4	0.315516	0.184458
1.45	0.227253	0.159985
1.5	0.161499	0.140242
1.55	0.113241	0.124583
1.6	0.0783385	0.112185
1.65	0.0534604	0.102399
1.7	0.0359972	0.094632
1.75	0.0239119	0.088455
1.8	0.0156722	0.0833978
1.85	0.0101258	0.0795
1.9	0.00645845	0.0756485
1.95	0.00406564	0.072505
2	0.00252518	0.0696299
2.05	0.00154091	0.0669382
2.1	0.00093383	0.0643532
2.15	0.000558157	0.0618422
2.2	0.0003278	0.0593517
2.25	0.000195803	0.0568879
2.3	0.000109181	0.0544562
2.35	6.02288e-05	0.052042
2.4	3.44176e-05	0.0496482
2.45	1.89656e-05	0.0472986
2.5	1.02071e-05	0.0449947
2.55	5.92701e-06	0.0427337
2.6	2.77191e-06	0.0405437
2.65	3.76038e-06	0.0384243
2.7	6.77824e-07	0.0363705
2.75	3.19568e-06	0.0344032
2.8	1.24426e-06	0.0325035
2.85	1.51891e-06	0.0306862
2.9	4.79339e-07	0.0289516
2.95	1.02374e-06	0.0273008
3	-1.40902e-07	0.0257214
3.05	-1.47074e-07	0.0242233
3.1	3.51169e-07	0.0228
3.15	1.08356e-06	0.0214491
3.2	-1.02495e-07	0.0202004
3.25	5.4541e-07	0.0189421
3.3	-1.48238e-05	0.0177801
3.35	5.66992e-07	0.0166841
3.4	-2.41862e-06	0.0156401
3.45	-3.52704e-07	0.0146473
3.5	-3.9309e-07	0.0137065
3.55	-8.55051e-07	0.0128155
3.6	-6.41431e-07	0.0119709
3.65	3.89491e-07	0.0111711
3.7	-2.50988e-07	0.0104127
3.75	-5.15343e-07	0.00969346
3.8	1.80243e-07	0.0090131
3.85	3.95791e-07	0.00837094
3.9	5.99251e-07	0.00776389
3.95	-3.02514e-06	0.00719151
4	9.12811e-07	0.00665404
4.05	1.07661e-06	0.00614723
4.1	-9.74881e-07	0.00567131
4.15	1.61188e-07	0.0052253
4.2	2.52544e-07	0.00480805
4.25	6.01328e-07	0.00441713
4.3	-2.03252e-07	0.00405349
4.35	2.49771e-07	0.0037138
4.4	4.20863e-08	0.00339724
4.45	2.7935e-07	0.00310562
4.5	1.52173e-07	0.00283478
4.55	-8.56127e-07	0.00258489
4.6	1.22149e-06	0.00233334
4.65	-2.79878e-06	0.00213966
4.7	4.42058e-07	0.00194407
4.75	-7.90776e-07	0.00176371
4.8	1.68917e-07	0.00159817
4.85	-1.5819e-07	0.00144719
4.9	4.18171e-07	0.00130945
4.95	-5.46184e-08	0.00118389
# mf integral is 3.11904
# cor integral is 1.34863
# tot integral is 4.46767
