# Mass = 0.0480256 Mev*(hbarc)^2/2 
# R = 7.46549 fm 
# a = 0.662 fm 
# V0 = 45.1828 MeV 
# RSO = 6.87299 fm 
# aSO = 0.662 fm 
# VSO = 27.9403 MeV fm^2
# l = 2 
# two_j = 5 
# two_t = -1 
# Energy = -32.6967 MeV
# r 	 V_eff [2m/hbar/hbar]
0.01 	1.24929e+06
0.012398 	812738
0.014796 	570630
0.017194 	422550
0.019592 	325432
0.02199 	258316
0.024388 	210006
0.026786 	174080
0.029184 	146641
0.031582 	125211
0.03398 	108156
0.036378 	94361
0.038776 	83045.4
0.041174 	73648.8
0.043572 	65760.4
0.04597 	59074.1
0.048368 	53357.3
0.050766 	48431.4
0.053164 	44156.9
0.055562 	40423.8
0.05796 	37144.4
0.060358 	34248
0.062756 	31677.3
0.065154 	29385.2
0.067552 	27332.8
0.06995 	25487.8
0.072348 	23823.3
0.074746 	22316.4
0.077144 	20947.8
0.079542 	19701.1
0.08194 	18562.2
0.084338 	17519.1
0.086736 	16561.3
0.089134 	15679.8
0.091532 	14866.7
0.09393 	14115
0.096328 	13418.8
0.098726 	12772.6
0.101124 	12171.9
0.103522 	11612.5
0.10592 	11090.6
0.108318 	10603
0.110716 	10146.8
0.113114 	9719.2
0.115512 	9317.99
0.11791 	8941.02
0.120308 	8586.36
0.122706 	8252.29
0.125104 	7937.25
0.127502 	7639.81
0.1299 	7358.69
0.132298 	7092.72
0.134696 	6840.83
0.137094 	6602.04
0.139492 	6375.46
0.14189 	6160.27
0.144288 	5955.72
0.146686 	5761.12
0.149084 	5575.84
0.151482 	5399.28
0.15388 	5230.92
0.156278 	5070.24
0.158676 	4916.79
0.161074 	4770.15
0.163472 	4629.91
0.16587 	4495.71
0.168268 	4367.21
0.170666 	4244.08
0.173064 	4126.04
0.175462 	4012.81
0.17786 	3904.12
0.180258 	3799.74
0.182656 	3699.45
0.185054 	3603.03
0.187452 	3510.29
0.18985 	3421.03
0.192248 	3335.1
0.194646 	3252.33
0.197044 	3172.55
0.199442 	3095.64
0.20184 	3021.45
0.204238 	2949.87
0.206636 	2880.75
0.209034 	2814.01
0.211432 	2749.52
0.21383 	2687.19
0.216228 	2626.92
0.218626 	2568.62
0.221024 	2512.21
0.223422 	2457.61
0.22582 	2404.74
0.228218 	2353.52
0.230616 	2303.9
0.233014 	2255.8
0.235412 	2209.16
0.23781 	2163.92
0.240208 	2120.04
0.242606 	2077.44
0.245004 	2036.1
0.247402 	1995.94
0.2498 	1956.94
0.252198 	1919.05
0.254596 	1882.22
0.256994 	1846.42
0.259392 	1811.61
0.26179 	1777.75
0.264188 	1744.81
0.266586 	1712.75
0.268984 	1681.54
0.271382 	1651.16
0.27378 	1621.58
0.276178 	1592.76
0.278576 	1564.68
0.280974 	1537.32
0.283372 	1510.65
0.28577 	1484.65
0.288168 	1459.29
0.290566 	1434.56
0.292964 	1410.44
0.295362 	1386.9
0.29776 	1363.92
0.300158 	1341.5
0.302556 	1319.6
0.304954 	1298.22
0.307352 	1277.34
0.30975 	1256.94
0.312148 	1237.01
0.314546 	1217.54
0.316944 	1198.5
0.319342 	1179.9
0.32174 	1161.7
0.324138 	1143.91
0.326536 	1126.51
0.328934 	1109.49
0.331332 	1092.84
0.33373 	1076.54
0.336128 	1060.59
0.338526 	1044.98
0.340924 	1029.7
0.343322 	1014.74
0.34572 	1000.08
0.348118 	985.732
0.350516 	971.675
0.352914 	957.903
0.355312 	944.409
0.35771 	931.185
0.360108 	918.225
0.362506 	905.521
0.364904 	893.067
0.367302 	880.856
0.3697 	868.881
0.372098 	857.138
0.374496 	845.619
0.376894 	834.32
0.379292 	823.234
0.38169 	812.356
0.384088 	801.682
0.386486 	791.205
0.388884 	780.922
0.391282 	770.828
0.39368 	760.917
0.396078 	751.185
0.398476 	741.629
0.400874 	732.244
0.403272 	723.026
0.40567 	713.97
0.408068 	705.074
0.410466 	696.334
0.412864 	687.745
0.415262 	679.305
0.41766 	671.009
0.420058 	662.855
0.422456 	654.84
0.424854 	646.96
0.427252 	639.212
0.42965 	631.594
0.432048 	624.102
0.434446 	616.734
0.436844 	609.487
0.439242 	602.358
0.44164 	595.345
0.444038 	588.446
0.446436 	581.657
0.448834 	574.977
0.451232 	568.403
0.45363 	561.933
0.456028 	555.564
0.458426 	549.296
0.460824 	543.125
0.463222 	537.05
0.46562 	531.068
0.468018 	525.178
0.470416 	519.378
0.472814 	513.665
0.475212 	508.04
0.47761 	502.498
0.480008 	497.04
0.482406 	491.662
0.484804 	486.365
0.487202 	481.145
0.4896 	476.002
0.491998 	470.934
0.494396 	465.939
0.496794 	461.017
0.499192 	456.165
0.50159 	451.383
0.503988 	446.669
0.506386 	442.021
0.508784 	437.439
0.511182 	432.922
0.51358 	428.468
0.515978 	424.075
0.518376 	419.744
0.520774 	415.472
0.523172 	411.259
0.52557 	407.103
0.527968 	403.004
0.530366 	398.96
0.532764 	394.971
0.535162 	391.035
0.53756 	387.152
0.539958 	383.32
0.542356 	379.539
0.544754 	375.808
0.547152 	372.126
0.54955 	368.492
0.551948 	364.905
0.554346 	361.365
0.556744 	357.871
0.559142 	354.421
0.56154 	351.015
0.563938 	347.653
0.566336 	344.333
0.568734 	341.055
0.571132 	337.819
0.57353 	334.623
0.575928 	331.466
0.578326 	328.349
0.580724 	325.271
0.583122 	322.23
0.58552 	319.227
0.587918 	316.26
0.590316 	313.33
0.592714 	310.434
0.595112 	307.574
0.59751 	304.748
0.599908 	301.956
0.602306 	299.198
0.604704 	296.472
0.607102 	293.778
0.6095 	291.116
0.611898 	288.485
0.614296 	285.885
0.616694 	283.316
0.619092 	280.776
0.62149 	278.265
0.623888 	275.784
0.626286 	273.33
0.628684 	270.905
0.631082 	268.507
0.63348 	266.137
0.635878 	263.793
0.638276 	261.476
0.640674 	259.185
0.643072 	256.919
0.64547 	254.678
0.647868 	252.463
0.650266 	250.271
0.652664 	248.104
0.655062 	245.961
0.65746 	243.841
0.659858 	241.744
0.662256 	239.67
0.664654 	237.618
0.667052 	235.589
0.66945 	233.581
0.671848 	231.594
0.674246 	229.629
0.676644 	227.685
0.679042 	225.761
0.68144 	223.857
0.683838 	221.974
0.686236 	220.11
0.688634 	218.265
0.691032 	216.44
0.69343 	214.634
0.695828 	212.846
0.698226 	211.077
0.700624 	209.325
0.703022 	207.592
0.70542 	205.876
0.707818 	204.178
0.710216 	202.497
0.712614 	200.833
0.715012 	199.185
0.71741 	197.555
0.719808 	195.94
0.722206 	194.341
0.724604 	192.759
0.727002 	191.191
0.7294 	189.64
0.731798 	188.103
0.734196 	186.582
0.736594 	185.075
0.738992 	183.583
0.74139 	182.106
0.743788 	180.643
0.746186 	179.193
0.748584 	177.758
0.750982 	176.337
0.75338 	174.929
0.755778 	173.534
0.758176 	172.153
0.760574 	170.784
0.762972 	169.429
0.76537 	168.086
0.767768 	166.756
0.770166 	165.438
0.772564 	164.133
0.774962 	162.839
0.77736 	161.558
0.779758 	160.288
0.782156 	159.03
0.784554 	157.784
0.786952 	156.549
0.78935 	155.325
0.791748 	154.112
0.794146 	152.91
0.796544 	151.719
0.798942 	150.539
0.80134 	149.37
0.803738 	148.21
0.806136 	147.061
0.808534 	145.923
0.810932 	144.794
0.81333 	143.676
0.815728 	142.567
0.818126 	141.468
0.820524 	140.378
0.822922 	139.299
0.82532 	138.228
0.827718 	137.167
0.830116 	136.115
0.832514 	135.072
0.834912 	134.038
0.83731 	133.013
0.839708 	131.996
0.842106 	130.989
0.844504 	129.99
0.846902 	128.999
0.8493 	128.017
0.851698 	127.043
0.854096 	126.077
0.856494 	125.119
0.858892 	124.17
0.86129 	123.228
0.863688 	122.294
0.866086 	121.368
0.868484 	120.45
0.870882 	119.539
0.87328 	118.635
0.875678 	117.739
0.878076 	116.851
0.880474 	115.969
0.882872 	115.095
0.88527 	114.228
0.887668 	113.368
0.890066 	112.514
0.892464 	111.668
0.894862 	110.829
0.89726 	109.996
0.899658 	109.17
0.902056 	108.35
0.904454 	107.537
0.906852 	106.73
0.90925 	105.93
0.911648 	105.136
0.914046 	104.348
0.916444 	103.567
0.918842 	102.792
0.92124 	102.022
0.923638 	101.259
0.926036 	100.501
0.928434 	99.7497
0.930832 	99.0039
0.93323 	98.2638
0.935628 	97.5295
0.938026 	96.8007
0.940424 	96.0775
0.942822 	95.3598
0.94522 	94.6476
0.947618 	93.9408
0.950016 	93.2393
0.952414 	92.5432
0.954812 	91.8522
0.95721 	91.1665
0.959608 	90.4858
0.962006 	89.8103
0.964404 	89.1398
0.966802 	88.4743
0.9692 	87.8137
0.971598 	87.158
0.973996 	86.5071
0.976394 	85.8611
0.978792 	85.2197
0.98119 	84.5831
0.983588 	83.9511
0.985986 	83.3237
0.988384 	82.7009
0.990782 	82.0826
0.99318 	81.4688
0.995578 	80.8594
0.997976 	80.2544
1.00037 	79.6537
1.00277 	79.0573
1.00517 	78.4652
1.00757 	77.8774
1.00997 	77.2937
1.01236 	76.7141
1.01476 	76.1387
1.01716 	75.5673
1.01956 	75
1.02196 	74.4366
1.02435 	73.8772
1.02675 	73.3217
1.02915 	72.7701
1.03155 	72.2223
1.03395 	71.6783
1.03634 	71.1381
1.03874 	70.6016
1.04114 	70.0689
1.04354 	69.5398
1.04594 	69.0143
1.04833 	68.4925
1.05073 	67.9742
1.05313 	67.4595
1.05553 	66.9482
1.05793 	66.4404
1.06032 	65.9361
1.06272 	65.4352
1.06512 	64.9377
1.06752 	64.4435
1.06992 	63.9526
1.07231 	63.465
1.07471 	62.9807
1.07711 	62.4996
1.07951 	62.0217
1.08191 	61.547
1.0843 	61.0754
1.0867 	60.607
1.0891 	60.1416
1.0915 	59.6793
1.0939 	59.2201
1.09629 	58.7638
1.09869 	58.3105
1.10109 	57.8602
1.10349 	57.4129
1.10589 	56.9684
1.10828 	56.5268
1.11068 	56.0881
1.11308 	55.6522
1.11548 	55.2191
1.11788 	54.7888
1.12027 	54.3613
1.12267 	53.9365
1.12507 	53.5144
1.12747 	53.095
1.12987 	52.6782
1.13226 	52.2641
1.13466 	51.8527
1.13706 	51.4438
1.13946 	51.0375
1.14186 	50.6338
1.14425 	50.2326
1.14665 	49.8339
1.14905 	49.4377
1.15145 	49.044
1.15385 	48.6528
1.15624 	48.2639
1.15864 	47.8775
1.16104 	47.4935
1.16344 	47.1118
1.16584 	46.7325
1.16823 	46.3556
1.17063 	45.9809
1.17303 	45.6085
1.17543 	45.2385
1.17783 	44.8706
1.18022 	44.5051
1.18262 	44.1417
1.18502 	43.7805
1.18742 	43.4216
1.18982 	43.0648
1.19221 	42.7101
1.19461 	42.3576
1.19701 	42.0072
1.19941 	41.6589
1.20181 	41.3127
1.2042 	40.9685
1.2066 	40.6264
1.209 	40.2863
1.2114 	39.9483
1.2138 	39.6122
1.21619 	39.2782
1.21859 	38.9461
1.22099 	38.6159
1.22339 	38.2877
1.22579 	37.9614
1.22818 	37.6371
1.23058 	37.3146
1.23298 	36.994
1.23538 	36.6753
1.23778 	36.3584
1.24017 	36.0434
1.24257 	35.7301
1.24497 	35.4187
1.24737 	35.1091
1.24977 	34.8013
1.25216 	34.4952
1.25456 	34.1909
1.25696 	33.8883
1.25936 	33.5875
1.26176 	33.2883
1.26415 	32.9909
1.26655 	32.6951
1.26895 	32.4011
1.27135 	32.1087
1.27375 	31.8179
1.27614 	31.5288
1.27854 	31.2413
1.28094 	30.9554
1.28334 	30.6711
1.28574 	30.3884
1.28813 	30.1073
1.29053 	29.8278
1.29293 	29.5498
1.29533 	29.2733
1.29773 	28.9984
1.30012 	28.725
1.30252 	28.4531
1.30492 	28.1827
1.30732 	27.9138
1.30972 	27.6464
1.31211 	27.3804
1.31451 	27.1159
1.31691 	26.8528
1.31931 	26.5912
1.32171 	26.331
1.3241 	26.0721
1.3265 	25.8147
1.3289 	25.5587
1.3313 	25.3041
1.3337 	25.0509
1.33609 	24.799
1.33849 	24.5484
1.34089 	24.2992
1.34329 	24.0514
1.34569 	23.8048
1.34808 	23.5596
1.35048 	23.3157
1.35288 	23.0731
1.35528 	22.8317
1.35768 	22.5917
1.36007 	22.3529
1.36247 	22.1154
1.36487 	21.8791
1.36727 	21.644
1.36967 	21.4102
1.37206 	21.1777
1.37446 	20.9463
1.37686 	20.7161
1.37926 	20.4872
1.38166 	20.2594
1.38405 	20.0328
1.38645 	19.8074
1.38885 	19.5832
1.39125 	19.3601
1.39365 	19.1382
1.39604 	18.9174
1.39844 	18.6977
1.40084 	18.4792
1.40324 	18.2618
1.40564 	18.0455
1.40803 	17.8303
1.41043 	17.6162
1.41283 	17.4032
1.41523 	17.1913
1.41763 	16.9805
1.42002 	16.7707
1.42242 	16.562
1.42482 	16.3543
1.42722 	16.1477
1.42962 	15.9421
1.43201 	15.7375
1.43441 	15.534
1.43681 	15.3315
1.43921 	15.13
1.44161 	14.9295
1.444 	14.73
1.4464 	14.5315
1.4488 	14.334
1.4512 	14.1375
1.4536 	13.9419
1.45599 	13.7473
1.45839 	13.5536
1.46079 	13.361
1.46319 	13.1692
1.46559 	12.9784
1.46798 	12.7885
1.47038 	12.5996
1.47278 	12.4116
1.47518 	12.2245
1.47758 	12.0383
1.47997 	11.853
1.48237 	11.6686
1.48477 	11.4851
1.48717 	11.3025
1.48957 	11.1208
1.49196 	10.9399
1.49436 	10.7599
1.49676 	10.5808
1.49916 	10.4026
1.50156 	10.2252
1.50395 	10.0486
1.50635 	9.8729
1.50875 	9.69802
1.51115 	9.52397
1.51355 	9.35075
1.51594 	9.17836
1.51834 	9.00677
1.52074 	8.836
1.52314 	8.66604
1.52554 	8.49688
1.52793 	8.32851
1.53033 	8.16093
1.53273 	7.99414
1.53513 	7.82813
1.53753 	7.6629
1.53992 	7.49843
1.54232 	7.33474
1.54472 	7.17181
1.54712 	7.00963
1.54952 	6.8482
1.55191 	6.68753
1.55431 	6.52759
1.55671 	6.3684
1.55911 	6.20994
1.56151 	6.05221
1.5639 	5.8952
1.5663 	5.73891
1.5687 	5.58335
1.5711 	5.42849
1.5735 	5.27434
1.57589 	5.12089
1.57829 	4.96814
1.58069 	4.81609
1.58309 	4.66473
1.58549 	4.51405
1.58788 	4.36406
1.59028 	4.21474
1.59268 	4.0661
1.59508 	3.91812
1.59748 	3.77082
1.59987 	3.62417
1.60227 	3.47819
1.60467 	3.33285
1.60707 	3.18817
1.60947 	3.04414
1.61186 	2.90074
1.61426 	2.75799
1.61666 	2.61587
1.61906 	2.47438
1.62146 	2.33352
1.62385 	2.19328
1.62625 	2.05366
1.62865 	1.91466
1.63105 	1.77627
1.63345 	1.63849
1.63584 	1.50131
1.63824 	1.36474
1.64064 	1.22876
1.64304 	1.09339
1.64544 	0.958598
1.64783 	0.824398
1.65023 	0.690783
1.65263 	0.557749
1.65503 	0.425293
1.65743 	0.293411
1.65982 	0.162101
1.66222 	0.0313587
1.66462 	-0.0988189
1.66702 	-0.228435
1.66942 	-0.357493
1.67181 	-0.485996
1.67421 	-0.613947
1.67661 	-0.74135
1.67901 	-0.868207
1.68141 	-0.994521
1.6838 	-1.1203
1.6862 	-1.24554
1.6886 	-1.37024
1.691 	-1.49442
1.6934 	-1.61807
1.69579 	-1.74119
1.69819 	-1.86379
1.70059 	-1.98588
1.70299 	-2.10745
1.70539 	-2.2285
1.70778 	-2.34905
1.71018 	-2.46909
1.71258 	-2.58863
1.71498 	-2.70766
1.71738 	-2.8262
1.71977 	-2.94424
1.72217 	-3.06179
1.72457 	-3.17884
1.72697 	-3.29542
1.72937 	-3.4115
1.73176 	-3.52711
1.73416 	-3.64223
1.73656 	-3.75688
1.73896 	-3.87105
1.74136 	-3.98476
1.74375 	-4.09799
1.74615 	-4.21076
1.74855 	-4.32306
1.75095 	-4.43491
1.75335 	-4.54629
1.75574 	-4.65722
1.75814 	-4.76769
1.76054 	-4.87772
1.76294 	-4.98729
1.76534 	-5.09642
1.76773 	-5.2051
1.77013 	-5.31335
1.77253 	-5.42115
1.77493 	-5.52852
1.77733 	-5.63545
1.77972 	-5.74195
1.78212 	-5.84802
1.78452 	-5.95367
1.78692 	-6.05889
1.78932 	-6.16368
1.79171 	-6.26806
1.79411 	-6.37202
1.79651 	-6.47556
1.79891 	-6.57868
1.80131 	-6.6814
1.8037 	-6.78371
1.8061 	-6.8856
1.8085 	-6.9871
1.8109 	-7.08819
1.8133 	-7.18888
1.81569 	-7.28917
1.81809 	-7.38906
1.82049 	-7.48856
1.82289 	-7.58767
1.82529 	-7.68639
1.82768 	-7.78472
1.83008 	-7.88266
1.83248 	-7.98022
1.83488 	-8.07739
1.83728 	-8.17419
1.83967 	-8.27061
1.84207 	-8.36665
1.84447 	-8.46231
1.84687 	-8.55761
1.84927 	-8.65253
1.85166 	-8.74708
1.85406 	-8.84127
1.85646 	-8.93509
1.85886 	-9.02855
1.86126 	-9.12165
1.86365 	-9.21439
1.86605 	-9.30678
1.86845 	-9.3988
1.87085 	-9.49048
1.87325 	-9.5818
1.87564 	-9.67277
1.87804 	-9.76339
1.88044 	-9.85367
1.88284 	-9.9436
1.88524 	-10.0332
1.88763 	-10.1224
1.89003 	-10.2113
1.89243 	-10.2999
1.89483 	-10.3881
1.89723 	-10.476
1.89962 	-10.5636
1.90202 	-10.6508
1.90442 	-10.7378
1.90682 	-10.8243
1.90922 	-10.9106
1.91161 	-10.9965
1.91401 	-11.0821
1.91641 	-11.1674
1.91881 	-11.2524
1.92121 	-11.337
1.9236 	-11.4213
1.926 	-11.5054
1.9284 	-11.5891
1.9308 	-11.6724
1.9332 	-11.7555
1.93559 	-11.8383
1.93799 	-11.9208
1.94039 	-12.0029
1.94279 	-12.0848
1.94519 	-12.1663
1.94758 	-12.2476
1.94998 	-12.3285
1.95238 	-12.4092
1.95478 	-12.4895
1.95718 	-12.5696
1.95957 	-12.6494
1.96197 	-12.7288
1.96437 	-12.808
1.96677 	-12.8869
1.96917 	-12.9655
1.97156 	-13.0438
1.97396 	-13.1219
1.97636 	-13.1996
1.97876 	-13.2771
1.98116 	-13.3543
1.98355 	-13.4312
1.98595 	-13.5078
1.98835 	-13.5841
1.99075 	-13.6602
1.99315 	-13.736
1.99554 	-13.8116
1.99794 	-13.8868
2.00034 	-13.9618
2.00274 	-14.0365
2.00514 	-14.111
2.00753 	-14.1851
2.00993 	-14.259
2.01233 	-14.3327
2.01473 	-14.4061
2.01713 	-14.4792
2.01952 	-14.5521
2.02192 	-14.6247
2.02432 	-14.697
2.02672 	-14.7691
2.02912 	-14.841
2.03151 	-14.9125
2.03391 	-14.9839
2.03631 	-15.0549
2.03871 	-15.1258
2.04111 	-15.1963
2.0435 	-15.2667
2.0459 	-15.3368
2.0483 	-15.4066
2.0507 	-15.4762
2.0531 	-15.5455
2.05549 	-15.6146
2.05789 	-15.6835
2.06029 	-15.7521
2.06269 	-15.8205
2.06509 	-15.8886
2.06748 	-15.9565
2.06988 	-16.0242
2.07228 	-16.0916
2.07468 	-16.1588
2.07708 	-16.2258
2.07947 	-16.2926
2.08187 	-16.3591
2.08427 	-16.4253
2.08667 	-16.4914
2.08907 	-16.5572
2.09146 	-16.6228
2.09386 	-16.6882
2.09626 	-16.7533
2.09866 	-16.8182
2.10106 	-16.8829
2.10345 	-16.9474
2.10585 	-17.0117
2.10825 	-17.0757
2.11065 	-17.1395
2.11305 	-17.2031
2.11544 	-17.2665
2.11784 	-17.3297
2.12024 	-17.3927
2.12264 	-17.4554
2.12504 	-17.5179
2.12743 	-17.5803
2.12983 	-17.6424
2.13223 	-17.7043
2.13463 	-17.766
2.13703 	-17.8274
2.13942 	-17.8887
2.14182 	-17.9498
2.14422 	-18.0107
2.14662 	-18.0713
2.14902 	-18.1318
2.15141 	-18.192
2.15381 	-18.2521
2.15621 	-18.3119
2.15861 	-18.3716
2.16101 	-18.4311
2.1634 	-18.4903
2.1658 	-18.5494
2.1682 	-18.6083
2.1706 	-18.6669
2.173 	-18.7254
2.17539 	-18.7837
2.17779 	-18.8418
2.18019 	-18.8997
2.18259 	-18.9574
2.18499 	-19.0149
2.18738 	-19.0722
2.18978 	-19.1294
2.19218 	-19.1863
2.19458 	-19.2431
2.19698 	-19.2997
2.19937 	-19.3561
2.20177 	-19.4123
2.20417 	-19.4683
2.20657 	-19.5242
2.20897 	-19.5798
2.21136 	-19.6353
2.21376 	-19.6906
2.21616 	-19.7457
2.21856 	-19.8007
2.22096 	-19.8554
2.22335 	-19.91
2.22575 	-19.9644
2.22815 	-20.0187
2.23055 	-20.0727
2.23295 	-20.1266
2.23534 	-20.1803
2.23774 	-20.2339
2.24014 	-20.2872
2.24254 	-20.3404
2.24494 	-20.3935
2.24733 	-20.4463
2.24973 	-20.499
2.25213 	-20.5515
2.25453 	-20.6039
2.25693 	-20.6561
2.25932 	-20.7081
2.26172 	-20.76
2.26412 	-20.8116
2.26652 	-20.8632
2.26892 	-20.9145
2.27131 	-20.9657
2.27371 	-21.0168
2.27611 	-21.0676
2.27851 	-21.1183
2.28091 	-21.1689
2.2833 	-21.2193
2.2857 	-21.2695
2.2881 	-21.3196
2.2905 	-21.3695
2.2929 	-21.4193
2.29529 	-21.4689
2.29769 	-21.5184
2.30009 	-21.5677
2.30249 	-21.6168
2.30489 	-21.6658
2.30728 	-21.7146
2.30968 	-21.7633
2.31208 	-21.8118
2.31448 	-21.8602
2.31688 	-21.9085
2.31927 	-21.9565
2.32167 	-22.0045
2.32407 	-22.0523
2.32647 	-22.0999
2.32887 	-22.1474
2.33126 	-22.1947
2.33366 	-22.2419
2.33606 	-22.289
2.33846 	-22.3359
2.34086 	-22.3827
2.34325 	-22.4293
2.34565 	-22.4758
2.34805 	-22.5221
2.35045 	-22.5683
2.35285 	-22.6143
2.35524 	-22.6602
2.35764 	-22.706
2.36004 	-22.7516
2.36244 	-22.7971
2.36484 	-22.8425
2.36723 	-22.8877
2.36963 	-22.9328
2.37203 	-22.9777
2.37443 	-23.0225
2.37683 	-23.0672
2.37922 	-23.1117
2.38162 	-23.1561
2.38402 	-23.2004
2.38642 	-23.2445
2.38882 	-23.2885
2.39121 	-23.3324
2.39361 	-23.3761
2.39601 	-23.4197
2.39841 	-23.4632
2.40081 	-23.5065
2.4032 	-23.5497
2.4056 	-23.5928
2.408 	-23.6358
2.4104 	-23.6786
2.4128 	-23.7213
2.41519 	-23.7639
2.41759 	-23.8063
2.41999 	-23.8486
2.42239 	-23.8908
2.42479 	-23.9329
2.42718 	-23.9748
2.42958 	-24.0166
2.43198 	-24.0583
2.43438 	-24.0999
2.43678 	-24.1413
2.43917 	-24.1826
2.44157 	-24.2238
2.44397 	-24.2649
2.44637 	-24.3059
2.44877 	-24.3467
2.45116 	-24.3874
2.45356 	-24.428
2.45596 	-24.4685
2.45836 	-24.5089
2.46076 	-24.5491
2.46315 	-24.5893
2.46555 	-24.6293
2.46795 	-24.6692
2.47035 	-24.7089
2.47275 	-24.7486
2.47514 	-24.7881
2.47754 	-24.8276
2.47994 	-24.8669
2.48234 	-24.9061
2.48474 	-24.9452
2.48713 	-24.9841
2.48953 	-25.023
2.49193 	-25.0617
2.49433 	-25.1004
2.49673 	-25.1389
2.49912 	-25.1773
2.50152 	-25.2156
2.50392 	-25.2538
2.50632 	-25.2919
2.50872 	-25.3299
2.51111 	-25.3677
2.51351 	-25.4055
2.51591 	-25.4431
2.51831 	-25.4807
2.52071 	-25.5181
2.5231 	-25.5554
2.5255 	-25.5926
2.5279 	-25.6298
2.5303 	-25.6668
2.5327 	-25.7037
2.53509 	-25.7405
2.53749 	-25.7772
2.53989 	-25.8137
2.54229 	-25.8502
2.54469 	-25.8866
2.54708 	-25.9229
2.54948 	-25.9591
2.55188 	-25.9951
2.55428 	-26.0311
2.55668 	-26.067
2.55907 	-26.1028
2.56147 	-26.1384
2.56387 	-26.174
2.56627 	-26.2095
2.56867 	-26.2448
2.57106 	-26.2801
2.57346 	-26.3153
2.57586 	-26.3503
2.57826 	-26.3853
2.58066 	-26.4202
2.58305 	-26.455
2.58545 	-26.4897
2.58785 	-26.5242
2.59025 	-26.5587
2.59265 	-26.5931
2.59504 	-26.6274
2.59744 	-26.6616
2.59984 	-26.6957
2.60224 	-26.7297
2.60464 	-26.7637
2.60703 	-26.7975
2.60943 	-26.8312
2.61183 	-26.8649
2.61423 	-26.8984
2.61663 	-26.9319
2.61902 	-26.9652
2.62142 	-26.9985
2.62382 	-27.0317
2.62622 	-27.0648
2.62862 	-27.0978
2.63101 	-27.1307
2.63341 	-27.1635
2.63581 	-27.1962
2.63821 	-27.2288
2.64061 	-27.2614
2.643 	-27.2938
2.6454 	-27.3262
2.6478 	-27.3585
2.6502 	-27.3907
2.6526 	-27.4228
2.65499 	-27.4548
2.65739 	-27.4867
2.65979 	-27.5186
2.66219 	-27.5503
2.66459 	-27.582
2.66698 	-27.6136
2.66938 	-27.6451
2.67178 	-27.6765
2.67418 	-27.7079
2.67658 	-27.7391
2.67897 	-27.7703
2.68137 	-27.8013
2.68377 	-27.8323
2.68617 	-27.8633
2.68857 	-27.8941
2.69096 	-27.9248
2.69336 	-27.9555
2.69576 	-27.9861
2.69816 	-28.0166
2.70056 	-28.047
2.70295 	-28.0773
2.70535 	-28.1076
2.70775 	-28.1378
2.71015 	-28.1679
2.71255 	-28.1979
2.71494 	-28.2278
2.71734 	-28.2577
2.71974 	-28.2874
2.72214 	-28.3171
2.72454 	-28.3468
2.72693 	-28.3763
2.72933 	-28.4058
2.73173 	-28.4351
2.73413 	-28.4644
2.73653 	-28.4937
2.73892 	-28.5228
2.74132 	-28.5519
2.74372 	-28.5809
2.74612 	-28.6098
2.74852 	-28.6387
2.75091 	-28.6674
2.75331 	-28.6961
2.75571 	-28.7248
2.75811 	-28.7533
2.76051 	-28.7818
2.7629 	-28.8102
2.7653 	-28.8385
2.7677 	-28.8667
2.7701 	-28.8949
2.7725 	-28.923
2.77489 	-28.951
2.77729 	-28.979
2.77969 	-29.0069
2.78209 	-29.0347
2.78449 	-29.0624
2.78688 	-29.0901
2.78928 	-29.1177
2.79168 	-29.1452
2.79408 	-29.1727
2.79648 	-29.2
2.79887 	-29.2273
2.80127 	-29.2546
2.80367 	-29.2818
2.80607 	-29.3089
2.80847 	-29.3359
2.81086 	-29.3628
2.81326 	-29.3897
2.81566 	-29.4166
2.81806 	-29.4433
2.82046 	-29.47
2.82285 	-29.4966
2.82525 	-29.5231
2.82765 	-29.5496
2.83005 	-29.576
2.83245 	-29.6024
2.83484 	-29.6287
2.83724 	-29.6549
2.83964 	-29.681
2.84204 	-29.7071
2.84444 	-29.7331
2.84683 	-29.759
2.84923 	-29.7849
2.85163 	-29.8107
2.85403 	-29.8365
2.85643 	-29.8622
2.85882 	-29.8878
2.86122 	-29.9133
2.86362 	-29.9388
2.86602 	-29.9642
2.86842 	-29.9896
2.87081 	-30.0149
2.87321 	-30.0401
2.87561 	-30.0653
2.87801 	-30.0904
2.88041 	-30.1154
2.8828 	-30.1404
2.8852 	-30.1653
2.8876 	-30.1902
2.89 	-30.215
2.8924 	-30.2397
2.89479 	-30.2644
2.89719 	-30.289
2.89959 	-30.3135
2.90199 	-30.338
2.90439 	-30.3624
2.90678 	-30.3868
2.90918 	-30.4111
2.91158 	-30.4353
2.91398 	-30.4595
2.91638 	-30.4836
2.91877 	-30.5077
2.92117 	-30.5317
2.92357 	-30.5556
2.92597 	-30.5795
2.92837 	-30.6033
2.93076 	-30.6271
2.93316 	-30.6508
2.93556 	-30.6744
2.93796 	-30.698
2.94036 	-30.7215
2.94275 	-30.745
2.94515 	-30.7684
2.94755 	-30.7918
2.94995 	-30.8151
2.95235 	-30.8383
2.95474 	-30.8615
2.95714 	-30.8846
2.95954 	-30.9077
2.96194 	-30.9307
2.96434 	-30.9536
2.96673 	-30.9765
2.96913 	-30.9994
2.97153 	-31.0222
2.97393 	-31.0449
2.97633 	-31.0676
2.97872 	-31.0902
2.98112 	-31.1128
2.98352 	-31.1353
2.98592 	-31.1578
2.98832 	-31.1802
2.99071 	-31.2025
2.99311 	-31.2248
2.99551 	-31.247
2.99791 	-31.2692
3.00031 	-31.2914
3.0027 	-31.3134
3.0051 	-31.3355
3.0075 	-31.3574
3.0099 	-31.3794
3.0123 	-31.4012
3.01469 	-31.423
3.01709 	-31.4448
3.01949 	-31.4665
3.02189 	-31.4882
3.02429 	-31.5098
3.02668 	-31.5313
3.02908 	-31.5528
3.03148 	-31.5743
3.03388 	-31.5957
3.03628 	-31.617
3.03867 	-31.6383
3.04107 	-31.6596
3.04347 	-31.6807
3.04587 	-31.7019
3.04827 	-31.723
3.05066 	-31.744
3.05306 	-31.765
3.05546 	-31.786
3.05786 	-31.8069
3.06026 	-31.8277
3.06265 	-31.8485
3.06505 	-31.8692
3.06745 	-31.8899
3.06985 	-31.9106
3.07225 	-31.9312
3.07464 	-31.9517
3.07704 	-31.9722
3.07944 	-31.9927
3.08184 	-32.0131
3.08424 	-32.0334
3.08663 	-32.0537
3.08903 	-32.074
3.09143 	-32.0942
3.09383 	-32.1144
3.09623 	-32.1345
3.09862 	-32.1545
3.10102 	-32.1746
3.10342 	-32.1945
3.10582 	-32.2145
3.10822 	-32.2343
3.11061 	-32.2542
3.11301 	-32.274
3.11541 	-32.2937
3.11781 	-32.3134
3.12021 	-32.3331
3.1226 	-32.3527
3.125 	-32.3722
3.1274 	-32.3917
3.1298 	-32.4112
3.1322 	-32.4306
3.13459 	-32.45
3.13699 	-32.4693
3.13939 	-32.4886
3.14179 	-32.5078
3.14419 	-32.527
3.14658 	-32.5462
3.14898 	-32.5653
3.15138 	-32.5844
3.15378 	-32.6034
3.15618 	-32.6223
3.15857 	-32.6413
3.16097 	-32.6602
3.16337 	-32.679
3.16577 	-32.6978
3.16817 	-32.7166
3.17056 	-32.7353
3.17296 	-32.7539
3.17536 	-32.7726
3.17776 	-32.7912
3.18016 	-32.8097
3.18255 	-32.8282
3.18495 	-32.8466
3.18735 	-32.8651
3.18975 	-32.8834
3.19215 	-32.9018
3.19454 	-32.92
3.19694 	-32.9383
3.19934 	-32.9565
3.20174 	-32.9747
3.20414 	-32.9928
3.20653 	-33.0109
3.20893 	-33.0289
3.21133 	-33.0469
3.21373 	-33.0648
3.21613 	-33.0828
3.21852 	-33.1006
3.22092 	-33.1185
3.22332 	-33.1363
3.22572 	-33.154
3.22812 	-33.1717
3.23051 	-33.1894
3.23291 	-33.207
3.23531 	-33.2246
3.23771 	-33.2422
3.24011 	-33.2597
3.2425 	-33.2771
3.2449 	-33.2946
3.2473 	-33.312
3.2497 	-33.3293
3.2521 	-33.3466
3.25449 	-33.3639
3.25689 	-33.3812
3.25929 	-33.3983
3.26169 	-33.4155
3.26409 	-33.4326
3.26648 	-33.4497
3.26888 	-33.4668
3.27128 	-33.4838
3.27368 	-33.5007
3.27608 	-33.5177
3.27847 	-33.5345
3.28087 	-33.5514
3.28327 	-33.5682
3.28567 	-33.585
3.28807 	-33.6017
3.29046 	-33.6184
3.29286 	-33.6351
3.29526 	-33.6517
3.29766 	-33.6683
3.30006 	-33.6849
3.30245 	-33.7014
3.30485 	-33.7179
3.30725 	-33.7343
3.30965 	-33.7507
3.31205 	-33.7671
3.31444 	-33.7834
3.31684 	-33.7997
3.31924 	-33.816
3.32164 	-33.8322
3.32404 	-33.8484
3.32643 	-33.8645
3.32883 	-33.8807
3.33123 	-33.8967
3.33363 	-33.9128
3.33603 	-33.9288
3.33842 	-33.9448
3.34082 	-33.9607
3.34322 	-33.9766
3.34562 	-33.9925
3.34802 	-34.0083
3.35041 	-34.0241
3.35281 	-34.0399
3.35521 	-34.0556
3.35761 	-34.0713
3.36001 	-34.087
3.3624 	-34.1026
3.3648 	-34.1182
3.3672 	-34.1337
3.3696 	-34.1492
3.372 	-34.1647
3.37439 	-34.1802
3.37679 	-34.1956
3.37919 	-34.211
3.38159 	-34.2263
3.38399 	-34.2417
3.38638 	-34.257
3.38878 	-34.2722
3.39118 	-34.2874
3.39358 	-34.3026
3.39598 	-34.3178
3.39837 	-34.3329
3.40077 	-34.348
3.40317 	-34.363
3.40557 	-34.378
3.40797 	-34.393
3.41036 	-34.408
3.41276 	-34.4229
3.41516 	-34.4378
3.41756 	-34.4527
3.41996 	-34.4675
3.42235 	-34.4823
3.42475 	-34.497
3.42715 	-34.5118
3.42955 	-34.5265
3.43195 	-34.5411
3.43434 	-34.5558
3.43674 	-34.5704
3.43914 	-34.5849
3.44154 	-34.5995
3.44394 	-34.614
3.44633 	-34.6284
3.44873 	-34.6429
3.45113 	-34.6573
3.45353 	-34.6717
3.45593 	-34.686
3.45832 	-34.7004
3.46072 	-34.7146
3.46312 	-34.7289
3.46552 	-34.7431
3.46792 	-34.7573
3.47031 	-34.7715
3.47271 	-34.7856
3.47511 	-34.7997
3.47751 	-34.8138
3.47991 	-34.8278
3.4823 	-34.8419
3.4847 	-34.8558
3.4871 	-34.8698
3.4895 	-34.8837
3.4919 	-34.8976
3.49429 	-34.9115
3.49669 	-34.9253
3.49909 	-34.9391
3.50149 	-34.9529
3.50389 	-34.9666
3.50628 	-34.9804
3.50868 	-34.994
3.51108 	-35.0077
3.51348 	-35.0213
3.51588 	-35.0349
3.51827 	-35.0485
3.52067 	-35.062
3.52307 	-35.0755
3.52547 	-35.089
3.52787 	-35.1025
3.53026 	-35.1159
3.53266 	-35.1293
3.53506 	-35.1427
3.53746 	-35.156
3.53986 	-35.1693
3.54225 	-35.1826
3.54465 	-35.1959
3.54705 	-35.2091
3.54945 	-35.2223
3.55185 	-35.2355
3.55424 	-35.2486
3.55664 	-35.2617
3.55904 	-35.2748
3.56144 	-35.2879
3.56384 	-35.3009
3.56623 	-35.3139
3.56863 	-35.3269
3.57103 	-35.3398
3.57343 	-35.3527
3.57583 	-35.3656
3.57822 	-35.3785
3.58062 	-35.3913
3.58302 	-35.4042
3.58542 	-35.4169
3.58782 	-35.4297
3.59021 	-35.4424
3.59261 	-35.4551
3.59501 	-35.4678
3.59741 	-35.4805
3.59981 	-35.4931
3.6022 	-35.5057
3.6046 	-35.5183
3.607 	-35.5308
3.6094 	-35.5433
3.6118 	-35.5558
3.61419 	-35.5683
3.61659 	-35.5807
3.61899 	-35.5931
3.62139 	-35.6055
3.62379 	-35.6179
3.62618 	-35.6302
3.62858 	-35.6425
3.63098 	-35.6548
3.63338 	-35.667
3.63578 	-35.6793
3.63817 	-35.6915
3.64057 	-35.7037
3.64297 	-35.7158
3.64537 	-35.7279
3.64777 	-35.74
3.65016 	-35.7521
3.65256 	-35.7642
3.65496 	-35.7762
3.65736 	-35.7882
3.65976 	-35.8002
3.66215 	-35.8121
3.66455 	-35.824
3.66695 	-35.8359
3.66935 	-35.8478
3.67175 	-35.8597
3.67414 	-35.8715
3.67654 	-35.8833
3.67894 	-35.8951
3.68134 	-35.9068
3.68374 	-35.9186
3.68613 	-35.9303
3.68853 	-35.9419
3.69093 	-35.9536
3.69333 	-35.9652
3.69573 	-35.9768
3.69812 	-35.9884
3.70052 	-36
3.70292 	-36.0115
3.70532 	-36.023
3.70772 	-36.0345
3.71011 	-36.0459
3.71251 	-36.0574
3.71491 	-36.0688
3.71731 	-36.0802
3.71971 	-36.0916
3.7221 	-36.1029
3.7245 	-36.1142
3.7269 	-36.1255
3.7293 	-36.1368
3.7317 	-36.148
3.73409 	-36.1592
3.73649 	-36.1704
3.73889 	-36.1816
3.74129 	-36.1928
3.74369 	-36.2039
3.74608 	-36.215
3.74848 	-36.2261
3.75088 	-36.2372
3.75328 	-36.2482
3.75568 	-36.2592
3.75807 	-36.2702
3.76047 	-36.2812
3.76287 	-36.2921
3.76527 	-36.303
3.76767 	-36.3139
3.77006 	-36.3248
3.77246 	-36.3357
3.77486 	-36.3465
3.77726 	-36.3573
3.77966 	-36.3681
3.78205 	-36.3789
3.78445 	-36.3896
3.78685 	-36.4003
3.78925 	-36.411
3.79165 	-36.4217
3.79404 	-36.4323
3.79644 	-36.443
3.79884 	-36.4536
3.80124 	-36.4642
3.80364 	-36.4747
3.80603 	-36.4853
3.80843 	-36.4958
3.81083 	-36.5063
3.81323 	-36.5168
3.81563 	-36.5272
3.81802 	-36.5377
3.82042 	-36.5481
3.82282 	-36.5585
3.82522 	-36.5688
3.82762 	-36.5792
3.83001 	-36.5895
3.83241 	-36.5998
3.83481 	-36.6101
3.83721 	-36.6204
3.83961 	-36.6306
3.842 	-36.6408
3.8444 	-36.651
3.8468 	-36.6612
3.8492 	-36.6713
3.8516 	-36.6815
3.85399 	-36.6916
3.85639 	-36.7017
3.85879 	-36.7117
3.86119 	-36.7218
3.86359 	-36.7318
3.86598 	-36.7418
3.86838 	-36.7518
3.87078 	-36.7618
3.87318 	-36.7717
3.87558 	-36.7816
3.87797 	-36.7916
3.88037 	-36.8014
3.88277 	-36.8113
3.88517 	-36.8211
3.88757 	-36.831
3.88996 	-36.8408
3.89236 	-36.8505
3.89476 	-36.8603
3.89716 	-36.87
3.89956 	-36.8798
3.90195 	-36.8895
3.90435 	-36.8991
3.90675 	-36.9088
3.90915 	-36.9184
3.91155 	-36.9281
3.91394 	-36.9377
3.91634 	-36.9472
3.91874 	-36.9568
3.92114 	-36.9663
3.92354 	-36.9758
3.92593 	-36.9853
3.92833 	-36.9948
3.93073 	-37.0043
3.93313 	-37.0137
3.93553 	-37.0231
3.93792 	-37.0325
3.94032 	-37.0419
3.94272 	-37.0513
3.94512 	-37.0606
3.94752 	-37.0699
3.94991 	-37.0792
3.95231 	-37.0885
3.95471 	-37.0978
3.95711 	-37.107
3.95951 	-37.1163
3.9619 	-37.1255
3.9643 	-37.1346
3.9667 	-37.1438
3.9691 	-37.153
3.9715 	-37.1621
3.97389 	-37.1712
3.97629 	-37.1803
3.97869 	-37.1893
3.98109 	-37.1984
3.98349 	-37.2074
3.98588 	-37.2164
3.98828 	-37.2254
3.99068 	-37.2344
3.99308 	-37.2434
3.99548 	-37.2523
3.99787 	-37.2612
4.00027 	-37.2701
4.00267 	-37.279
4.00507 	-37.2879
4.00747 	-37.2967
4.00986 	-37.3055
4.01226 	-37.3143
4.01466 	-37.3231
4.01706 	-37.3319
4.01946 	-37.3406
4.02185 	-37.3494
4.02425 	-37.3581
4.02665 	-37.3668
4.02905 	-37.3755
4.03145 	-37.3841
4.03384 	-37.3928
4.03624 	-37.4014
4.03864 	-37.41
4.04104 	-37.4186
4.04344 	-37.4271
4.04583 	-37.4357
4.04823 	-37.4442
4.05063 	-37.4527
4.05303 	-37.4612
4.05543 	-37.4697
4.05782 	-37.4782
4.06022 	-37.4866
4.06262 	-37.495
4.06502 	-37.5034
4.06742 	-37.5118
4.06981 	-37.5202
4.07221 	-37.5285
4.07461 	-37.5369
4.07701 	-37.5452
4.07941 	-37.5535
4.0818 	-37.5617
4.0842 	-37.57
4.0866 	-37.5782
4.089 	-37.5865
4.0914 	-37.5947
4.09379 	-37.6029
4.09619 	-37.611
4.09859 	-37.6192
4.10099 	-37.6273
4.10339 	-37.6355
4.10578 	-37.6436
4.10818 	-37.6516
4.11058 	-37.6597
4.11298 	-37.6678
4.11538 	-37.6758
4.11777 	-37.6838
4.12017 	-37.6918
4.12257 	-37.6998
4.12497 	-37.7077
4.12737 	-37.7157
4.12976 	-37.7236
4.13216 	-37.7315
4.13456 	-37.7394
4.13696 	-37.7473
4.13936 	-37.7552
4.14175 	-37.763
4.14415 	-37.7708
4.14655 	-37.7786
4.14895 	-37.7864
4.15135 	-37.7942
4.15374 	-37.802
4.15614 	-37.8097
4.15854 	-37.8174
4.16094 	-37.8251
4.16334 	-37.8328
4.16573 	-37.8405
4.16813 	-37.8482
4.17053 	-37.8558
4.17293 	-37.8634
4.17533 	-37.871
4.17772 	-37.8786
4.18012 	-37.8862
4.18252 	-37.8937
4.18492 	-37.9013
4.18732 	-37.9088
4.18971 	-37.9163
4.19211 	-37.9238
4.19451 	-37.9313
4.19691 	-37.9387
4.19931 	-37.9462
4.2017 	-37.9536
4.2041 	-37.961
4.2065 	-37.9684
4.2089 	-37.9757
4.2113 	-37.9831
4.21369 	-37.9904
4.21609 	-37.9978
4.21849 	-38.0051
4.22089 	-38.0124
4.22329 	-38.0196
4.22568 	-38.0269
4.22808 	-38.0341
4.23048 	-38.0414
4.23288 	-38.0486
4.23528 	-38.0558
4.23767 	-38.0629
4.24007 	-38.0701
4.24247 	-38.0772
4.24487 	-38.0844
4.24727 	-38.0915
4.24966 	-38.0986
4.25206 	-38.1056
4.25446 	-38.1127
4.25686 	-38.1198
4.25926 	-38.1268
4.26165 	-38.1338
4.26405 	-38.1408
4.26645 	-38.1478
4.26885 	-38.1547
4.27125 	-38.1617
4.27364 	-38.1686
4.27604 	-38.1755
4.27844 	-38.1825
4.28084 	-38.1893
4.28324 	-38.1962
4.28563 	-38.2031
4.28803 	-38.2099
4.29043 	-38.2167
4.29283 	-38.2235
4.29523 	-38.2303
4.29762 	-38.2371
4.30002 	-38.2439
4.30242 	-38.2506
4.30482 	-38.2573
4.30722 	-38.264
4.30961 	-38.2707
4.31201 	-38.2774
4.31441 	-38.2841
4.31681 	-38.2907
4.31921 	-38.2974
4.3216 	-38.304
4.324 	-38.3106
4.3264 	-38.3172
4.3288 	-38.3237
4.3312 	-38.3303
4.33359 	-38.3368
4.33599 	-38.3434
4.33839 	-38.3499
4.34079 	-38.3564
4.34319 	-38.3628
4.34558 	-38.3693
4.34798 	-38.3757
4.35038 	-38.3822
4.35278 	-38.3886
4.35518 	-38.395
4.35757 	-38.4014
4.35997 	-38.4077
4.36237 	-38.4141
4.36477 	-38.4204
4.36717 	-38.4267
4.36956 	-38.4331
4.37196 	-38.4393
4.37436 	-38.4456
4.37676 	-38.4519
4.37916 	-38.4581
4.38155 	-38.4644
4.38395 	-38.4706
4.38635 	-38.4768
4.38875 	-38.483
4.39115 	-38.4891
4.39354 	-38.4953
4.39594 	-38.5014
4.39834 	-38.5075
4.40074 	-38.5136
4.40314 	-38.5197
4.40553 	-38.5258
4.40793 	-38.5319
4.41033 	-38.5379
4.41273 	-38.5439
4.41513 	-38.55
4.41752 	-38.556
4.41992 	-38.5619
4.42232 	-38.5679
4.42472 	-38.5739
4.42712 	-38.5798
4.42951 	-38.5857
4.43191 	-38.5916
4.43431 	-38.5975
4.43671 	-38.6034
4.43911 	-38.6093
4.4415 	-38.6151
4.4439 	-38.621
4.4463 	-38.6268
4.4487 	-38.6326
4.4511 	-38.6384
4.45349 	-38.6441
4.45589 	-38.6499
4.45829 	-38.6556
4.46069 	-38.6614
4.46309 	-38.6671
4.46548 	-38.6728
4.46788 	-38.6785
4.47028 	-38.6841
4.47268 	-38.6898
4.47508 	-38.6954
4.47747 	-38.701
4.47987 	-38.7067
4.48227 	-38.7122
4.48467 	-38.7178
4.48707 	-38.7234
4.48946 	-38.7289
4.49186 	-38.7345
4.49426 	-38.74
4.49666 	-38.7455
4.49906 	-38.751
4.50145 	-38.7564
4.50385 	-38.7619
4.50625 	-38.7673
4.50865 	-38.7728
4.51105 	-38.7782
4.51344 	-38.7836
4.51584 	-38.789
4.51824 	-38.7943
4.52064 	-38.7997
4.52304 	-38.805
4.52543 	-38.8103
4.52783 	-38.8157
4.53023 	-38.8209
4.53263 	-38.8262
4.53503 	-38.8315
4.53742 	-38.8367
4.53982 	-38.842
4.54222 	-38.8472
4.54462 	-38.8524
4.54702 	-38.8576
4.54941 	-38.8628
4.55181 	-38.8679
4.55421 	-38.8731
4.55661 	-38.8782
4.55901 	-38.8833
4.5614 	-38.8884
4.5638 	-38.8935
4.5662 	-38.8986
4.5686 	-38.9036
4.571 	-38.9087
4.57339 	-38.9137
4.57579 	-38.9187
4.57819 	-38.9237
4.58059 	-38.9287
4.58299 	-38.9336
4.58538 	-38.9386
4.58778 	-38.9435
4.59018 	-38.9484
4.59258 	-38.9533
4.59498 	-38.9582
4.59737 	-38.9631
4.59977 	-38.968
4.60217 	-38.9728
4.60457 	-38.9776
4.60697 	-38.9825
4.60936 	-38.9873
4.61176 	-38.992
4.61416 	-38.9968
4.61656 	-39.0016
4.61896 	-39.0063
4.62135 	-39.011
4.62375 	-39.0158
4.62615 	-39.0205
4.62855 	-39.0251
4.63095 	-39.0298
4.63334 	-39.0345
4.63574 	-39.0391
4.63814 	-39.0437
4.64054 	-39.0483
4.64294 	-39.0529
4.64533 	-39.0575
4.64773 	-39.0621
4.65013 	-39.0666
4.65253 	-39.0711
4.65493 	-39.0757
4.65732 	-39.0802
4.65972 	-39.0846
4.66212 	-39.0891
4.66452 	-39.0936
4.66692 	-39.098
4.66931 	-39.1024
4.67171 	-39.1069
4.67411 	-39.1113
4.67651 	-39.1156
4.67891 	-39.12
4.6813 	-39.1244
4.6837 	-39.1287
4.6861 	-39.133
4.6885 	-39.1373
4.6909 	-39.1416
4.69329 	-39.1459
4.69569 	-39.1502
4.69809 	-39.1544
4.70049 	-39.1587
4.70289 	-39.1629
4.70528 	-39.1671
4.70768 	-39.1713
4.71008 	-39.1754
4.71248 	-39.1796
4.71488 	-39.1837
4.71727 	-39.1879
4.71967 	-39.192
4.72207 	-39.1961
4.72447 	-39.2002
4.72687 	-39.2042
4.72926 	-39.2083
4.73166 	-39.2123
4.73406 	-39.2163
4.73646 	-39.2203
4.73886 	-39.2243
4.74125 	-39.2283
4.74365 	-39.2323
4.74605 	-39.2362
4.74845 	-39.2401
4.75085 	-39.2441
4.75324 	-39.248
4.75564 	-39.2518
4.75804 	-39.2557
4.76044 	-39.2596
4.76284 	-39.2634
4.76523 	-39.2672
4.76763 	-39.271
4.77003 	-39.2748
4.77243 	-39.2786
4.77483 	-39.2824
4.77722 	-39.2861
4.77962 	-39.2899
4.78202 	-39.2936
4.78442 	-39.2973
4.78682 	-39.301
4.78921 	-39.3046
4.79161 	-39.3083
4.79401 	-39.3119
4.79641 	-39.3155
4.79881 	-39.3192
4.8012 	-39.3227
4.8036 	-39.3263
4.806 	-39.3299
4.8084 	-39.3334
4.8108 	-39.337
4.81319 	-39.3405
4.81559 	-39.344
4.81799 	-39.3475
4.82039 	-39.3509
4.82279 	-39.3544
4.82518 	-39.3578
4.82758 	-39.3613
4.82998 	-39.3647
4.83238 	-39.3681
4.83478 	-39.3714
4.83717 	-39.3748
4.83957 	-39.3781
4.84197 	-39.3815
4.84437 	-39.3848
4.84677 	-39.3881
4.84916 	-39.3914
4.85156 	-39.3946
4.85396 	-39.3979
4.85636 	-39.4011
4.85876 	-39.4043
4.86115 	-39.4075
4.86355 	-39.4107
4.86595 	-39.4139
4.86835 	-39.417
4.87075 	-39.4202
4.87314 	-39.4233
4.87554 	-39.4264
4.87794 	-39.4295
4.88034 	-39.4326
4.88274 	-39.4356
4.88513 	-39.4387
4.88753 	-39.4417
4.88993 	-39.4447
4.89233 	-39.4477
4.89473 	-39.4507
4.89712 	-39.4537
4.89952 	-39.4566
4.90192 	-39.4595
4.90432 	-39.4625
4.90672 	-39.4654
4.90911 	-39.4682
4.91151 	-39.4711
4.91391 	-39.474
4.91631 	-39.4768
4.91871 	-39.4796
4.9211 	-39.4824
4.9235 	-39.4852
4.9259 	-39.488
4.9283 	-39.4907
4.9307 	-39.4935
4.93309 	-39.4962
4.93549 	-39.4989
4.93789 	-39.5016
4.94029 	-39.5042
4.94269 	-39.5069
4.94508 	-39.5095
4.94748 	-39.5122
4.94988 	-39.5148
4.95228 	-39.5173
4.95468 	-39.5199
4.95707 	-39.5225
4.95947 	-39.525
4.96187 	-39.5275
4.96427 	-39.53
4.96667 	-39.5325
4.96906 	-39.535
4.97146 	-39.5375
4.97386 	-39.5399
4.97626 	-39.5423
4.97866 	-39.5447
4.98105 	-39.5471
4.98345 	-39.5495
4.98585 	-39.5518
4.98825 	-39.5542
4.99065 	-39.5565
4.99304 	-39.5588
4.99544 	-39.5611
4.99784 	-39.5633
5.00024 	-39.5656
5.00264 	-39.5678
5.00503 	-39.5701
5.00743 	-39.5723
5.00983 	-39.5744
5.01223 	-39.5766
5.01463 	-39.5788
5.01702 	-39.5809
5.01942 	-39.583
5.02182 	-39.5851
5.02422 	-39.5872
5.02662 	-39.5892
5.02901 	-39.5913
5.03141 	-39.5933
5.03381 	-39.5953
5.03621 	-39.5973
5.03861 	-39.5993
5.041 	-39.6012
5.0434 	-39.6032
5.0458 	-39.6051
5.0482 	-39.607
5.0506 	-39.6089
5.05299 	-39.6108
5.05539 	-39.6126
5.05779 	-39.6145
5.06019 	-39.6163
5.06259 	-39.6181
5.06498 	-39.6199
5.06738 	-39.6216
5.06978 	-39.6234
5.07218 	-39.6251
5.07458 	-39.6268
5.07697 	-39.6285
5.07937 	-39.6302
5.08177 	-39.6318
5.08417 	-39.6335
5.08657 	-39.6351
5.08896 	-39.6367
5.09136 	-39.6383
5.09376 	-39.6398
5.09616 	-39.6414
5.09856 	-39.6429
5.10095 	-39.6444
5.10335 	-39.6459
5.10575 	-39.6474
5.10815 	-39.6488
5.11055 	-39.6503
5.11294 	-39.6517
5.11534 	-39.6531
5.11774 	-39.6545
5.12014 	-39.6558
5.12254 	-39.6572
5.12493 	-39.6585
5.12733 	-39.6598
5.12973 	-39.6611
5.13213 	-39.6624
5.13453 	-39.6636
5.13692 	-39.6648
5.13932 	-39.6661
5.14172 	-39.6673
5.14412 	-39.6684
5.14652 	-39.6696
5.14891 	-39.6707
5.15131 	-39.6718
5.15371 	-39.6729
5.15611 	-39.674
5.15851 	-39.6751
5.1609 	-39.6761
5.1633 	-39.6771
5.1657 	-39.6781
5.1681 	-39.6791
5.1705 	-39.6801
5.17289 	-39.681
5.17529 	-39.6819
5.17769 	-39.6829
5.18009 	-39.6837
5.18249 	-39.6846
5.18488 	-39.6854
5.18728 	-39.6863
5.18968 	-39.6871
5.19208 	-39.6879
5.19448 	-39.6886
5.19687 	-39.6894
5.19927 	-39.6901
5.20167 	-39.6908
5.20407 	-39.6915
5.20647 	-39.6922
5.20886 	-39.6928
5.21126 	-39.6934
5.21366 	-39.6941
5.21606 	-39.6946
5.21846 	-39.6952
5.22085 	-39.6958
5.22325 	-39.6963
5.22565 	-39.6968
5.22805 	-39.6973
5.23045 	-39.6977
5.23284 	-39.6982
5.23524 	-39.6986
5.23764 	-39.699
5.24004 	-39.6994
5.24244 	-39.6997
5.24483 	-39.7001
5.24723 	-39.7004
5.24963 	-39.7007
5.25203 	-39.701
5.25443 	-39.7012
5.25682 	-39.7015
5.25922 	-39.7017
5.26162 	-39.7019
5.26402 	-39.7021
5.26642 	-39.7022
5.26881 	-39.7023
5.27121 	-39.7025
5.27361 	-39.7025
5.27601 	-39.7026
5.27841 	-39.7027
5.2808 	-39.7027
5.2832 	-39.7027
5.2856 	-39.7027
5.288 	-39.7026
5.2904 	-39.7026
5.29279 	-39.7025
5.29519 	-39.7024
5.29759 	-39.7022
5.29999 	-39.7021
5.30239 	-39.7019
5.30478 	-39.7017
5.30718 	-39.7015
5.30958 	-39.7013
5.31198 	-39.701
5.31438 	-39.7007
5.31677 	-39.7004
5.31917 	-39.7001
5.32157 	-39.6998
5.32397 	-39.6994
5.32637 	-39.699
5.32876 	-39.6986
5.33116 	-39.6981
5.33356 	-39.6977
5.33596 	-39.6972
5.33836 	-39.6967
5.34075 	-39.6962
5.34315 	-39.6956
5.34555 	-39.695
5.34795 	-39.6944
5.35035 	-39.6938
5.35274 	-39.6932
5.35514 	-39.6925
5.35754 	-39.6918
5.35994 	-39.6911
5.36234 	-39.6904
5.36473 	-39.6896
5.36713 	-39.6888
5.36953 	-39.688
5.37193 	-39.6872
5.37433 	-39.6863
5.37672 	-39.6854
5.37912 	-39.6845
5.38152 	-39.6836
5.38392 	-39.6827
5.38632 	-39.6817
5.38871 	-39.6807
5.39111 	-39.6797
5.39351 	-39.6786
5.39591 	-39.6776
5.39831 	-39.6765
5.4007 	-39.6753
5.4031 	-39.6742
5.4055 	-39.673
5.4079 	-39.6718
5.4103 	-39.6706
5.41269 	-39.6694
5.41509 	-39.6681
5.41749 	-39.6668
5.41989 	-39.6655
5.42229 	-39.6642
5.42468 	-39.6628
5.42708 	-39.6614
5.42948 	-39.66
5.43188 	-39.6586
5.43428 	-39.6571
5.43667 	-39.6556
5.43907 	-39.6541
5.44147 	-39.6526
5.44387 	-39.651
5.44627 	-39.6494
5.44866 	-39.6478
5.45106 	-39.6462
5.45346 	-39.6445
5.45586 	-39.6428
5.45826 	-39.6411
5.46065 	-39.6393
5.46305 	-39.6376
5.46545 	-39.6358
5.46785 	-39.6339
5.47025 	-39.6321
5.47264 	-39.6302
5.47504 	-39.6283
5.47744 	-39.6264
5.47984 	-39.6244
5.48224 	-39.6225
5.48463 	-39.6204
5.48703 	-39.6184
5.48943 	-39.6164
5.49183 	-39.6143
5.49423 	-39.6121
5.49662 	-39.61
5.49902 	-39.6078
5.50142 	-39.6056
5.50382 	-39.6034
5.50622 	-39.6012
5.50861 	-39.5989
5.51101 	-39.5966
5.51341 	-39.5943
5.51581 	-39.5919
5.51821 	-39.5895
5.5206 	-39.5871
5.523 	-39.5847
5.5254 	-39.5822
5.5278 	-39.5797
5.5302 	-39.5772
5.53259 	-39.5746
5.53499 	-39.572
5.53739 	-39.5694
5.53979 	-39.5668
5.54219 	-39.5641
5.54458 	-39.5614
5.54698 	-39.5587
5.54938 	-39.5559
5.55178 	-39.5532
5.55418 	-39.5503
5.55657 	-39.5475
5.55897 	-39.5446
5.56137 	-39.5417
5.56377 	-39.5388
5.56617 	-39.5359
5.56856 	-39.5329
5.57096 	-39.5299
5.57336 	-39.5268
5.57576 	-39.5238
5.57816 	-39.5207
5.58055 	-39.5175
5.58295 	-39.5144
5.58535 	-39.5112
5.58775 	-39.5079
5.59015 	-39.5047
5.59254 	-39.5014
5.59494 	-39.4981
5.59734 	-39.4948
5.59974 	-39.4914
5.60214 	-39.488
5.60453 	-39.4846
5.60693 	-39.4811
5.60933 	-39.4776
5.61173 	-39.4741
5.61413 	-39.4705
5.61652 	-39.467
5.61892 	-39.4633
5.62132 	-39.4597
5.62372 	-39.456
5.62612 	-39.4523
5.62851 	-39.4486
5.63091 	-39.4448
5.63331 	-39.441
5.63571 	-39.4372
5.63811 	-39.4333
5.6405 	-39.4294
5.6429 	-39.4255
5.6453 	-39.4215
5.6477 	-39.4175
5.6501 	-39.4135
5.65249 	-39.4094
5.65489 	-39.4053
5.65729 	-39.4012
5.65969 	-39.3971
5.66209 	-39.3929
5.66448 	-39.3887
5.66688 	-39.3844
5.66928 	-39.3801
5.67168 	-39.3758
5.67408 	-39.3715
5.67647 	-39.3671
5.67887 	-39.3627
5.68127 	-39.3582
5.68367 	-39.3537
5.68607 	-39.3492
5.68846 	-39.3447
5.69086 	-39.3401
5.69326 	-39.3355
5.69566 	-39.3308
5.69806 	-39.3261
5.70045 	-39.3214
5.70285 	-39.3166
5.70525 	-39.3119
5.70765 	-39.307
5.71005 	-39.3022
5.71244 	-39.2973
5.71484 	-39.2924
5.71724 	-39.2874
5.71964 	-39.2824
5.72204 	-39.2774
5.72443 	-39.2723
5.72683 	-39.2672
5.72923 	-39.2621
5.73163 	-39.2569
5.73403 	-39.2517
5.73642 	-39.2465
5.73882 	-39.2412
5.74122 	-39.2359
5.74362 	-39.2306
5.74602 	-39.2252
5.74841 	-39.2198
5.75081 	-39.2143
5.75321 	-39.2088
5.75561 	-39.2033
5.75801 	-39.1977
5.7604 	-39.1921
5.7628 	-39.1865
5.7652 	-39.1808
5.7676 	-39.1751
5.77 	-39.1694
5.77239 	-39.1636
5.77479 	-39.1578
5.77719 	-39.1519
5.77959 	-39.146
5.78199 	-39.1401
5.78438 	-39.1341
5.78678 	-39.1281
5.78918 	-39.1221
5.79158 	-39.116
5.79398 	-39.1099
5.79637 	-39.1038
5.79877 	-39.0976
5.80117 	-39.0913
5.80357 	-39.0851
5.80597 	-39.0788
5.80836 	-39.0724
5.81076 	-39.066
5.81316 	-39.0596
5.81556 	-39.0531
5.81796 	-39.0466
5.82035 	-39.0401
5.82275 	-39.0335
5.82515 	-39.0269
5.82755 	-39.0203
5.82995 	-39.0136
5.83234 	-39.0068
5.83474 	-39.0001
5.83714 	-38.9932
5.83954 	-38.9864
5.84194 	-38.9795
5.84433 	-38.9726
5.84673 	-38.9656
5.84913 	-38.9586
5.85153 	-38.9515
5.85393 	-38.9444
5.85632 	-38.9373
5.85872 	-38.9301
5.86112 	-38.9229
5.86352 	-38.9157
5.86592 	-38.9084
5.86831 	-38.901
5.87071 	-38.8937
5.87311 	-38.8862
5.87551 	-38.8788
5.87791 	-38.8713
5.8803 	-38.8637
5.8827 	-38.8561
5.8851 	-38.8485
5.8875 	-38.8408
5.8899 	-38.8331
5.89229 	-38.8254
5.89469 	-38.8176
5.89709 	-38.8098
5.89949 	-38.8019
5.90189 	-38.794
5.90428 	-38.786
5.90668 	-38.778
5.90908 	-38.7699
5.91148 	-38.7618
5.91388 	-38.7537
5.91627 	-38.7455
5.91867 	-38.7373
5.92107 	-38.729
5.92347 	-38.7207
5.92587 	-38.7124
5.92826 	-38.704
5.93066 	-38.6955
5.93306 	-38.6871
5.93546 	-38.6785
5.93786 	-38.67
5.94025 	-38.6613
5.94265 	-38.6527
5.94505 	-38.644
5.94745 	-38.6352
5.94985 	-38.6264
5.95224 	-38.6176
5.95464 	-38.6087
5.95704 	-38.5998
5.95944 	-38.5908
5.96184 	-38.5818
5.96423 	-38.5727
5.96663 	-38.5636
5.96903 	-38.5545
5.97143 	-38.5452
5.97383 	-38.536
5.97622 	-38.5267
5.97862 	-38.5174
5.98102 	-38.508
5.98342 	-38.4985
5.98582 	-38.4891
5.98821 	-38.4795
5.99061 	-38.47
5.99301 	-38.4604
5.99541 	-38.4507
5.99781 	-38.441
6.0002 	-38.4312
6.0026 	-38.4214
6.005 	-38.4116
6.0074 	-38.4017
6.0098 	-38.3917
6.01219 	-38.3817
6.01459 	-38.3717
6.01699 	-38.3616
6.01939 	-38.3514
6.02179 	-38.3413
6.02418 	-38.331
6.02658 	-38.3207
6.02898 	-38.3104
6.03138 	-38.3
6.03378 	-38.2896
6.03617 	-38.2791
6.03857 	-38.2686
6.04097 	-38.258
6.04337 	-38.2474
6.04577 	-38.2367
6.04816 	-38.226
6.05056 	-38.2152
6.05296 	-38.2044
6.05536 	-38.1935
6.05776 	-38.1826
6.06015 	-38.1716
6.06255 	-38.1606
6.06495 	-38.1495
6.06735 	-38.1384
6.06975 	-38.1272
6.07214 	-38.116
6.07454 	-38.1047
6.07694 	-38.0934
6.07934 	-38.082
6.08174 	-38.0706
6.08413 	-38.0591
6.08653 	-38.0476
6.08893 	-38.036
6.09133 	-38.0244
6.09373 	-38.0127
6.09612 	-38.0009
6.09852 	-37.9892
6.10092 	-37.9773
6.10332 	-37.9654
6.10572 	-37.9535
6.10811 	-37.9415
6.11051 	-37.9294
6.11291 	-37.9173
6.11531 	-37.9052
6.11771 	-37.893
6.1201 	-37.8807
6.1225 	-37.8684
6.1249 	-37.856
6.1273 	-37.8436
6.1297 	-37.8311
6.13209 	-37.8186
6.13449 	-37.806
6.13689 	-37.7934
6.13929 	-37.7807
6.14169 	-37.768
6.14408 	-37.7552
6.14648 	-37.7424
6.14888 	-37.7294
6.15128 	-37.7165
6.15368 	-37.7035
6.15607 	-37.6904
6.15847 	-37.6773
6.16087 	-37.6641
6.16327 	-37.6509
6.16567 	-37.6376
6.16806 	-37.6243
6.17046 	-37.6109
6.17286 	-37.5974
6.17526 	-37.5839
6.17766 	-37.5704
6.18005 	-37.5568
6.18245 	-37.5431
6.18485 	-37.5294
6.18725 	-37.5156
6.18965 	-37.5017
6.19204 	-37.4878
6.19444 	-37.4739
6.19684 	-37.4599
6.19924 	-37.4458
6.20164 	-37.4317
6.20403 	-37.4175
6.20643 	-37.4033
6.20883 	-37.389
6.21123 	-37.3746
6.21363 	-37.3602
6.21602 	-37.3458
6.21842 	-37.3313
6.22082 	-37.3167
6.22322 	-37.302
6.22562 	-37.2874
6.22801 	-37.2726
6.23041 	-37.2578
6.23281 	-37.2429
6.23521 	-37.228
6.23761 	-37.213
6.24 	-37.198
6.2424 	-37.1829
6.2448 	-37.1677
6.2472 	-37.1525
6.2496 	-37.1372
6.25199 	-37.1219
6.25439 	-37.1065
6.25679 	-37.0911
6.25919 	-37.0755
6.26159 	-37.06
6.26398 	-37.0443
6.26638 	-37.0287
6.26878 	-37.0129
6.27118 	-36.9971
6.27358 	-36.9812
6.27597 	-36.9653
6.27837 	-36.9493
6.28077 	-36.9333
6.28317 	-36.9172
6.28557 	-36.901
6.28796 	-36.8848
6.29036 	-36.8685
6.29276 	-36.8521
6.29516 	-36.8357
6.29756 	-36.8192
6.29995 	-36.8027
6.30235 	-36.7861
6.30475 	-36.7695
6.30715 	-36.7528
6.30955 	-36.736
6.31194 	-36.7191
6.31434 	-36.7022
6.31674 	-36.6853
6.31914 	-36.6683
6.32154 	-36.6512
6.32393 	-36.634
6.32633 	-36.6168
6.32873 	-36.5996
6.33113 	-36.5822
6.33353 	-36.5648
6.33592 	-36.5474
6.33832 	-36.5299
6.34072 	-36.5123
6.34312 	-36.4946
6.34552 	-36.4769
6.34791 	-36.4592
6.35031 	-36.4413
6.35271 	-36.4234
6.35511 	-36.4055
6.35751 	-36.3875
6.3599 	-36.3694
6.3623 	-36.3512
6.3647 	-36.333
6.3671 	-36.3147
6.3695 	-36.2964
6.37189 	-36.278
6.37429 	-36.2595
6.37669 	-36.241
6.37909 	-36.2224
6.38149 	-36.2038
6.38388 	-36.185
6.38628 	-36.1663
6.38868 	-36.1474
6.39108 	-36.1285
6.39348 	-36.1095
6.39587 	-36.0905
6.39827 	-36.0714
6.40067 	-36.0522
6.40307 	-36.033
6.40547 	-36.0137
6.40786 	-35.9943
6.41026 	-35.9749
6.41266 	-35.9554
6.41506 	-35.9358
6.41746 	-35.9162
6.41985 	-35.8965
6.42225 	-35.8768
6.42465 	-35.857
6.42705 	-35.8371
6.42945 	-35.8171
6.43184 	-35.7971
6.43424 	-35.777
6.43664 	-35.7569
6.43904 	-35.7367
6.44144 	-35.7164
6.44383 	-35.696
6.44623 	-35.6756
6.44863 	-35.6552
6.45103 	-35.6346
6.45343 	-35.614
6.45582 	-35.5933
6.45822 	-35.5726
6.46062 	-35.5518
6.46302 	-35.5309
6.46542 	-35.51
6.46781 	-35.489
6.47021 	-35.4679
6.47261 	-35.4468
6.47501 	-35.4256
6.47741 	-35.4043
6.4798 	-35.3829
6.4822 	-35.3615
6.4846 	-35.3401
6.487 	-35.3185
6.4894 	-35.2969
6.49179 	-35.2753
6.49419 	-35.2535
6.49659 	-35.2317
6.49899 	-35.2098
6.50139 	-35.1879
6.50378 	-35.1659
6.50618 	-35.1438
6.50858 	-35.1217
6.51098 	-35.0994
6.51338 	-35.0772
6.51577 	-35.0548
6.51817 	-35.0324
6.52057 	-35.0099
6.52297 	-34.9874
6.52537 	-34.9648
6.52776 	-34.9421
6.53016 	-34.9193
6.53256 	-34.8965
6.53496 	-34.8736
6.53736 	-34.8507
6.53975 	-34.8276
6.54215 	-34.8046
6.54455 	-34.7814
6.54695 	-34.7582
6.54935 	-34.7349
6.55174 	-34.7115
6.55414 	-34.6881
6.55654 	-34.6646
6.55894 	-34.641
6.56134 	-34.6174
6.56373 	-34.5937
6.56613 	-34.5699
6.56853 	-34.5461
6.57093 	-34.5221
6.57333 	-34.4982
6.57572 	-34.4741
6.57812 	-34.45
6.58052 	-34.4258
6.58292 	-34.4016
6.58532 	-34.3773
6.58771 	-34.3529
6.59011 	-34.3284
6.59251 	-34.3039
6.59491 	-34.2793
6.59731 	-34.2546
6.5997 	-34.2299
6.6021 	-34.2051
6.6045 	-34.1802
6.6069 	-34.1553
6.6093 	-34.1303
6.61169 	-34.1052
6.61409 	-34.0801
6.61649 	-34.0549
6.61889 	-34.0296
6.62129 	-34.0043
6.62368 	-33.9788
6.62608 	-33.9534
6.62848 	-33.9278
6.63088 	-33.9022
6.63328 	-33.8765
6.63567 	-33.8507
6.63807 	-33.8249
6.64047 	-33.799
6.64287 	-33.773
6.64527 	-33.747
6.64766 	-33.7209
6.65006 	-33.6947
6.65246 	-33.6685
6.65486 	-33.6422
6.65726 	-33.6158
6.65965 	-33.5894
6.66205 	-33.5628
6.66445 	-33.5363
6.66685 	-33.5096
6.66925 	-33.4829
6.67164 	-33.4561
6.67404 	-33.4293
6.67644 	-33.4023
6.67884 	-33.3753
6.68124 	-33.3483
6.68363 	-33.3211
6.68603 	-33.2939
6.68843 	-33.2667
6.69083 	-33.2393
6.69323 	-33.2119
6.69562 	-33.1845
6.69802 	-33.1569
6.70042 	-33.1293
6.70282 	-33.1017
6.70522 	-33.0739
6.70761 	-33.0461
6.71001 	-33.0182
6.71241 	-32.9903
6.71481 	-32.9623
6.71721 	-32.9342
6.7196 	-32.906
6.722 	-32.8778
6.7244 	-32.8495
6.7268 	-32.8212
6.7292 	-32.7927
6.73159 	-32.7642
6.73399 	-32.7357
6.73639 	-32.7071
6.73879 	-32.6784
6.74119 	-32.6496
6.74358 	-32.6208
6.74598 	-32.5919
6.74838 	-32.5629
6.75078 	-32.5339
6.75318 	-32.5048
6.75557 	-32.4756
6.75797 	-32.4464
6.76037 	-32.4171
6.76277 	-32.3877
6.76517 	-32.3583
6.76756 	-32.3288
6.76996 	-32.2992
6.77236 	-32.2696
6.77476 	-32.2399
6.77716 	-32.2101
6.77955 	-32.1803
6.78195 	-32.1504
6.78435 	-32.1204
6.78675 	-32.0904
6.78915 	-32.0603
6.79154 	-32.0301
6.79394 	-31.9999
6.79634 	-31.9696
6.79874 	-31.9392
6.80114 	-31.9088
6.80353 	-31.8783
6.80593 	-31.8477
6.80833 	-31.8171
6.81073 	-31.7864
6.81313 	-31.7556
6.81552 	-31.7248
6.81792 	-31.6939
6.82032 	-31.663
6.82272 	-31.632
6.82512 	-31.6009
6.82751 	-31.5697
6.82991 	-31.5385
6.83231 	-31.5072
6.83471 	-31.4759
6.83711 	-31.4445
6.8395 	-31.413
6.8419 	-31.3815
6.8443 	-31.3499
6.8467 	-31.3182
6.8491 	-31.2865
6.85149 	-31.2547
6.85389 	-31.2228
6.85629 	-31.1909
6.85869 	-31.1589
6.86109 	-31.1269
6.86348 	-31.0947
6.86588 	-31.0626
6.86828 	-31.0303
6.87068 	-30.998
6.87308 	-30.9657
6.87547 	-30.9332
6.87787 	-30.9007
6.88027 	-30.8682
6.88267 	-30.8356
6.88507 	-30.8029
6.88746 	-30.7702
6.88986 	-30.7373
6.89226 	-30.7045
6.89466 	-30.6716
6.89706 	-30.6386
6.89945 	-30.6055
6.90185 	-30.5724
6.90425 	-30.5392
6.90665 	-30.506
6.90905 	-30.4727
6.91144 	-30.4393
6.91384 	-30.4059
6.91624 	-30.3724
6.91864 	-30.3389
6.92104 	-30.3053
6.92343 	-30.2717
6.92583 	-30.2379
6.92823 	-30.2042
6.93063 	-30.1703
6.93303 	-30.1364
6.93542 	-30.1025
6.93782 	-30.0684
6.94022 	-30.0344
6.94262 	-30.0002
6.94502 	-29.966
6.94741 	-29.9318
6.94981 	-29.8975
6.95221 	-29.8631
6.95461 	-29.8287
6.95701 	-29.7942
6.9594 	-29.7596
6.9618 	-29.725
6.9642 	-29.6904
6.9666 	-29.6556
6.969 	-29.6209
6.97139 	-29.586
6.97379 	-29.5511
6.97619 	-29.5162
6.97859 	-29.4812
6.98099 	-29.4461
6.98338 	-29.411
6.98578 	-29.3758
6.98818 	-29.3406
6.99058 	-29.3053
6.99298 	-29.27
6.99537 	-29.2346
6.99777 	-29.1991
7.00017 	-29.1636
7.00257 	-29.1281
7.00497 	-29.0924
7.00736 	-29.0568
7.00976 	-29.021
7.01216 	-28.9853
7.01456 	-28.9494
7.01696 	-28.9135
7.01935 	-28.8776
7.02175 	-28.8416
7.02415 	-28.8055
7.02655 	-28.7694
7.02895 	-28.7333
7.03134 	-28.6971
7.03374 	-28.6608
7.03614 	-28.6245
7.03854 	-28.5881
7.04094 	-28.5517
7.04333 	-28.5153
7.04573 	-28.4787
7.04813 	-28.4422
7.05053 	-28.4056
7.05293 	-28.3689
7.05532 	-28.3322
7.05772 	-28.2954
7.06012 	-28.2586
7.06252 	-28.2217
7.06492 	-28.1848
7.06731 	-28.1478
7.06971 	-28.1108
7.07211 	-28.0737
7.07451 	-28.0366
7.07691 	-27.9994
7.0793 	-27.9622
7.0817 	-27.9249
7.0841 	-27.8876
7.0865 	-27.8502
7.0889 	-27.8128
7.09129 	-27.7754
7.09369 	-27.7379
7.09609 	-27.7003
7.09849 	-27.6627
7.10089 	-27.6251
7.10328 	-27.5874
7.10568 	-27.5496
7.10808 	-27.5118
7.11048 	-27.474
7.11288 	-27.4361
7.11527 	-27.3982
7.11767 	-27.3603
7.12007 	-27.3222
7.12247 	-27.2842
7.12487 	-27.2461
7.12726 	-27.208
7.12966 	-27.1698
7.13206 	-27.1315
7.13446 	-27.0933
7.13686 	-27.0549
7.13925 	-27.0166
7.14165 	-26.9782
7.14405 	-26.9397
7.14645 	-26.9013
7.14885 	-26.8627
7.15124 	-26.8242
7.15364 	-26.7855
7.15604 	-26.7469
7.15844 	-26.7082
7.16084 	-26.6695
7.16323 	-26.6307
7.16563 	-26.5919
7.16803 	-26.553
7.17043 	-26.5141
7.17283 	-26.4752
7.17522 	-26.4362
7.17762 	-26.3972
7.18002 	-26.3582
7.18242 	-26.3191
7.18482 	-26.2799
7.18721 	-26.2408
7.18961 	-26.2016
7.19201 	-26.1623
7.19441 	-26.1231
7.19681 	-26.0838
7.1992 	-26.0444
7.2016 	-26.005
7.204 	-25.9656
7.2064 	-25.9261
7.2088 	-25.8867
7.21119 	-25.8471
7.21359 	-25.8076
7.21599 	-25.768
7.21839 	-25.7283
7.22079 	-25.6887
7.22318 	-25.649
7.22558 	-25.6092
7.22798 	-25.5695
7.23038 	-25.5297
7.23278 	-25.4898
7.23517 	-25.45
7.23757 	-25.4101
7.23997 	-25.3702
7.24237 	-25.3302
7.24477 	-25.2902
7.24716 	-25.2502
7.24956 	-25.2101
7.25196 	-25.17
7.25436 	-25.1299
7.25676 	-25.0898
7.25915 	-25.0496
7.26155 	-25.0094
7.26395 	-24.9692
7.26635 	-24.9289
7.26875 	-24.8886
7.27114 	-24.8483
7.27354 	-24.808
7.27594 	-24.7676
7.27834 	-24.7272
7.28074 	-24.6868
7.28313 	-24.6463
7.28553 	-24.6058
7.28793 	-24.5653
7.29033 	-24.5248
7.29273 	-24.4842
7.29512 	-24.4437
7.29752 	-24.403
7.29992 	-24.3624
7.30232 	-24.3218
7.30472 	-24.2811
7.30711 	-24.2404
7.30951 	-24.1996
7.31191 	-24.1589
7.31431 	-24.1181
7.31671 	-24.0773
7.3191 	-24.0365
7.3215 	-23.9956
7.3239 	-23.9548
7.3263 	-23.9139
7.3287 	-23.873
7.33109 	-23.8321
7.33349 	-23.7911
7.33589 	-23.7501
7.33829 	-23.7091
7.34069 	-23.6681
7.34308 	-23.6271
7.34548 	-23.5861
7.34788 	-23.545
7.35028 	-23.5039
7.35268 	-23.4628
7.35507 	-23.4217
7.35747 	-23.3805
7.35987 	-23.3394
7.36227 	-23.2982
7.36467 	-23.257
7.36706 	-23.2158
7.36946 	-23.1746
7.37186 	-23.1334
7.37426 	-23.0921
7.37666 	-23.0508
7.37905 	-23.0095
7.38145 	-22.9682
7.38385 	-22.9269
7.38625 	-22.8856
7.38865 	-22.8443
7.39104 	-22.8029
7.39344 	-22.7615
7.39584 	-22.7202
7.39824 	-22.6788
7.40064 	-22.6374
7.40303 	-22.5959
7.40543 	-22.5545
7.40783 	-22.5131
7.41023 	-22.4716
7.41263 	-22.4302
7.41502 	-22.3887
7.41742 	-22.3472
7.41982 	-22.3057
7.42222 	-22.2642
7.42462 	-22.2227
7.42701 	-22.1812
7.42941 	-22.1396
7.43181 	-22.0981
7.43421 	-22.0566
7.43661 	-22.015
7.439 	-21.9735
7.4414 	-21.9319
7.4438 	-21.8903
7.4462 	-21.8487
7.4486 	-21.8071
7.45099 	-21.7656
7.45339 	-21.724
7.45579 	-21.6824
7.45819 	-21.6407
7.46059 	-21.5991
7.46298 	-21.5575
7.46538 	-21.5159
7.46778 	-21.4743
7.47018 	-21.4327
7.47258 	-21.391
7.47497 	-21.3494
7.47737 	-21.3078
7.47977 	-21.2661
7.48217 	-21.2245
7.48457 	-21.1828
7.48696 	-21.1412
7.48936 	-21.0996
7.49176 	-21.0579
7.49416 	-21.0163
7.49656 	-20.9746
7.49895 	-20.933
7.50135 	-20.8913
7.50375 	-20.8497
7.50615 	-20.8081
7.50855 	-20.7664
7.51094 	-20.7248
7.51334 	-20.6832
7.51574 	-20.6415
7.51814 	-20.5999
7.52054 	-20.5583
7.52293 	-20.5167
7.52533 	-20.475
7.52773 	-20.4334
7.53013 	-20.3918
7.53253 	-20.3502
7.53492 	-20.3086
7.53732 	-20.267
7.53972 	-20.2254
7.54212 	-20.1838
7.54452 	-20.1423
7.54691 	-20.1007
7.54931 	-20.0591
7.55171 	-20.0176
7.55411 	-19.976
7.55651 	-19.9345
7.5589 	-19.8929
7.5613 	-19.8514
7.5637 	-19.8099
7.5661 	-19.7684
7.5685 	-19.7269
7.57089 	-19.6854
7.57329 	-19.6439
7.57569 	-19.6024
7.57809 	-19.561
7.58049 	-19.5195
7.58288 	-19.4781
7.58528 	-19.4367
7.58768 	-19.3952
7.59008 	-19.3538
7.59248 	-19.3124
7.59487 	-19.2711
7.59727 	-19.2297
7.59967 	-19.1883
7.60207 	-19.147
7.60447 	-19.1057
7.60686 	-19.0643
7.60926 	-19.023
7.61166 	-18.9818
7.61406 	-18.9405
7.61646 	-18.8992
7.61885 	-18.858
7.62125 	-18.8168
7.62365 	-18.7756
7.62605 	-18.7344
7.62845 	-18.6932
7.63084 	-18.652
7.63324 	-18.6109
7.63564 	-18.5697
7.63804 	-18.5286
7.64044 	-18.4875
7.64283 	-18.4465
7.64523 	-18.4054
7.64763 	-18.3644
7.65003 	-18.3234
7.65243 	-18.2824
7.65482 	-18.2414
7.65722 	-18.2004
7.65962 	-18.1595
7.66202 	-18.1186
7.66442 	-18.0777
7.66681 	-18.0368
7.66921 	-17.9959
7.67161 	-17.9551
7.67401 	-17.9143
7.67641 	-17.8735
7.6788 	-17.8327
7.6812 	-17.792
7.6836 	-17.7513
7.686 	-17.7106
7.6884 	-17.6699
7.69079 	-17.6292
7.69319 	-17.5886
7.69559 	-17.548
7.69799 	-17.5074
7.70039 	-17.4668
7.70278 	-17.4263
7.70518 	-17.3858
7.70758 	-17.3453
7.70998 	-17.3049
7.71238 	-17.2644
7.71477 	-17.224
7.71717 	-17.1837
7.71957 	-17.1433
7.72197 	-17.103
7.72437 	-17.0627
7.72676 	-17.0224
7.72916 	-16.9822
7.73156 	-16.942
7.73396 	-16.9018
7.73636 	-16.8616
7.73875 	-16.8215
7.74115 	-16.7814
7.74355 	-16.7413
7.74595 	-16.7013
7.74835 	-16.6613
7.75074 	-16.6213
7.75314 	-16.5813
7.75554 	-16.5414
7.75794 	-16.5015
7.76034 	-16.4617
7.76273 	-16.4218
7.76513 	-16.382
7.76753 	-16.3423
7.76993 	-16.3025
7.77233 	-16.2628
7.77472 	-16.2232
7.77712 	-16.1835
7.77952 	-16.1439
7.78192 	-16.1044
7.78432 	-16.0648
7.78671 	-16.0253
7.78911 	-15.9859
7.79151 	-15.9464
7.79391 	-15.907
7.79631 	-15.8677
7.7987 	-15.8283
7.8011 	-15.7891
7.8035 	-15.7498
7.8059 	-15.7106
7.8083 	-15.6714
7.81069 	-15.6322
7.81309 	-15.5931
7.81549 	-15.554
7.81789 	-15.515
7.82029 	-15.476
7.82268 	-15.437
7.82508 	-15.3981
7.82748 	-15.3592
7.82988 	-15.3203
7.83228 	-15.2815
7.83467 	-15.2427
7.83707 	-15.204
7.83947 	-15.1653
7.84187 	-15.1266
7.84427 	-15.088
7.84666 	-15.0494
7.84906 	-15.0108
7.85146 	-14.9723
7.85386 	-14.9339
7.85626 	-14.8954
7.85865 	-14.857
7.86105 	-14.8187
7.86345 	-14.7804
7.86585 	-14.7421
7.86825 	-14.7039
7.87064 	-14.6657
7.87304 	-14.6276
7.87544 	-14.5895
7.87784 	-14.5514
7.88024 	-14.5134
7.88263 	-14.4754
7.88503 	-14.4375
7.88743 	-14.3996
7.88983 	-14.3617
7.89223 	-14.3239
7.89462 	-14.2862
7.89702 	-14.2485
7.89942 	-14.2108
7.90182 	-14.1731
7.90422 	-14.1356
7.90661 	-14.098
7.90901 	-14.0605
7.91141 	-14.0231
7.91381 	-13.9857
7.91621 	-13.9483
7.9186 	-13.911
7.921 	-13.8737
7.9234 	-13.8365
7.9258 	-13.7993
7.9282 	-13.7621
7.93059 	-13.725
7.93299 	-13.688
7.93539 	-13.651
7.93779 	-13.614
7.94019 	-13.5771
7.94258 	-13.5403
7.94498 	-13.5035
7.94738 	-13.4667
7.94978 	-13.43
7.95218 	-13.3933
7.95457 	-13.3567
7.95697 	-13.3201
7.95937 	-13.2836
7.96177 	-13.2471
7.96417 	-13.2106
7.96656 	-13.1743
7.96896 	-13.1379
7.97136 	-13.1016
7.97376 	-13.0654
7.97616 	-13.0292
7.97855 	-12.9931
7.98095 	-12.957
7.98335 	-12.9209
7.98575 	-12.8849
7.98815 	-12.849
7.99054 	-12.8131
7.99294 	-12.7773
7.99534 	-12.7415
7.99774 	-12.7057
8.00014 	-12.67
8.00253 	-12.6344
8.00493 	-12.5988
8.00733 	-12.5633
8.00973 	-12.5278
8.01213 	-12.4923
8.01452 	-12.4569
8.01692 	-12.4216
8.01932 	-12.3863
8.02172 	-12.3511
8.02412 	-12.3159
8.02651 	-12.2808
8.02891 	-12.2457
8.03131 	-12.2107
8.03371 	-12.1757
8.03611 	-12.1408
8.0385 	-12.1059
8.0409 	-12.0711
8.0433 	-12.0363
8.0457 	-12.0016
8.0481 	-11.967
8.05049 	-11.9323
8.05289 	-11.8978
8.05529 	-11.8633
8.05769 	-11.8289
8.06009 	-11.7945
8.06248 	-11.7601
8.06488 	-11.7258
8.06728 	-11.6916
8.06968 	-11.6574
8.07208 	-11.6233
8.07447 	-11.5892
8.07687 	-11.5552
8.07927 	-11.5213
8.08167 	-11.4874
8.08407 	-11.4535
8.08646 	-11.4197
8.08886 	-11.386
8.09126 	-11.3523
8.09366 	-11.3187
8.09606 	-11.2851
8.09845 	-11.2516
8.10085 	-11.2181
8.10325 	-11.1847
8.10565 	-11.1514
8.10805 	-11.1181
8.11044 	-11.0848
8.11284 	-11.0516
8.11524 	-11.0185
8.11764 	-10.9854
8.12004 	-10.9524
8.12243 	-10.9194
8.12483 	-10.8865
8.12723 	-10.8537
8.12963 	-10.8209
8.13203 	-10.7882
8.13442 	-10.7555
8.13682 	-10.7229
8.13922 	-10.6903
8.14162 	-10.6578
8.14402 	-10.6253
8.14641 	-10.5929
8.14881 	-10.5606
8.15121 	-10.5283
8.15361 	-10.4961
8.15601 	-10.4639
8.1584 	-10.4318
8.1608 	-10.3997
8.1632 	-10.3677
8.1656 	-10.3358
8.168 	-10.3039
8.17039 	-10.2721
8.17279 	-10.2403
8.17519 	-10.2086
8.17759 	-10.177
8.17999 	-10.1454
8.18238 	-10.1139
8.18478 	-10.0824
8.18718 	-10.051
8.18958 	-10.0196
8.19198 	-9.98829
8.19437 	-9.95705
8.19677 	-9.92586
8.19917 	-9.89473
8.20157 	-9.86366
8.20397 	-9.83265
8.20636 	-9.8017
8.20876 	-9.77081
8.21116 	-9.73997
8.21356 	-9.70919
8.21596 	-9.67848
8.21835 	-9.64782
8.22075 	-9.61722
8.22315 	-9.58667
8.22555 	-9.55619
8.22795 	-9.52577
8.23034 	-9.4954
8.23274 	-9.46509
8.23514 	-9.43485
8.23754 	-9.40466
8.23994 	-9.37453
8.24233 	-9.34446
8.24473 	-9.31445
8.24713 	-9.28449
8.24953 	-9.2546
8.25193 	-9.22477
8.25432 	-9.19499
8.25672 	-9.16528
8.25912 	-9.13562
8.26152 	-9.10602
8.26392 	-9.07649
8.26631 	-9.04701
8.26871 	-9.01759
8.27111 	-8.98823
8.27351 	-8.95893
8.27591 	-8.92969
8.2783 	-8.90051
8.2807 	-8.87139
8.2831 	-8.84233
8.2855 	-8.81332
8.2879 	-8.78438
8.29029 	-8.7555
8.29269 	-8.72667
8.29509 	-8.69791
8.29749 	-8.66921
8.29989 	-8.64056
8.30228 	-8.61198
8.30468 	-8.58345
8.30708 	-8.55499
8.30948 	-8.52658
8.31188 	-8.49823
8.31427 	-8.46995
8.31667 	-8.44172
8.31907 	-8.41355
8.32147 	-8.38545
8.32387 	-8.3574
8.32626 	-8.32941
8.32866 	-8.30148
8.33106 	-8.27361
8.33346 	-8.24581
8.33586 	-8.21806
8.33825 	-8.19037
8.34065 	-8.16274
8.34305 	-8.13517
8.34545 	-8.10766
8.34785 	-8.08021
8.35024 	-8.05282
8.35264 	-8.02549
8.35504 	-7.99821
8.35744 	-7.971
8.35984 	-7.94385
8.36223 	-7.91676
8.36463 	-7.88973
8.36703 	-7.86275
8.36943 	-7.83584
8.37183 	-7.80899
8.37422 	-7.78219
8.37662 	-7.75546
8.37902 	-7.72879
8.38142 	-7.70217
8.38382 	-7.67562
8.38621 	-7.64912
8.38861 	-7.62268
8.39101 	-7.59631
8.39341 	-7.56999
8.39581 	-7.54373
8.3982 	-7.51753
8.4006 	-7.4914
8.403 	-7.46532
8.4054 	-7.4393
8.4078 	-7.41334
8.41019 	-7.38744
8.41259 	-7.36159
8.41499 	-7.33581
8.41739 	-7.31009
8.41979 	-7.28443
8.42218 	-7.25882
8.42458 	-7.23328
8.42698 	-7.20779
8.42938 	-7.18236
8.43178 	-7.157
8.43417 	-7.13169
8.43657 	-7.10644
8.43897 	-7.08125
8.44137 	-7.05612
8.44377 	-7.03104
8.44616 	-7.00603
8.44856 	-6.98108
8.45096 	-6.95618
8.45336 	-6.93134
8.45576 	-6.90657
8.45815 	-6.88185
8.46055 	-6.85719
8.46295 	-6.83258
8.46535 	-6.80804
8.46775 	-6.78356
8.47014 	-6.75913
8.47254 	-6.73476
8.47494 	-6.71046
8.47734 	-6.6862
8.47974 	-6.66201
8.48213 	-6.63788
8.48453 	-6.6138
8.48693 	-6.58979
8.48933 	-6.56583
8.49173 	-6.54193
8.49412 	-6.51809
8.49652 	-6.4943
8.49892 	-6.47058
8.50132 	-6.44691
8.50372 	-6.4233
8.50611 	-6.39975
8.50851 	-6.37625
8.51091 	-6.35282
8.51331 	-6.32944
8.51571 	-6.30612
8.5181 	-6.28286
8.5205 	-6.25965
8.5229 	-6.2365
8.5253 	-6.21341
8.5277 	-6.19038
8.53009 	-6.16741
8.53249 	-6.14449
8.53489 	-6.12163
8.53729 	-6.09882
8.53969 	-6.07608
8.54208 	-6.05339
8.54448 	-6.03076
8.54688 	-6.00818
8.54928 	-5.98567
8.55168 	-5.96321
8.55407 	-5.9408
8.55647 	-5.91845
8.55887 	-5.89616
8.56127 	-5.87393
8.56367 	-5.85175
8.56606 	-5.82963
8.56846 	-5.80757
8.57086 	-5.78556
8.57326 	-5.76361
8.57566 	-5.74172
8.57805 	-5.71988
8.58045 	-5.6981
8.58285 	-5.67637
8.58525 	-5.6547
8.58765 	-5.63309
8.59004 	-5.61153
8.59244 	-5.59003
8.59484 	-5.56858
8.59724 	-5.54719
8.59964 	-5.52586
8.60203 	-5.50458
8.60443 	-5.48336
8.60683 	-5.46219
8.60923 	-5.44107
8.61163 	-5.42002
8.61402 	-5.39902
8.61642 	-5.37807
8.61882 	-5.35718
8.62122 	-5.33634
8.62362 	-5.31556
8.62601 	-5.29483
8.62841 	-5.27416
8.63081 	-5.25355
8.63321 	-5.23298
8.63561 	-5.21248
8.638 	-5.19202
8.6404 	-5.17163
8.6428 	-5.15128
8.6452 	-5.13099
8.6476 	-5.11076
8.64999 	-5.09058
8.65239 	-5.07045
8.65479 	-5.05038
8.65719 	-5.03036
8.65959 	-5.01039
8.66198 	-4.99048
8.66438 	-4.97062
8.66678 	-4.95082
8.66918 	-4.93107
8.67158 	-4.91137
8.67397 	-4.89173
8.67637 	-4.87214
8.67877 	-4.85261
8.68117 	-4.83312
8.68357 	-4.81369
8.68596 	-4.79432
8.68836 	-4.77499
8.69076 	-4.75572
8.69316 	-4.7365
8.69556 	-4.71734
8.69795 	-4.69823
8.70035 	-4.67917
8.70275 	-4.66016
8.70515 	-4.6412
8.70755 	-4.6223
8.70994 	-4.60345
8.71234 	-4.58465
8.71474 	-4.56591
8.71714 	-4.54721
8.71954 	-4.52857
8.72193 	-4.50998
8.72433 	-4.49144
8.72673 	-4.47295
8.72913 	-4.45452
8.73153 	-4.43613
8.73392 	-4.4178
8.73632 	-4.39952
8.73872 	-4.38129
8.74112 	-4.36311
8.74352 	-4.34498
8.74591 	-4.32691
8.74831 	-4.30888
8.75071 	-4.29091
8.75311 	-4.27298
8.75551 	-4.25511
8.7579 	-4.23729
8.7603 	-4.21952
8.7627 	-4.20179
8.7651 	-4.18412
8.7675 	-4.1665
8.76989 	-4.14893
8.77229 	-4.13141
8.77469 	-4.11394
8.77709 	-4.09652
8.77949 	-4.07914
8.78188 	-4.06182
8.78428 	-4.04455
8.78668 	-4.02733
8.78908 	-4.01015
8.79148 	-3.99303
8.79387 	-3.97596
8.79627 	-3.95893
8.79867 	-3.94196
8.80107 	-3.92503
8.80347 	-3.90815
8.80586 	-3.89132
8.80826 	-3.87454
8.81066 	-3.85781
8.81306 	-3.84112
8.81546 	-3.82449
8.81785 	-3.8079
8.82025 	-3.79136
8.82265 	-3.77487
8.82505 	-3.75843
8.82745 	-3.74204
8.82984 	-3.72569
8.83224 	-3.70939
8.83464 	-3.69314
8.83704 	-3.67694
8.83944 	-3.66078
8.84183 	-3.64467
8.84423 	-3.62861
8.84663 	-3.6126
8.84903 	-3.59663
8.85143 	-3.58071
8.85382 	-3.56484
8.85622 	-3.54902
8.85862 	-3.53324
8.86102 	-3.51751
8.86342 	-3.50182
8.86581 	-3.48618
8.86821 	-3.47059
8.87061 	-3.45504
8.87301 	-3.43954
8.87541 	-3.42409
8.8778 	-3.40868
8.8802 	-3.39332
8.8826 	-3.37801
8.885 	-3.36274
8.8874 	-3.34751
8.88979 	-3.33233
8.89219 	-3.3172
8.89459 	-3.30211
8.89699 	-3.28707
8.89939 	-3.27208
8.90178 	-3.25712
8.90418 	-3.24222
8.90658 	-3.22735
8.90898 	-3.21254
8.91138 	-3.19777
8.91377 	-3.18304
8.91617 	-3.16835
8.91857 	-3.15372
8.92097 	-3.13912
8.92337 	-3.12457
8.92576 	-3.11007
8.92816 	-3.0956
8.93056 	-3.08119
8.93296 	-3.06681
8.93536 	-3.05248
8.93775 	-3.0382
8.94015 	-3.02395
8.94255 	-3.00976
8.94495 	-2.9956
8.94735 	-2.98149
8.94974 	-2.96742
8.95214 	-2.95339
8.95454 	-2.93941
8.95694 	-2.92547
8.95934 	-2.91157
8.96173 	-2.89772
8.96413 	-2.88391
8.96653 	-2.87014
8.96893 	-2.85641
8.97133 	-2.84273
8.97372 	-2.82909
8.97612 	-2.81549
8.97852 	-2.80193
8.98092 	-2.78841
8.98332 	-2.77494
8.98571 	-2.76151
8.98811 	-2.74812
8.99051 	-2.73477
8.99291 	-2.72146
8.99531 	-2.7082
8.9977 	-2.69497
9.0001 	-2.68179
9.0025 	-2.66865
9.0049 	-2.65555
9.0073 	-2.64249
9.00969 	-2.62947
9.01209 	-2.61649
9.01449 	-2.60356
9.01689 	-2.59066
9.01929 	-2.5778
9.02168 	-2.56499
9.02408 	-2.55221
9.02648 	-2.53948
9.02888 	-2.52678
9.03128 	-2.51413
9.03367 	-2.50151
9.03607 	-2.48894
9.03847 	-2.4764
9.04087 	-2.4639
9.04327 	-2.45145
9.04566 	-2.43903
9.04806 	-2.42665
9.05046 	-2.41431
9.05286 	-2.40202
9.05526 	-2.38976
9.05765 	-2.37753
9.06005 	-2.36535
9.06245 	-2.35321
9.06485 	-2.3411
9.06725 	-2.32904
9.06964 	-2.31701
9.07204 	-2.30502
9.07444 	-2.29307
9.07684 	-2.28116
9.07924 	-2.26928
9.08163 	-2.25745
9.08403 	-2.24565
9.08643 	-2.23389
9.08883 	-2.22217
9.09123 	-2.21048
9.09362 	-2.19883
9.09602 	-2.18722
9.09842 	-2.17565
9.10082 	-2.16412
9.10322 	-2.15262
9.10561 	-2.14116
9.10801 	-2.12973
9.11041 	-2.11835
9.11281 	-2.107
9.11521 	-2.09568
9.1176 	-2.08441
9.12 	-2.07317
9.1224 	-2.06196
9.1248 	-2.0508
9.1272 	-2.03967
9.12959 	-2.02857
9.13199 	-2.01751
9.13439 	-2.00649
9.13679 	-1.9955
9.13919 	-1.98455
9.14158 	-1.97364
9.14398 	-1.96276
9.14638 	-1.95191
9.14878 	-1.94111
9.15118 	-1.93033
9.15357 	-1.9196
9.15597 	-1.90889
9.15837 	-1.89823
9.16077 	-1.88759
9.16317 	-1.877
9.16556 	-1.86643
9.16796 	-1.85591
9.17036 	-1.84541
9.17276 	-1.83495
9.17516 	-1.82453
9.17755 	-1.81414
9.17995 	-1.80378
9.18235 	-1.79346
9.18475 	-1.78318
9.18715 	-1.77292
9.18954 	-1.7627
9.19194 	-1.75252
9.19434 	-1.74237
9.19674 	-1.73225
9.19914 	-1.72216
9.20153 	-1.71211
9.20393 	-1.7021
9.20633 	-1.69211
9.20873 	-1.68216
9.21113 	-1.67224
9.21352 	-1.66236
9.21592 	-1.65251
9.21832 	-1.64269
9.22072 	-1.6329
9.22312 	-1.62315
9.22551 	-1.61343
9.22791 	-1.60374
9.23031 	-1.59408
9.23271 	-1.58446
9.23511 	-1.57487
9.2375 	-1.56531
9.2399 	-1.55578
9.2423 	-1.54629
9.2447 	-1.53683
9.2471 	-1.52739
9.24949 	-1.51799
9.25189 	-1.50863
9.25429 	-1.49929
9.25669 	-1.48999
9.25909 	-1.48071
9.26148 	-1.47147
9.26388 	-1.46226
9.26628 	-1.45308
9.26868 	-1.44393
9.27108 	-1.43481
9.27347 	-1.42573
9.27587 	-1.41667
9.27827 	-1.40764
9.28067 	-1.39865
9.28307 	-1.38969
9.28546 	-1.38075
9.28786 	-1.37185
9.29026 	-1.36298
9.29266 	-1.35413
9.29506 	-1.34532
9.29745 	-1.33654
9.29985 	-1.32778
9.30225 	-1.31906
9.30465 	-1.31037
9.30705 	-1.30171
9.30944 	-1.29307
9.31184 	-1.28447
9.31424 	-1.27589
9.31664 	-1.26735
9.31904 	-1.25883
9.32143 	-1.25034
9.32383 	-1.24189
9.32623 	-1.23346
9.32863 	-1.22506
9.33103 	-1.21669
9.33342 	-1.20835
9.33582 	-1.20003
9.33822 	-1.19175
9.34062 	-1.18349
9.34302 	-1.17526
9.34541 	-1.16706
9.34781 	-1.15889
9.35021 	-1.15075
9.35261 	-1.14264
9.35501 	-1.13455
9.3574 	-1.12649
9.3598 	-1.11846
9.3622 	-1.11046
9.3646 	-1.10248
9.367 	-1.09453
9.36939 	-1.08661
9.37179 	-1.07872
9.37419 	-1.07086
9.37659 	-1.06302
9.37899 	-1.05521
9.38138 	-1.04743
9.38378 	-1.03967
9.38618 	-1.03194
9.38858 	-1.02424
9.39098 	-1.01656
9.39337 	-1.00891
9.39577 	-1.00129
9.39817 	-0.993698
9.40057 	-0.986129
9.40297 	-0.978587
9.40536 	-0.971072
9.40776 	-0.963583
9.41016 	-0.95612
9.41256 	-0.948683
9.41496 	-0.941272
9.41735 	-0.933888
9.41975 	-0.926529
9.42215 	-0.919196
9.42455 	-0.911889
9.42695 	-0.904608
9.42934 	-0.897352
9.43174 	-0.890122
9.43414 	-0.882917
9.43654 	-0.875738
9.43894 	-0.868584
9.44133 	-0.861456
9.44373 	-0.854352
9.44613 	-0.847274
9.44853 	-0.840221
9.45093 	-0.833193
9.45332 	-0.826189
9.45572 	-0.819211
9.45812 	-0.812257
9.46052 	-0.805328
9.46292 	-0.798423
9.46531 	-0.791543
9.46771 	-0.784688
9.47011 	-0.777857
9.47251 	-0.77105
9.47491 	-0.764267
9.4773 	-0.757509
9.4797 	-0.750775
9.4821 	-0.744064
9.4845 	-0.737378
9.4869 	-0.730715
9.48929 	-0.724077
9.49169 	-0.717462
9.49409 	-0.71087
9.49649 	-0.704303
9.49889 	-0.697759
9.50128 	-0.691238
9.50368 	-0.68474
9.50608 	-0.678266
9.50848 	-0.671815
9.51088 	-0.665388
9.51327 	-0.658983
9.51567 	-0.652602
9.51807 	-0.646243
9.52047 	-0.639907
9.52287 	-0.633594
9.52526 	-0.627304
9.52766 	-0.621037
9.53006 	-0.614792
9.53246 	-0.608569
9.53486 	-0.602369
9.53725 	-0.596192
9.53965 	-0.590037
9.54205 	-0.583904
9.54445 	-0.577793
9.54685 	-0.571704
9.54924 	-0.565638
9.55164 	-0.559593
9.55404 	-0.553571
9.55644 	-0.54757
9.55884 	-0.541591
9.56123 	-0.535633
9.56363 	-0.529698
9.56603 	-0.523784
9.56843 	-0.517891
9.57083 	-0.51202
9.57322 	-0.50617
9.57562 	-0.500342
9.57802 	-0.494535
9.58042 	-0.488749
9.58282 	-0.482984
9.58521 	-0.47724
9.58761 	-0.471518
9.59001 	-0.465816
9.59241 	-0.460135
9.59481 	-0.454475
9.5972 	-0.448835
9.5996 	-0.443216
9.602 	-0.437618
9.6044 	-0.43204
9.6068 	-0.426483
9.60919 	-0.420946
9.61159 	-0.41543
9.61399 	-0.409934
9.61639 	-0.404458
9.61879 	-0.399002
9.62118 	-0.393566
9.62358 	-0.388151
9.62598 	-0.382755
9.62838 	-0.377379
9.63078 	-0.372023
9.63317 	-0.366687
9.63557 	-0.361371
9.63797 	-0.356074
9.64037 	-0.350797
9.64277 	-0.345539
9.64516 	-0.340301
9.64756 	-0.335082
9.64996 	-0.329882
9.65236 	-0.324702
9.65476 	-0.319541
9.65715 	-0.3144
9.65955 	-0.309277
9.66195 	-0.304173
9.66435 	-0.299088
9.66675 	-0.294023
9.66914 	-0.288976
9.67154 	-0.283948
9.67394 	-0.278938
9.67634 	-0.273948
9.67874 	-0.268976
9.68113 	-0.264022
9.68353 	-0.259087
9.68593 	-0.254171
9.68833 	-0.249272
9.69073 	-0.244392
9.69312 	-0.239531
9.69552 	-0.234688
9.69792 	-0.229862
9.70032 	-0.225055
9.70272 	-0.220266
9.70511 	-0.215495
9.70751 	-0.210742
9.70991 	-0.206006
9.71231 	-0.201289
9.71471 	-0.196589
9.7171 	-0.191907
9.7195 	-0.187242
9.7219 	-0.182596
9.7243 	-0.177966
9.7267 	-0.173354
9.72909 	-0.16876
9.73149 	-0.164183
9.73389 	-0.159623
9.73629 	-0.15508
9.73869 	-0.150555
9.74108 	-0.146046
9.74348 	-0.141555
9.74588 	-0.137081
9.74828 	-0.132624
9.75068 	-0.128183
9.75307 	-0.12376
9.75547 	-0.119353
9.75787 	-0.114963
9.76027 	-0.11059
9.76267 	-0.106233
9.76506 	-0.101893
9.76746 	-0.0975695
9.76986 	-0.0932625
9.77226 	-0.0889718
9.77466 	-0.0846975
9.77705 	-0.0804395
9.77945 	-0.0761978
9.78185 	-0.0719723
9.78425 	-0.0677629
9.78665 	-0.0635696
9.78904 	-0.0593924
9.79144 	-0.0552312
9.79384 	-0.0510859
9.79624 	-0.0469565
9.79864 	-0.042843
9.80103 	-0.0387452
9.80343 	-0.0346631
9.80583 	-0.0305968
9.80823 	-0.0265461
9.81063 	-0.0225109
9.81302 	-0.0184913
9.81542 	-0.0144872
9.81782 	-0.0104984
9.82022 	-0.00652509
9.82262 	-0.00256708
9.82501 	0.00137566
9.82741 	0.00530318
9.82981 	0.00921552
9.83221 	0.0131127
9.83461 	0.0169949
9.837 	0.020862
9.8394 	0.0247142
9.8418 	0.0285514
9.8442 	0.0323737
9.8466 	0.0361813
9.84899 	0.039974
9.85139 	0.043752
9.85379 	0.0475153
9.85619 	0.0512641
9.85859 	0.0549982
9.86098 	0.0587178
9.86338 	0.0624229
9.86578 	0.0661135
9.86818 	0.0697898
9.87058 	0.0734517
9.87297 	0.0770994
9.87537 	0.0807328
9.87777 	0.084352
9.88017 	0.087957
9.88257 	0.091548
9.88496 	0.0951248
9.88736 	0.0986877
9.88976 	0.102237
9.89216 	0.105772
9.89456 	0.109293
9.89695 	0.1128
9.89935 	0.116294
9.90175 	0.119773
9.90415 	0.123239
9.90655 	0.126692
9.90894 	0.130131
9.91134 	0.133556
9.91374 	0.136968
9.91614 	0.140366
9.91854 	0.143751
9.92093 	0.147123
9.92333 	0.150481
9.92573 	0.153826
9.92813 	0.157158
9.93053 	0.160476
9.93292 	0.163782
9.93532 	0.167074
9.93772 	0.170353
9.94012 	0.173619
9.94252 	0.176873
9.94491 	0.180113
9.94731 	0.18334
9.94971 	0.186555
9.95211 	0.189757
9.95451 	0.192946
9.9569 	0.196122
9.9593 	0.199286
9.9617 	0.202437
9.9641 	0.205576
9.9665 	0.208701
9.96889 	0.211815
9.97129 	0.214916
9.97369 	0.218005
9.97609 	0.221081
9.97849 	0.224145
9.98088 	0.227196
9.98328 	0.230236
9.98568 	0.233263
9.98808 	0.236278
9.99048 	0.239281
9.99287 	0.242272
9.99527 	0.24525
9.99767 	0.248217
10.0001 	0.251172
10.0025 	0.254115
10.0049 	0.257046
10.0073 	0.259965
10.0097 	0.262872
10.0121 	0.265768
10.0145 	0.268652
10.0169 	0.271524
10.0193 	0.274385
10.0216 	0.277234
10.024 	0.280071
10.0264 	0.282897
10.0288 	0.285712
10.0312 	0.288515
10.0336 	0.291307
10.036 	0.294087
10.0384 	0.296856
10.0408 	0.299614
10.0432 	0.30236
10.0456 	0.305096
10.048 	0.30782
10.0504 	0.310533
10.0528 	0.313235
10.0552 	0.315925
10.0576 	0.318605
10.06 	0.321274
10.0624 	0.323932
10.0648 	0.326579
10.0672 	0.329215
10.0696 	0.331841
10.072 	0.334455
10.0744 	0.337059
10.0768 	0.339652
10.0792 	0.342234
10.0816 	0.344806
10.084 	0.347367
10.0864 	0.349918
10.0888 	0.352458
10.0912 	0.354988
10.0936 	0.357507
10.096 	0.360016
10.0984 	0.362514
10.1008 	0.365002
10.1032 	0.36748
10.1056 	0.369947
10.108 	0.372404
10.1104 	0.374851
10.1128 	0.377288
10.1152 	0.379715
10.1176 	0.382131
10.12 	0.384538
10.1224 	0.386934
10.1248 	0.389321
10.1272 	0.391697
10.1296 	0.394064
10.132 	0.39642
10.1344 	0.398767
10.1368 	0.401104
10.1392 	0.403431
10.1416 	0.405749
10.1439 	0.408057
10.1463 	0.410355
10.1487 	0.412643
10.1511 	0.414922
10.1535 	0.417191
10.1559 	0.419451
10.1583 	0.421701
10.1607 	0.423941
10.1631 	0.426173
10.1655 	0.428394
10.1679 	0.430607
10.1703 	0.43281
10.1727 	0.435003
10.1751 	0.437188
10.1775 	0.439363
10.1799 	0.441529
10.1823 	0.443686
10.1847 	0.445833
10.1871 	0.447972
10.1895 	0.450101
10.1919 	0.452221
10.1943 	0.454333
10.1967 	0.456435
10.1991 	0.458528
10.2015 	0.460613
10.2039 	0.462688
10.2063 	0.464755
10.2087 	0.466812
10.2111 	0.468861
10.2135 	0.470901
10.2159 	0.472933
10.2183 	0.474956
10.2207 	0.476969
10.2231 	0.478975
10.2255 	0.480972
10.2279 	0.48296
10.2303 	0.484939
10.2327 	0.48691
10.2351 	0.488873
10.2375 	0.490827
10.2399 	0.492772
10.2423 	0.494709
10.2447 	0.496638
10.2471 	0.498558
10.2495 	0.500471
10.2519 	0.502374
10.2543 	0.50427
10.2567 	0.506157
10.2591 	0.508036
10.2614 	0.509907
10.2638 	0.51177
10.2662 	0.513624
10.2686 	0.515471
10.271 	0.517309
10.2734 	0.51914
10.2758 	0.520962
10.2782 	0.522776
10.2806 	0.524583
10.283 	0.526381
10.2854 	0.528172
10.2878 	0.529955
10.2902 	0.53173
10.2926 	0.533497
10.295 	0.535256
10.2974 	0.537007
10.2998 	0.538751
10.3022 	0.540487
10.3046 	0.542216
10.307 	0.543937
10.3094 	0.54565
10.3118 	0.547355
10.3142 	0.549053
10.3166 	0.550744
10.319 	0.552427
10.3214 	0.554102
10.3238 	0.55577
10.3262 	0.557431
10.3286 	0.559084
10.331 	0.56073
10.3334 	0.562368
10.3358 	0.563999
10.3382 	0.565623
10.3406 	0.56724
10.343 	0.568849
10.3454 	0.570451
10.3478 	0.572046
10.3502 	0.573633
10.3526 	0.575214
10.355 	0.576787
10.3574 	0.578354
10.3598 	0.579913
10.3622 	0.581465
10.3646 	0.58301
10.367 	0.584548
10.3694 	0.58608
10.3718 	0.587604
10.3742 	0.589121
10.3766 	0.590632
10.379 	0.592135
10.3813 	0.593632
10.3837 	0.595122
10.3861 	0.596605
10.3885 	0.598081
10.3909 	0.599551
10.3933 	0.601014
10.3957 	0.60247
10.3981 	0.60392
10.4005 	0.605362
10.4029 	0.606799
10.4053 	0.608228
10.4077 	0.609651
10.4101 	0.611068
10.4125 	0.612478
10.4149 	0.613881
10.4173 	0.615278
10.4197 	0.616669
10.4221 	0.618053
10.4245 	0.61943
10.4269 	0.620802
10.4293 	0.622166
10.4317 	0.623525
10.4341 	0.624877
10.4365 	0.626223
10.4389 	0.627563
10.4413 	0.628896
10.4437 	0.630223
10.4461 	0.631544
10.4485 	0.632859
10.4509 	0.634168
10.4533 	0.63547
10.4557 	0.636766
10.4581 	0.638057
10.4605 	0.639341
10.4629 	0.640619
10.4653 	0.641891
10.4677 	0.643157
10.4701 	0.644417
10.4725 	0.645671
10.4749 	0.646919
10.4773 	0.648161
10.4797 	0.649398
10.4821 	0.650628
10.4845 	0.651853
10.4869 	0.653072
10.4893 	0.654285
10.4917 	0.655492
10.4941 	0.656693
10.4965 	0.657889
10.4989 	0.659078
10.5013 	0.660263
10.5036 	0.661441
10.506 	0.662614
10.5084 	0.663781
10.5108 	0.664943
10.5132 	0.666099
10.5156 	0.667249
10.518 	0.668394
10.5204 	0.669533
10.5228 	0.670666
10.5252 	0.671795
10.5276 	0.672917
10.53 	0.674035
10.5324 	0.675146
10.5348 	0.676253
10.5372 	0.677354
10.5396 	0.678449
10.542 	0.679539
10.5444 	0.680624
10.5468 	0.681704
10.5492 	0.682778
10.5516 	0.683847
10.554 	0.68491
10.5564 	0.685969
10.5588 	0.687022
10.5612 	0.68807
10.5636 	0.689113
10.566 	0.69015
10.5684 	0.691183
10.5708 	0.69221
10.5732 	0.693232
10.5756 	0.694249
10.578 	0.695261
10.5804 	0.696268
10.5828 	0.69727
10.5852 	0.698267
10.5876 	0.699259
10.59 	0.700246
10.5924 	0.701228
10.5948 	0.702204
10.5972 	0.703177
10.5996 	0.704144
10.602 	0.705106
10.6044 	0.706063
10.6068 	0.707016
10.6092 	0.707963
10.6116 	0.708906
10.614 	0.709844
10.6164 	0.710777
10.6188 	0.711706
10.6212 	0.712629
10.6235 	0.713548
10.6259 	0.714462
10.6283 	0.715372
10.6307 	0.716277
10.6331 	0.717177
10.6355 	0.718073
10.6379 	0.718963
10.6403 	0.71985
10.6427 	0.720731
10.6451 	0.721608
10.6475 	0.722481
10.6499 	0.723349
10.6523 	0.724212
10.6547 	0.725071
10.6571 	0.725926
10.6595 	0.726776
10.6619 	0.727621
10.6643 	0.728462
10.6667 	0.729299
10.6691 	0.730131
10.6715 	0.730959
10.6739 	0.731782
10.6763 	0.732601
10.6787 	0.733416
10.6811 	0.734226
10.6835 	0.735033
10.6859 	0.735834
10.6883 	0.736632
10.6907 	0.737425
10.6931 	0.738214
10.6955 	0.738999
10.6979 	0.739779
10.7003 	0.740555
10.7027 	0.741328
10.7051 	0.742095
10.7075 	0.742859
10.7099 	0.743619
10.7123 	0.744374
10.7147 	0.745126
10.7171 	0.745873
10.7195 	0.746616
10.7219 	0.747355
10.7243 	0.74809
10.7267 	0.748821
10.7291 	0.749548
10.7315 	0.750271
10.7339 	0.75099
10.7363 	0.751706
10.7387 	0.752417
10.741 	0.753124
10.7434 	0.753827
10.7458 	0.754526
10.7482 	0.755222
10.7506 	0.755913
10.753 	0.756601
10.7554 	0.757285
10.7578 	0.757964
10.7602 	0.758641
10.7626 	0.759313
10.765 	0.759981
10.7674 	0.760646
10.7698 	0.761307
10.7722 	0.761964
10.7746 	0.762618
10.777 	0.763267
10.7794 	0.763913
10.7818 	0.764555
10.7842 	0.765194
10.7866 	0.765829
10.789 	0.76646
10.7914 	0.767088
10.7938 	0.767712
10.7962 	0.768332
10.7986 	0.768949
10.801 	0.769562
10.8034 	0.770171
10.8058 	0.770777
10.8082 	0.77138
10.8106 	0.771979
10.813 	0.772574
10.8154 	0.773166
10.8178 	0.773754
10.8202 	0.774339
10.8226 	0.774921
10.825 	0.775499
10.8274 	0.776073
10.8298 	0.776644
10.8322 	0.777212
10.8346 	0.777776
10.837 	0.778337
10.8394 	0.778894
10.8418 	0.779448
10.8442 	0.779999
10.8466 	0.780547
10.849 	0.781091
10.8514 	0.781631
10.8538 	0.782169
10.8562 	0.782703
10.8586 	0.783234
10.8609 	0.783761
10.8633 	0.784286
10.8657 	0.784807
10.8681 	0.785325
10.8705 	0.785839
10.8729 	0.786351
10.8753 	0.786859
10.8777 	0.787364
10.8801 	0.787866
10.8825 	0.788365
10.8849 	0.78886
10.8873 	0.789353
10.8897 	0.789842
10.8921 	0.790328
10.8945 	0.790812
10.8969 	0.791292
10.8993 	0.791769
10.9017 	0.792242
10.9041 	0.792713
10.9065 	0.793181
10.9089 	0.793646
10.9113 	0.794108
10.9137 	0.794566
10.9161 	0.795022
10.9185 	0.795475
10.9209 	0.795925
10.9233 	0.796372
10.9257 	0.796815
10.9281 	0.797256
10.9305 	0.797694
10.9329 	0.79813
10.9353 	0.798562
10.9377 	0.798991
10.9401 	0.799418
10.9425 	0.799841
10.9449 	0.800262
10.9473 	0.80068
10.9497 	0.801095
10.9521 	0.801507
10.9545 	0.801916
10.9569 	0.802323
10.9593 	0.802727
10.9617 	0.803128
10.9641 	0.803526
10.9665 	0.803921
10.9689 	0.804314
10.9713 	0.804704
10.9737 	0.805091
10.9761 	0.805476
10.9785 	0.805858
10.9809 	0.806237
10.9832 	0.806613
10.9856 	0.806987
10.988 	0.807358
10.9904 	0.807727
10.9928 	0.808092
10.9952 	0.808455
10.9976 	0.808816
11 	0.809174
11.0024 	0.809529
11.0048 	0.809882
11.0072 	0.810232
11.0096 	0.810579
11.012 	0.810924
11.0144 	0.811267
11.0168 	0.811607
11.0192 	0.811944
11.0216 	0.812279
11.024 	0.812611
11.0264 	0.812941
11.0288 	0.813268
11.0312 	0.813593
11.0336 	0.813915
11.036 	0.814235
11.0384 	0.814552
11.0408 	0.814867
11.0432 	0.81518
11.0456 	0.81549
11.048 	0.815798
11.0504 	0.816103
11.0528 	0.816406
11.0552 	0.816706
11.0576 	0.817004
11.06 	0.8173
11.0624 	0.817593
11.0648 	0.817884
11.0672 	0.818172
11.0696 	0.818459
11.072 	0.818743
11.0744 	0.819024
11.0768 	0.819304
11.0792 	0.819581
11.0816 	0.819855
11.084 	0.820128
11.0864 	0.820398
11.0888 	0.820666
11.0912 	0.820931
11.0936 	0.821195
11.096 	0.821456
11.0984 	0.821715
11.1007 	0.821971
11.1031 	0.822226
11.1055 	0.822478
11.1079 	0.822728
11.1103 	0.822976
11.1127 	0.823222
11.1151 	0.823465
11.1175 	0.823707
11.1199 	0.823946
11.1223 	0.824183
11.1247 	0.824418
11.1271 	0.824651
11.1295 	0.824881
11.1319 	0.82511
11.1343 	0.825336
11.1367 	0.825561
11.1391 	0.825783
11.1415 	0.826003
11.1439 	0.826221
11.1463 	0.826437
11.1487 	0.826651
11.1511 	0.826863
11.1535 	0.827073
11.1559 	0.827281
11.1583 	0.827487
11.1607 	0.827691
11.1631 	0.827893
11.1655 	0.828093
11.1679 	0.82829
11.1703 	0.828486
11.1727 	0.82868
11.1751 	0.828872
11.1775 	0.829062
11.1799 	0.82925
11.1823 	0.829436
11.1847 	0.82962
11.1871 	0.829803
11.1895 	0.829983
11.1919 	0.830161
11.1943 	0.830338
11.1967 	0.830512
11.1991 	0.830685
11.2015 	0.830856
11.2039 	0.831025
11.2063 	0.831192
11.2087 	0.831357
11.2111 	0.831521
11.2135 	0.831682
11.2159 	0.831842
11.2183 	0.832
11.2206 	0.832156
11.223 	0.83231
11.2254 	0.832462
11.2278 	0.832613
11.2302 	0.832762
11.2326 	0.832909
11.235 	0.833054
11.2374 	0.833197
11.2398 	0.833339
11.2422 	0.833479
11.2446 	0.833617
11.247 	0.833753
11.2494 	0.833888
11.2518 	0.834021
11.2542 	0.834152
11.2566 	0.834282
11.259 	0.83441
11.2614 	0.834536
11.2638 	0.83466
11.2662 	0.834783
11.2686 	0.834904
11.271 	0.835023
11.2734 	0.835141
11.2758 	0.835257
11.2782 	0.835371
11.2806 	0.835484
11.283 	0.835595
11.2854 	0.835705
11.2878 	0.835812
11.2902 	0.835919
11.2926 	0.836023
11.295 	0.836126
11.2974 	0.836227
11.2998 	0.836327
11.3022 	0.836425
11.3046 	0.836522
11.307 	0.836617
11.3094 	0.83671
11.3118 	0.836802
11.3142 	0.836892
11.3166 	0.836981
11.319 	0.837068
11.3214 	0.837154
11.3238 	0.837238
11.3262 	0.837321
11.3286 	0.837402
11.331 	0.837481
11.3334 	0.83756
11.3358 	0.837636
11.3382 	0.837711
11.3406 	0.837785
11.3429 	0.837857
11.3453 	0.837927
11.3477 	0.837996
11.3501 	0.838064
11.3525 	0.83813
11.3549 	0.838195
11.3573 	0.838258
11.3597 	0.83832
11.3621 	0.838381
11.3645 	0.83844
11.3669 	0.838497
11.3693 	0.838553
11.3717 	0.838608
11.3741 	0.838661
11.3765 	0.838713
11.3789 	0.838764
11.3813 	0.838813
11.3837 	0.838861
11.3861 	0.838907
11.3885 	0.838952
11.3909 	0.838996
11.3933 	0.839038
11.3957 	0.839079
11.3981 	0.839118
11.4005 	0.839156
11.4029 	0.839193
11.4053 	0.839229
11.4077 	0.839263
11.4101 	0.839296
11.4125 	0.839327
11.4149 	0.839358
11.4173 	0.839387
11.4197 	0.839414
11.4221 	0.839441
11.4245 	0.839466
11.4269 	0.839489
11.4293 	0.839512
11.4317 	0.839533
11.4341 	0.839553
11.4365 	0.839572
11.4389 	0.839589
11.4413 	0.839605
11.4437 	0.83962
11.4461 	0.839634
11.4485 	0.839646
11.4509 	0.839657
11.4533 	0.839667
11.4557 	0.839676
11.4581 	0.839683
11.4604 	0.83969
11.4628 	0.839695
11.4652 	0.839699
11.4676 	0.839701
11.47 	0.839703
11.4724 	0.839703
11.4748 	0.839702
11.4772 	0.8397
11.4796 	0.839697
11.482 	0.839692
11.4844 	0.839687
11.4868 	0.83968
11.4892 	0.839672
11.4916 	0.839663
11.494 	0.839653
11.4964 	0.839642
11.4988 	0.839629
11.5012 	0.839616
11.5036 	0.839601
11.506 	0.839585
11.5084 	0.839568
11.5108 	0.83955
11.5132 	0.839531
11.5156 	0.839511
11.518 	0.839489
11.5204 	0.839467
11.5228 	0.839443
11.5252 	0.839419
11.5276 	0.839393
11.53 	0.839366
11.5324 	0.839338
11.5348 	0.839309
11.5372 	0.839279
11.5396 	0.839248
11.542 	0.839216
11.5444 	0.839183
11.5468 	0.839149
11.5492 	0.839114
11.5516 	0.839077
11.554 	0.83904
11.5564 	0.839002
11.5588 	0.838962
11.5612 	0.838922
11.5636 	0.838881
11.566 	0.838838
11.5684 	0.838795
11.5708 	0.838751
11.5732 	0.838705
11.5756 	0.838659
11.578 	0.838612
11.5803 	0.838563
11.5827 	0.838514
11.5851 	0.838464
11.5875 	0.838412
11.5899 	0.83836
11.5923 	0.838307
11.5947 	0.838253
11.5971 	0.838198
11.5995 	0.838142
11.6019 	0.838085
11.6043 	0.838027
11.6067 	0.837968
11.6091 	0.837908
11.6115 	0.837847
11.6139 	0.837786
11.6163 	0.837723
11.6187 	0.837659
11.6211 	0.837595
11.6235 	0.83753
11.6259 	0.837464
11.6283 	0.837396
11.6307 	0.837328
11.6331 	0.837259
11.6355 	0.83719
11.6379 	0.837119
11.6403 	0.837047
11.6427 	0.836975
11.6451 	0.836902
11.6475 	0.836827
11.6499 	0.836752
11.6523 	0.836676
11.6547 	0.8366
11.6571 	0.836522
11.6595 	0.836443
11.6619 	0.836364
11.6643 	0.836284
11.6667 	0.836203
11.6691 	0.836121
11.6715 	0.836038
11.6739 	0.835955
11.6763 	0.83587
11.6787 	0.835785
11.6811 	0.835699
11.6835 	0.835612
11.6859 	0.835525
11.6883 	0.835436
11.6907 	0.835347
11.6931 	0.835257
11.6955 	0.835166
11.6979 	0.835074
11.7003 	0.834982
11.7026 	0.834889
11.705 	0.834795
11.7074 	0.8347
11.7098 	0.834604
11.7122 	0.834508
11.7146 	0.834411
11.717 	0.834313
11.7194 	0.834214
11.7218 	0.834115
11.7242 	0.834015
11.7266 	0.833914
11.729 	0.833812
11.7314 	0.83371
11.7338 	0.833607
11.7362 	0.833503
11.7386 	0.833398
11.741 	0.833293
11.7434 	0.833187
11.7458 	0.83308
11.7482 	0.832972
11.7506 	0.832864
11.753 	0.832755
11.7554 	0.832645
11.7578 	0.832535
11.7602 	0.832424
11.7626 	0.832312
11.765 	0.8322
11.7674 	0.832086
11.7698 	0.831972
11.7722 	0.831858
11.7746 	0.831743
11.777 	0.831627
11.7794 	0.83151
11.7818 	0.831393
11.7842 	0.831275
11.7866 	0.831156
11.789 	0.831036
11.7914 	0.830916
11.7938 	0.830796
11.7962 	0.830674
11.7986 	0.830552
11.801 	0.83043
11.8034 	0.830306
11.8058 	0.830182
11.8082 	0.830058
11.8106 	0.829933
11.813 	0.829807
11.8154 	0.82968
11.8178 	0.829553
11.8201 	0.829425
11.8225 	0.829297
11.8249 	0.829168
11.8273 	0.829038
11.8297 	0.828908
11.8321 	0.828777
11.8345 	0.828645
11.8369 	0.828513
11.8393 	0.82838
11.8417 	0.828247
11.8441 	0.828113
11.8465 	0.827979
11.8489 	0.827843
11.8513 	0.827708
11.8537 	0.827571
11.8561 	0.827434
11.8585 	0.827297
11.8609 	0.827159
11.8633 	0.82702
11.8657 	0.826881
11.8681 	0.826741
11.8705 	0.826601
11.8729 	0.82646
11.8753 	0.826318
11.8777 	0.826176
11.8801 	0.826033
11.8825 	0.82589
11.8849 	0.825746
11.8873 	0.825602
11.8897 	0.825457
11.8921 	0.825312
11.8945 	0.825166
11.8969 	0.825019
11.8993 	0.824872
11.9017 	0.824724
11.9041 	0.824576
11.9065 	0.824428
11.9089 	0.824278
11.9113 	0.824129
11.9137 	0.823978
11.9161 	0.823827
11.9185 	0.823676
11.9209 	0.823524
11.9233 	0.823372
11.9257 	0.823219
11.9281 	0.823066
11.9305 	0.822912
11.9329 	0.822757
11.9353 	0.822602
11.9377 	0.822447
11.94 	0.822291
11.9424 	0.822135
11.9448 	0.821978
11.9472 	0.821821
11.9496 	0.821663
11.952 	0.821504
11.9544 	0.821345
11.9568 	0.821186
11.9592 	0.821026
11.9616 	0.820866
11.964 	0.820705
11.9664 	0.820544
11.9688 	0.820382
11.9712 	0.82022
11.9736 	0.820057
11.976 	0.819894
11.9784 	0.819731
11.9808 	0.819567
11.9832 	0.819402
11.9856 	0.819237
11.988 	0.819072
11.9904 	0.818906
11.9928 	0.81874
11.9952 	0.818573
11.9976 	0.818406
