# Mass = 0.0479598 Mev*(hbarc)^2/2 
# R = 7.46549 fm 
# a = 0.662 fm 
# V0 = 59.5769 MeV 
# RSO = 6.87299 fm 
# aSO = 0.662 fm 
# VSO = 28.0171 MeV fm^2
# l = 2 
# two_j = 3 
# two_t = 1 
# Energy = -24.9351 MeV
# r 	 V_eff [2m/hbar/hbar]
0.01 	1.25101e+06
0.012398 	813863
0.014796 	571423
0.017194 	423139
0.019592 	325888
0.02199 	258680
0.024388 	210304
0.026786 	174328
0.029184 	146851
0.031582 	125392
0.03398 	108313
0.036378 	94499.6
0.038776 	83168.5
0.041174 	73759
0.043572 	65859.8
0.04597 	59164.3
0.048368 	53439.7
0.050766 	48507
0.053164 	44226.6
0.055562 	40488.4
0.05796 	37204.5
0.060358 	34304.2
0.062756 	31729.9
0.065154 	29434.6
0.067552 	27379.4
0.06995 	25531.9
0.072348 	23865.1
0.074746 	22356.1
0.077144 	20985.6
0.079542 	19737.2
0.08194 	18596.8
0.084338 	17552.3
0.086736 	16593.2
0.089134 	15710.5
0.091532 	14896.2
0.09393 	14143.5
0.096328 	13446.3
0.098726 	12799.3
0.101124 	12197.8
0.103522 	11637.5
0.10592 	11114.9
0.108318 	10626.7
0.110716 	10169.8
0.113114 	9741.64
0.115512 	9339.89
0.11791 	8962.39
0.120308 	8607.25
0.122706 	8272.72
0.125104 	7957.24
0.127502 	7659.39
0.1299 	7377.89
0.132298 	7111.56
0.134696 	6859.32
0.137094 	6620.2
0.139492 	6393.31
0.14189 	6177.82
0.144288 	5972.99
0.146686 	5778.13
0.149084 	5592.59
0.151482 	5415.79
0.15388 	5247.19
0.156278 	5086.29
0.158676 	4932.64
0.161074 	4785.79
0.163472 	4645.36
0.16587 	4510.97
0.168268 	4382.29
0.170666 	4259
0.173064 	4140.8
0.175462 	4027.41
0.17786 	3918.57
0.180258 	3814.05
0.182656 	3713.62
0.185054 	3617.06
0.187452 	3524.19
0.18985 	3434.82
0.192248 	3348.77
0.194646 	3265.88
0.197044 	3186
0.199442 	3108.98
0.20184 	3034.69
0.204238 	2963
0.206636 	2893.79
0.209034 	2826.96
0.211432 	2762.38
0.21383 	2699.96
0.216228 	2639.61
0.218626 	2581.23
0.221024 	2524.75
0.223422 	2470.07
0.22582 	2417.12
0.228218 	2365.84
0.230616 	2316.14
0.233014 	2267.98
0.235412 	2221.27
0.23781 	2175.98
0.240208 	2132.03
0.242606 	2089.38
0.245004 	2047.97
0.247402 	2007.77
0.2498 	1968.71
0.252198 	1930.77
0.254596 	1893.89
0.256994 	1858.04
0.259392 	1823.18
0.26179 	1789.27
0.264188 	1756.28
0.266586 	1724.18
0.268984 	1692.93
0.271382 	1662.51
0.27378 	1632.88
0.276178 	1604.02
0.278576 	1575.91
0.280974 	1548.51
0.283372 	1521.8
0.28577 	1495.76
0.288168 	1470.37
0.290566 	1445.61
0.292964 	1421.45
0.295362 	1397.88
0.29776 	1374.87
0.300158 	1352.41
0.302556 	1330.49
0.304954 	1309.08
0.307352 	1288.17
0.30975 	1267.74
0.312148 	1247.79
0.314546 	1228.28
0.316944 	1209.22
0.319342 	1190.59
0.32174 	1172.37
0.324138 	1154.55
0.326536 	1137.13
0.328934 	1120.08
0.331332 	1103.41
0.33373 	1087.09
0.336128 	1071.12
0.338526 	1055.49
0.340924 	1040.18
0.343322 	1025.2
0.34572 	1010.53
0.348118 	996.155
0.350516 	982.078
0.352914 	968.287
0.355312 	954.774
0.35771 	941.532
0.360108 	928.554
0.362506 	915.832
0.364904 	903.36
0.367302 	891.132
0.3697 	879.141
0.372098 	867.381
0.374496 	855.846
0.376894 	844.531
0.379292 	833.43
0.38169 	822.537
0.384088 	811.847
0.386486 	801.356
0.388884 	791.059
0.391282 	780.95
0.39368 	771.025
0.396078 	761.28
0.398476 	751.711
0.400874 	742.312
0.403272 	733.081
0.40567 	724.013
0.408068 	715.104
0.410466 	706.351
0.412864 	697.751
0.415262 	689.298
0.41766 	680.991
0.420058 	672.826
0.422456 	664.799
0.424854 	656.908
0.427252 	649.149
0.42965 	641.52
0.432048 	634.018
0.434446 	626.639
0.436844 	619.382
0.439242 	612.243
0.44164 	605.22
0.444038 	598.311
0.446436 	591.512
0.448834 	584.823
0.451232 	578.239
0.45363 	571.76
0.456028 	565.383
0.458426 	559.105
0.460824 	552.926
0.463222 	546.842
0.46562 	540.851
0.468018 	534.953
0.470416 	529.144
0.472814 	523.424
0.475212 	517.79
0.47761 	512.241
0.480008 	506.775
0.482406 	501.39
0.484804 	496.084
0.487202 	490.857
0.4896 	485.706
0.491998 	480.631
0.494396 	475.629
0.496794 	470.7
0.499192 	465.841
0.50159 	461.052
0.503988 	456.331
0.506386 	451.677
0.508784 	447.088
0.511182 	442.564
0.51358 	438.103
0.515978 	433.705
0.518376 	429.367
0.520774 	425.089
0.523172 	420.869
0.52557 	416.708
0.527968 	412.602
0.530366 	408.553
0.532764 	404.558
0.535162 	400.616
0.53756 	396.727
0.539958 	392.89
0.542356 	389.104
0.544754 	385.367
0.547152 	381.68
0.54955 	378.04
0.551948 	374.448
0.554346 	370.903
0.556744 	367.403
0.559142 	363.948
0.56154 	360.537
0.563938 	357.17
0.566336 	353.845
0.568734 	350.563
0.571132 	347.321
0.57353 	344.12
0.575928 	340.959
0.578326 	337.838
0.580724 	334.754
0.583122 	331.709
0.58552 	328.701
0.587918 	325.73
0.590316 	322.795
0.592714 	319.896
0.595112 	317.031
0.59751 	314.201
0.599908 	311.405
0.602306 	308.642
0.604704 	305.912
0.607102 	303.214
0.6095 	300.548
0.611898 	297.913
0.614296 	295.309
0.616694 	292.736
0.619092 	290.192
0.62149 	287.677
0.623888 	285.192
0.626286 	282.735
0.628684 	280.306
0.631082 	277.905
0.63348 	275.531
0.635878 	273.183
0.638276 	270.862
0.640674 	268.567
0.643072 	266.298
0.64547 	264.054
0.647868 	261.835
0.650266 	259.64
0.652664 	257.47
0.655062 	255.323
0.65746 	253.2
0.659858 	251.099
0.662256 	249.022
0.664654 	246.967
0.667052 	244.934
0.66945 	242.923
0.671848 	240.933
0.674246 	238.965
0.676644 	237.017
0.679042 	235.09
0.68144 	233.184
0.683838 	231.297
0.686236 	229.43
0.688634 	227.583
0.691032 	225.755
0.69343 	223.945
0.695828 	222.155
0.698226 	220.382
0.700624 	218.628
0.703022 	216.892
0.70542 	215.174
0.707818 	213.473
0.710216 	211.789
0.712614 	210.122
0.715012 	208.472
0.71741 	206.838
0.719808 	205.221
0.722206 	203.62
0.724604 	202.034
0.727002 	200.464
0.7294 	198.91
0.731798 	197.371
0.734196 	195.847
0.736594 	194.338
0.738992 	192.843
0.74139 	191.363
0.743788 	189.898
0.746186 	188.446
0.748584 	187.008
0.750982 	185.584
0.75338 	184.174
0.755778 	182.777
0.758176 	181.393
0.760574 	180.022
0.762972 	178.665
0.76537 	177.32
0.767768 	175.987
0.770166 	174.667
0.772564 	173.359
0.774962 	172.064
0.77736 	170.78
0.779758 	169.508
0.782156 	168.248
0.784554 	166.999
0.786952 	165.762
0.78935 	164.536
0.791748 	163.321
0.794146 	162.117
0.796544 	160.924
0.798942 	159.741
0.80134 	158.569
0.803738 	157.408
0.806136 	156.257
0.808534 	155.116
0.810932 	153.986
0.81333 	152.865
0.815728 	151.754
0.818126 	150.653
0.820524 	149.562
0.822922 	148.48
0.82532 	147.407
0.827718 	146.344
0.830116 	145.29
0.832514 	144.245
0.834912 	143.209
0.83731 	142.182
0.839708 	141.164
0.842106 	140.154
0.844504 	139.153
0.846902 	138.161
0.8493 	137.177
0.851698 	136.201
0.854096 	135.233
0.856494 	134.274
0.858892 	133.322
0.86129 	132.379
0.863688 	131.443
0.866086 	130.515
0.868484 	129.595
0.870882 	128.682
0.87328 	127.777
0.875678 	126.879
0.878076 	125.988
0.880474 	125.105
0.882872 	124.229
0.88527 	123.36
0.887668 	122.498
0.890066 	121.643
0.892464 	120.795
0.894862 	119.954
0.89726 	119.119
0.899658 	118.292
0.902056 	117.47
0.904454 	116.655
0.906852 	115.847
0.90925 	115.045
0.911648 	114.25
0.914046 	113.46
0.916444 	112.677
0.918842 	111.9
0.92124 	111.129
0.923638 	110.364
0.926036 	109.605
0.928434 	108.852
0.930832 	108.104
0.93323 	107.362
0.935628 	106.626
0.938026 	105.896
0.940424 	105.171
0.942822 	104.452
0.94522 	103.738
0.947618 	103.03
0.950016 	102.327
0.952414 	101.629
0.954812 	100.936
0.95721 	100.249
0.959608 	99.567
0.962006 	98.8899
0.964404 	98.2178
0.966802 	97.5508
0.9692 	96.8886
0.971598 	96.2314
0.973996 	95.579
0.976394 	94.9314
0.978792 	94.2886
0.98119 	93.6504
0.983588 	93.0169
0.985986 	92.388
0.988384 	91.7637
0.990782 	91.1439
0.99318 	90.5286
0.995578 	89.9177
0.997976 	89.3112
1.00037 	88.7091
1.00277 	88.1113
1.00517 	87.5177
1.00757 	86.9284
1.00997 	86.3432
1.01236 	85.7622
1.01476 	85.1853
1.01716 	84.6125
1.01956 	84.0437
1.02196 	83.4789
1.02435 	82.9181
1.02675 	82.3611
1.02915 	81.8081
1.03155 	81.2589
1.03395 	80.7135
1.03634 	80.1719
1.03874 	79.634
1.04114 	79.0999
1.04354 	78.5694
1.04594 	78.0425
1.04833 	77.5193
1.05073 	76.9996
1.05313 	76.4835
1.05553 	75.9708
1.05793 	75.4617
1.06032 	74.956
1.06272 	74.4537
1.06512 	73.9548
1.06752 	73.4592
1.06992 	72.967
1.07231 	72.478
1.07471 	71.9923
1.07711 	71.5099
1.07951 	71.0306
1.08191 	70.5546
1.0843 	70.0816
1.0867 	69.6118
1.0891 	69.1451
1.0915 	68.6815
1.0939 	68.2209
1.09629 	67.7633
1.09869 	67.3087
1.10109 	66.8571
1.10349 	66.4084
1.10589 	65.9626
1.10828 	65.5197
1.11068 	65.0797
1.11308 	64.6424
1.11548 	64.208
1.11788 	63.7764
1.12027 	63.3476
1.12267 	62.9215
1.12507 	62.4981
1.12747 	62.0773
1.12987 	61.6593
1.13226 	61.2439
1.13466 	60.8312
1.13706 	60.421
1.13946 	60.0134
1.14186 	59.6084
1.14425 	59.2059
1.14665 	58.8059
1.14905 	58.4085
1.15145 	58.0135
1.15385 	57.6209
1.15624 	57.2308
1.15864 	56.8431
1.16104 	56.4578
1.16344 	56.0749
1.16584 	55.6943
1.16823 	55.3161
1.17063 	54.9402
1.17303 	54.5665
1.17543 	54.1952
1.17783 	53.8261
1.18022 	53.4592
1.18262 	53.0946
1.18502 	52.7322
1.18742 	52.372
1.18982 	52.0139
1.19221 	51.658
1.19461 	51.3042
1.19701 	50.9526
1.19941 	50.603
1.20181 	50.2555
1.2042 	49.9101
1.2066 	49.5668
1.209 	49.2255
1.2114 	48.8862
1.2138 	48.5489
1.21619 	48.2136
1.21859 	47.8802
1.22099 	47.5489
1.22339 	47.2194
1.22579 	46.8919
1.22818 	46.5663
1.23058 	46.2426
1.23298 	45.9208
1.23538 	45.6008
1.23778 	45.2827
1.24017 	44.9664
1.24257 	44.652
1.24497 	44.3393
1.24737 	44.0285
1.24977 	43.7194
1.25216 	43.4121
1.25456 	43.1066
1.25696 	42.8028
1.25936 	42.5007
1.26176 	42.2004
1.26415 	41.9017
1.26655 	41.6047
1.26895 	41.3094
1.27135 	41.0158
1.27375 	40.7238
1.27614 	40.4335
1.27854 	40.1448
1.28094 	39.8577
1.28334 	39.5722
1.28574 	39.2883
1.28813 	39.0059
1.29053 	38.7252
1.29293 	38.446
1.29533 	38.1683
1.29773 	37.8922
1.30012 	37.6176
1.30252 	37.3445
1.30492 	37.0729
1.30732 	36.8027
1.30972 	36.5341
1.31211 	36.2669
1.31451 	36.0012
1.31691 	35.7369
1.31931 	35.4741
1.32171 	35.2127
1.3241 	34.9526
1.3265 	34.694
1.3289 	34.4368
1.3313 	34.181
1.3337 	33.9265
1.33609 	33.6734
1.33849 	33.4217
1.34089 	33.1713
1.34329 	32.9222
1.34569 	32.6745
1.34808 	32.4281
1.35048 	32.183
1.35288 	31.9391
1.35528 	31.6966
1.35768 	31.4553
1.36007 	31.2153
1.36247 	30.9766
1.36487 	30.7391
1.36727 	30.5029
1.36967 	30.2679
1.37206 	30.0341
1.37446 	29.8016
1.37686 	29.5702
1.37926 	29.3401
1.38166 	29.1111
1.38405 	28.8833
1.38645 	28.6567
1.38885 	28.4313
1.39125 	28.207
1.39365 	27.9839
1.39604 	27.7619
1.39844 	27.541
1.40084 	27.3213
1.40324 	27.1027
1.40564 	26.8852
1.40803 	26.6688
1.41043 	26.4535
1.41283 	26.2393
1.41523 	26.0262
1.41763 	25.8142
1.42002 	25.6032
1.42242 	25.3933
1.42482 	25.1844
1.42722 	24.9766
1.42962 	24.7698
1.43201 	24.5641
1.43441 	24.3593
1.43681 	24.1556
1.43921 	23.9529
1.44161 	23.7513
1.444 	23.5506
1.4464 	23.3509
1.4488 	23.1521
1.4512 	22.9544
1.4536 	22.7576
1.45599 	22.5618
1.45839 	22.367
1.46079 	22.1731
1.46319 	21.9802
1.46559 	21.7882
1.46798 	21.5971
1.47038 	21.407
1.47278 	21.2178
1.47518 	21.0295
1.47758 	20.8421
1.47997 	20.6556
1.48237 	20.47
1.48477 	20.2853
1.48717 	20.1015
1.48957 	19.9186
1.49196 	19.7365
1.49436 	19.5553
1.49676 	19.375
1.49916 	19.1955
1.50156 	19.0169
1.50395 	18.8392
1.50635 	18.6623
1.50875 	18.4862
1.51115 	18.3109
1.51355 	18.1365
1.51594 	17.9629
1.51834 	17.7901
1.52074 	17.6181
1.52314 	17.447
1.52554 	17.2766
1.52793 	17.107
1.53033 	16.9383
1.53273 	16.7703
1.53513 	16.603
1.53753 	16.4366
1.53992 	16.2709
1.54232 	16.106
1.54472 	15.9419
1.54712 	15.7785
1.54952 	15.6159
1.55191 	15.454
1.55431 	15.2928
1.55671 	15.1324
1.55911 	14.9728
1.56151 	14.8138
1.5639 	14.6556
1.5663 	14.4981
1.5687 	14.3413
1.5711 	14.1853
1.5735 	14.0299
1.57589 	13.8752
1.57829 	13.7213
1.58069 	13.568
1.58309 	13.4154
1.58549 	13.2635
1.58788 	13.1123
1.59028 	12.9618
1.59268 	12.8119
1.59508 	12.6627
1.59748 	12.5142
1.59987 	12.3664
1.60227 	12.2191
1.60467 	12.0726
1.60707 	11.9267
1.60947 	11.7814
1.61186 	11.6368
1.61426 	11.4928
1.61666 	11.3495
1.61906 	11.2068
1.62146 	11.0647
1.62385 	10.9232
1.62625 	10.7824
1.62865 	10.6422
1.63105 	10.5026
1.63345 	10.3636
1.63584 	10.2251
1.63824 	10.0873
1.64064 	9.95015
1.64304 	9.81354
1.64544 	9.67752
1.64783 	9.54209
1.65023 	9.40725
1.65263 	9.27298
1.65503 	9.13929
1.65743 	9.00618
1.65982 	8.87364
1.66222 	8.74166
1.66462 	8.61025
1.66702 	8.4794
1.66942 	8.3491
1.67181 	8.21936
1.67421 	8.09018
1.67661 	7.96154
1.67901 	7.83344
1.68141 	7.70589
1.6838 	7.57887
1.6862 	7.45239
1.6886 	7.32645
1.691 	7.20103
1.6934 	7.07614
1.69579 	6.95177
1.69819 	6.82793
1.70059 	6.7046
1.70299 	6.58178
1.70539 	6.45948
1.70778 	6.33769
1.71018 	6.2164
1.71258 	6.09562
1.71498 	5.97533
1.71738 	5.85555
1.71977 	5.73625
1.72217 	5.61746
1.72457 	5.49915
1.72697 	5.38132
1.72937 	5.26398
1.73176 	5.14712
1.73416 	5.03075
1.73656 	4.91484
1.73896 	4.79941
1.74136 	4.68445
1.74375 	4.56996
1.74615 	4.45593
1.74855 	4.34237
1.75095 	4.22927
1.75335 	4.11662
1.75574 	4.00443
1.75814 	3.8927
1.76054 	3.78141
1.76294 	3.67057
1.76534 	3.56018
1.76773 	3.45023
1.77013 	3.34072
1.77253 	3.23165
1.77493 	3.12302
1.77733 	3.01481
1.77972 	2.90704
1.78212 	2.7997
1.78452 	2.69279
1.78692 	2.5863
1.78932 	2.48023
1.79171 	2.37458
1.79411 	2.26935
1.79651 	2.16453
1.79891 	2.06013
1.80131 	1.95614
1.8037 	1.85256
1.8061 	1.74938
1.8085 	1.64661
1.8109 	1.54424
1.8133 	1.44227
1.81569 	1.34069
1.81809 	1.23952
1.82049 	1.13874
1.82289 	1.03834
1.82529 	0.938343
1.82768 	0.838729
1.83008 	0.7395
1.83248 	0.640655
1.83488 	0.542191
1.83728 	0.444107
1.83967 	0.346401
1.84207 	0.24907
1.84447 	0.152112
1.84687 	0.055526
1.84927 	-0.0406904
1.85166 	-0.136539
1.85406 	-0.232022
1.85646 	-0.32714
1.85886 	-0.421897
1.86126 	-0.516293
1.86365 	-0.610332
1.86605 	-0.704013
1.86845 	-0.79734
1.87085 	-0.890314
1.87325 	-0.982937
1.87564 	-1.07521
1.87804 	-1.16714
1.88044 	-1.25872
1.88284 	-1.34996
1.88524 	-1.44085
1.88763 	-1.5314
1.89003 	-1.62162
1.89243 	-1.7115
1.89483 	-1.80104
1.89723 	-1.89025
1.89962 	-1.97913
1.90202 	-2.06768
1.90442 	-2.1559
1.90682 	-2.24379
1.90922 	-2.33136
1.91161 	-2.4186
1.91401 	-2.50552
1.91641 	-2.59212
1.91881 	-2.67841
1.92121 	-2.76437
1.9236 	-2.85002
1.926 	-2.93536
1.9284 	-3.02038
1.9308 	-3.1051
1.9332 	-3.1895
1.93559 	-3.27359
1.93799 	-3.35738
1.94039 	-3.44087
1.94279 	-3.52405
1.94519 	-3.60693
1.94758 	-3.68951
1.94998 	-3.77179
1.95238 	-3.85378
1.95478 	-3.93546
1.95718 	-4.01686
1.95957 	-4.09796
1.96197 	-4.17877
1.96437 	-4.25929
1.96677 	-4.33952
1.96917 	-4.41946
1.97156 	-4.49912
1.97396 	-4.57849
1.97636 	-4.65758
1.97876 	-4.73639
1.98116 	-4.81492
1.98355 	-4.89317
1.98595 	-4.97114
1.98835 	-5.04884
1.99075 	-5.12626
1.99315 	-5.20341
1.99554 	-5.28028
1.99794 	-5.35688
2.00034 	-5.43322
2.00274 	-5.50928
2.00514 	-5.58508
2.00753 	-5.66062
2.00993 	-5.73589
2.01233 	-5.81089
2.01473 	-5.88564
2.01713 	-5.96012
2.01952 	-6.03434
2.02192 	-6.10831
2.02432 	-6.18201
2.02672 	-6.25547
2.02912 	-6.32866
2.03151 	-6.40161
2.03391 	-6.4743
2.03631 	-6.54674
2.03871 	-6.61893
2.04111 	-6.69088
2.0435 	-6.76257
2.0459 	-6.83402
2.0483 	-6.90523
2.0507 	-6.97618
2.0531 	-7.0469
2.05549 	-7.11738
2.05789 	-7.18761
2.06029 	-7.25761
2.06269 	-7.32736
2.06509 	-7.39688
2.06748 	-7.46617
2.06988 	-7.53522
2.07228 	-7.60403
2.07468 	-7.67261
2.07708 	-7.74096
2.07947 	-7.80908
2.08187 	-7.87697
2.08427 	-7.94463
2.08667 	-8.01207
2.08907 	-8.07928
2.09146 	-8.14626
2.09386 	-8.21302
2.09626 	-8.27955
2.09866 	-8.34586
2.10106 	-8.41195
2.10345 	-8.47782
2.10585 	-8.54347
2.10825 	-8.60891
2.11065 	-8.67412
2.11305 	-8.73912
2.11544 	-8.8039
2.11784 	-8.86847
2.12024 	-8.93283
2.12264 	-8.99697
2.12504 	-9.06091
2.12743 	-9.12463
2.12983 	-9.18814
2.13223 	-9.25144
2.13463 	-9.31454
2.13703 	-9.37743
2.13942 	-9.44011
2.14182 	-9.50259
2.14422 	-9.56487
2.14662 	-9.62694
2.14902 	-9.68881
2.15141 	-9.75048
2.15381 	-9.81195
2.15621 	-9.87321
2.15861 	-9.93428
2.16101 	-9.99516
2.1634 	-10.0558
2.1658 	-10.1163
2.1682 	-10.1766
2.1706 	-10.2367
2.173 	-10.2966
2.17539 	-10.3563
2.17779 	-10.4158
2.18019 	-10.4751
2.18259 	-10.5343
2.18499 	-10.5932
2.18738 	-10.652
2.18978 	-10.7105
2.19218 	-10.7689
2.19458 	-10.8271
2.19698 	-10.8851
2.19937 	-10.9429
2.20177 	-11.0006
2.20417 	-11.058
2.20657 	-11.1153
2.20897 	-11.1724
2.21136 	-11.2293
2.21376 	-11.2861
2.21616 	-11.3426
2.21856 	-11.399
2.22096 	-11.4552
2.22335 	-11.5113
2.22575 	-11.5671
2.22815 	-11.6228
2.23055 	-11.6783
2.23295 	-11.7336
2.23534 	-11.7888
2.23774 	-11.8438
2.24014 	-11.8986
2.24254 	-11.9532
2.24494 	-12.0077
2.24733 	-12.062
2.24973 	-12.1162
2.25213 	-12.1701
2.25453 	-12.2239
2.25693 	-12.2776
2.25932 	-12.3311
2.26172 	-12.3844
2.26412 	-12.4375
2.26652 	-12.4905
2.26892 	-12.5433
2.27131 	-12.596
2.27371 	-12.6485
2.27611 	-12.7008
2.27851 	-12.753
2.28091 	-12.805
2.2833 	-12.8569
2.2857 	-12.9086
2.2881 	-12.9601
2.2905 	-13.0115
2.2929 	-13.0627
2.29529 	-13.1138
2.29769 	-13.1647
2.30009 	-13.2155
2.30249 	-13.2661
2.30489 	-13.3166
2.30728 	-13.3669
2.30968 	-13.4171
2.31208 	-13.4671
2.31448 	-13.5169
2.31688 	-13.5666
2.31927 	-13.6162
2.32167 	-13.6656
2.32407 	-13.7149
2.32647 	-13.764
2.32887 	-13.813
2.33126 	-13.8618
2.33366 	-13.9105
2.33606 	-13.959
2.33846 	-14.0074
2.34086 	-14.0557
2.34325 	-14.1038
2.34565 	-14.1518
2.34805 	-14.1996
2.35045 	-14.2473
2.35285 	-14.2948
2.35524 	-14.3422
2.35764 	-14.3895
2.36004 	-14.4366
2.36244 	-14.4836
2.36484 	-14.5304
2.36723 	-14.5771
2.36963 	-14.6237
2.37203 	-14.6702
2.37443 	-14.7165
2.37683 	-14.7626
2.37922 	-14.8087
2.38162 	-14.8546
2.38402 	-14.9003
2.38642 	-14.946
2.38882 	-14.9915
2.39121 	-15.0369
2.39361 	-15.0821
2.39601 	-15.1272
2.39841 	-15.1722
2.40081 	-15.2171
2.4032 	-15.2618
2.4056 	-15.3064
2.408 	-15.3508
2.4104 	-15.3952
2.4128 	-15.4394
2.41519 	-15.4835
2.41759 	-15.5274
2.41999 	-15.5713
2.42239 	-15.615
2.42479 	-15.6586
2.42718 	-15.702
2.42958 	-15.7454
2.43198 	-15.7886
2.43438 	-15.8317
2.43678 	-15.8747
2.43917 	-15.9175
2.44157 	-15.9602
2.44397 	-16.0028
2.44637 	-16.0453
2.44877 	-16.0877
2.45116 	-16.13
2.45356 	-16.1721
2.45596 	-16.2141
2.45836 	-16.256
2.46076 	-16.2978
2.46315 	-16.3394
2.46555 	-16.381
2.46795 	-16.4224
2.47035 	-16.4637
2.47275 	-16.5049
2.47514 	-16.546
2.47754 	-16.587
2.47994 	-16.6278
2.48234 	-16.6686
2.48474 	-16.7092
2.48713 	-16.7497
2.48953 	-16.7901
2.49193 	-16.8304
2.49433 	-16.8706
2.49673 	-16.9107
2.49912 	-16.9506
2.50152 	-16.9905
2.50392 	-17.0302
2.50632 	-17.0699
2.50872 	-17.1094
2.51111 	-17.1488
2.51351 	-17.1881
2.51591 	-17.2273
2.51831 	-17.2664
2.52071 	-17.3054
2.5231 	-17.3443
2.5255 	-17.3831
2.5279 	-17.4218
2.5303 	-17.4603
2.5327 	-17.4988
2.53509 	-17.5372
2.53749 	-17.5754
2.53989 	-17.6136
2.54229 	-17.6516
2.54469 	-17.6896
2.54708 	-17.7274
2.54948 	-17.7652
2.55188 	-17.8028
2.55428 	-17.8403
2.55668 	-17.8778
2.55907 	-17.9151
2.56147 	-17.9524
2.56387 	-17.9895
2.56627 	-18.0266
2.56867 	-18.0635
2.57106 	-18.1003
2.57346 	-18.1371
2.57586 	-18.1737
2.57826 	-18.2103
2.58066 	-18.2468
2.58305 	-18.2831
2.58545 	-18.3194
2.58785 	-18.3555
2.59025 	-18.3916
2.59265 	-18.4276
2.59504 	-18.4635
2.59744 	-18.4993
2.59984 	-18.535
2.60224 	-18.5706
2.60464 	-18.6061
2.60703 	-18.6415
2.60943 	-18.6768
2.61183 	-18.712
2.61423 	-18.7472
2.61663 	-18.7822
2.61902 	-18.8172
2.62142 	-18.852
2.62382 	-18.8868
2.62622 	-18.9215
2.62862 	-18.9561
2.63101 	-18.9906
2.63341 	-19.025
2.63581 	-19.0593
2.63821 	-19.0936
2.64061 	-19.1277
2.643 	-19.1618
2.6454 	-19.1957
2.6478 	-19.2296
2.6502 	-19.2634
2.6526 	-19.2971
2.65499 	-19.3308
2.65739 	-19.3643
2.65979 	-19.3978
2.66219 	-19.4311
2.66459 	-19.4644
2.66698 	-19.4976
2.66938 	-19.5307
2.67178 	-19.5637
2.67418 	-19.5967
2.67658 	-19.6295
2.67897 	-19.6623
2.68137 	-19.695
2.68377 	-19.7276
2.68617 	-19.7602
2.68857 	-19.7926
2.69096 	-19.825
2.69336 	-19.8572
2.69576 	-19.8894
2.69816 	-19.9216
2.70056 	-19.9536
2.70295 	-19.9856
2.70535 	-20.0174
2.70775 	-20.0492
2.71015 	-20.081
2.71255 	-20.1126
2.71494 	-20.1442
2.71734 	-20.1756
2.71974 	-20.2071
2.72214 	-20.2384
2.72454 	-20.2696
2.72693 	-20.3008
2.72933 	-20.3319
2.73173 	-20.3629
2.73413 	-20.3938
2.73653 	-20.4247
2.73892 	-20.4555
2.74132 	-20.4862
2.74372 	-20.5168
2.74612 	-20.5474
2.74852 	-20.5779
2.75091 	-20.6083
2.75331 	-20.6386
2.75571 	-20.6689
2.75811 	-20.6991
2.76051 	-20.7292
2.7629 	-20.7592
2.7653 	-20.7892
2.7677 	-20.8191
2.7701 	-20.8489
2.7725 	-20.8786
2.77489 	-20.9083
2.77729 	-20.9379
2.77969 	-20.9674
2.78209 	-20.9969
2.78449 	-21.0263
2.78688 	-21.0556
2.78928 	-21.0848
2.79168 	-21.114
2.79408 	-21.1431
2.79648 	-21.1721
2.79887 	-21.2011
2.80127 	-21.23
2.80367 	-21.2588
2.80607 	-21.2875
2.80847 	-21.3162
2.81086 	-21.3448
2.81326 	-21.3734
2.81566 	-21.4019
2.81806 	-21.4303
2.82046 	-21.4586
2.82285 	-21.4869
2.82525 	-21.5151
2.82765 	-21.5432
2.83005 	-21.5713
2.83245 	-21.5993
2.83484 	-21.6272
2.83724 	-21.6551
2.83964 	-21.6829
2.84204 	-21.7106
2.84444 	-21.7383
2.84683 	-21.7659
2.84923 	-21.7935
2.85163 	-21.8209
2.85403 	-21.8484
2.85643 	-21.8757
2.85882 	-21.903
2.86122 	-21.9302
2.86362 	-21.9574
2.86602 	-21.9845
2.86842 	-22.0115
2.87081 	-22.0385
2.87321 	-22.0654
2.87561 	-22.0922
2.87801 	-22.119
2.88041 	-22.1457
2.8828 	-22.1723
2.8852 	-22.1989
2.8876 	-22.2255
2.89 	-22.2519
2.8924 	-22.2783
2.89479 	-22.3047
2.89719 	-22.331
2.89959 	-22.3572
2.90199 	-22.3833
2.90439 	-22.4094
2.90678 	-22.4355
2.90918 	-22.4615
2.91158 	-22.4874
2.91398 	-22.5132
2.91638 	-22.539
2.91877 	-22.5648
2.92117 	-22.5905
2.92357 	-22.6161
2.92597 	-22.6416
2.92837 	-22.6671
2.93076 	-22.6926
2.93316 	-22.718
2.93556 	-22.7433
2.93796 	-22.7686
2.94036 	-22.7938
2.94275 	-22.819
2.94515 	-22.8441
2.94755 	-22.8691
2.94995 	-22.8941
2.95235 	-22.919
2.95474 	-22.9439
2.95714 	-22.9687
2.95954 	-22.9935
2.96194 	-23.0182
2.96434 	-23.0428
2.96673 	-23.0674
2.96913 	-23.092
2.97153 	-23.1165
2.97393 	-23.1409
2.97633 	-23.1653
2.97872 	-23.1896
2.98112 	-23.2138
2.98352 	-23.238
2.98592 	-23.2622
2.98832 	-23.2863
2.99071 	-23.3103
2.99311 	-23.3343
2.99551 	-23.3583
2.99791 	-23.3822
3.00031 	-23.406
3.0027 	-23.4298
3.0051 	-23.4535
3.0075 	-23.4772
3.0099 	-23.5008
3.0123 	-23.5244
3.01469 	-23.5479
3.01709 	-23.5714
3.01949 	-23.5948
3.02189 	-23.6181
3.02429 	-23.6414
3.02668 	-23.6647
3.02908 	-23.6879
3.03148 	-23.7111
3.03388 	-23.7342
3.03628 	-23.7572
3.03867 	-23.7802
3.04107 	-23.8032
3.04347 	-23.8261
3.04587 	-23.8489
3.04827 	-23.8717
3.05066 	-23.8945
3.05306 	-23.9172
3.05546 	-23.9398
3.05786 	-23.9624
3.06026 	-23.985
3.06265 	-24.0075
3.06505 	-24.03
3.06745 	-24.0524
3.06985 	-24.0747
3.07225 	-24.097
3.07464 	-24.1193
3.07704 	-24.1415
3.07944 	-24.1637
3.08184 	-24.1858
3.08424 	-24.2078
3.08663 	-24.2299
3.08903 	-24.2518
3.09143 	-24.2738
3.09383 	-24.2956
3.09623 	-24.3175
3.09862 	-24.3393
3.10102 	-24.361
3.10342 	-24.3827
3.10582 	-24.4043
3.10822 	-24.4259
3.11061 	-24.4475
3.11301 	-24.469
3.11541 	-24.4905
3.11781 	-24.5119
3.12021 	-24.5332
3.1226 	-24.5546
3.125 	-24.5758
3.1274 	-24.5971
3.1298 	-24.6183
3.1322 	-24.6394
3.13459 	-24.6605
3.13699 	-24.6815
3.13939 	-24.7026
3.14179 	-24.7235
3.14419 	-24.7444
3.14658 	-24.7653
3.14898 	-24.7861
3.15138 	-24.8069
3.15378 	-24.8277
3.15618 	-24.8484
3.15857 	-24.869
3.16097 	-24.8896
3.16337 	-24.9102
3.16577 	-24.9307
3.16817 	-24.9512
3.17056 	-24.9716
3.17296 	-24.992
3.17536 	-25.0124
3.17776 	-25.0327
3.18016 	-25.053
3.18255 	-25.0732
3.18495 	-25.0934
3.18735 	-25.1135
3.18975 	-25.1336
3.19215 	-25.1537
3.19454 	-25.1737
3.19694 	-25.1936
3.19934 	-25.2136
3.20174 	-25.2335
3.20414 	-25.2533
3.20653 	-25.2731
3.20893 	-25.2929
3.21133 	-25.3126
3.21373 	-25.3323
3.21613 	-25.3519
3.21852 	-25.3715
3.22092 	-25.3911
3.22332 	-25.4106
3.22572 	-25.4301
3.22812 	-25.4495
3.23051 	-25.4689
3.23291 	-25.4883
3.23531 	-25.5076
3.23771 	-25.5269
3.24011 	-25.5461
3.2425 	-25.5653
3.2449 	-25.5845
3.2473 	-25.6036
3.2497 	-25.6227
3.2521 	-25.6418
3.25449 	-25.6608
3.25689 	-25.6797
3.25929 	-25.6987
3.26169 	-25.7175
3.26409 	-25.7364
3.26648 	-25.7552
3.26888 	-25.774
3.27128 	-25.7927
3.27368 	-25.8114
3.27608 	-25.8301
3.27847 	-25.8487
3.28087 	-25.8673
3.28327 	-25.8858
3.28567 	-25.9043
3.28807 	-25.9228
3.29046 	-25.9412
3.29286 	-25.9596
3.29526 	-25.978
3.29766 	-25.9963
3.30006 	-26.0146
3.30245 	-26.0328
3.30485 	-26.051
3.30725 	-26.0692
3.30965 	-26.0874
3.31205 	-26.1055
3.31444 	-26.1235
3.31684 	-26.1415
3.31924 	-26.1595
3.32164 	-26.1775
3.32404 	-26.1954
3.32643 	-26.2133
3.32883 	-26.2311
3.33123 	-26.2489
3.33363 	-26.2667
3.33603 	-26.2845
3.33842 	-26.3022
3.34082 	-26.3198
3.34322 	-26.3375
3.34562 	-26.3551
3.34802 	-26.3726
3.35041 	-26.3902
3.35281 	-26.4076
3.35521 	-26.4251
3.35761 	-26.4425
3.36001 	-26.4599
3.3624 	-26.4773
3.3648 	-26.4946
3.3672 	-26.5119
3.3696 	-26.5291
3.372 	-26.5463
3.37439 	-26.5635
3.37679 	-26.5807
3.37919 	-26.5978
3.38159 	-26.6149
3.38399 	-26.6319
3.38638 	-26.6489
3.38878 	-26.6659
3.39118 	-26.6828
3.39358 	-26.6998
3.39598 	-26.7166
3.39837 	-26.7335
3.40077 	-26.7503
3.40317 	-26.7671
3.40557 	-26.7838
3.40797 	-26.8005
3.41036 	-26.8172
3.41276 	-26.8338
3.41516 	-26.8505
3.41756 	-26.867
3.41996 	-26.8836
3.42235 	-26.9001
3.42475 	-26.9166
3.42715 	-26.933
3.42955 	-26.9495
3.43195 	-26.9658
3.43434 	-26.9822
3.43674 	-26.9985
3.43914 	-27.0148
3.44154 	-27.0311
3.44394 	-27.0473
3.44633 	-27.0635
3.44873 	-27.0797
3.45113 	-27.0958
3.45353 	-27.1119
3.45593 	-27.128
3.45832 	-27.144
3.46072 	-27.16
3.46312 	-27.176
3.46552 	-27.1919
3.46792 	-27.2078
3.47031 	-27.2237
3.47271 	-27.2396
3.47511 	-27.2554
3.47751 	-27.2712
3.47991 	-27.2869
3.4823 	-27.3027
3.4847 	-27.3183
3.4871 	-27.334
3.4895 	-27.3497
3.4919 	-27.3653
3.49429 	-27.3808
3.49669 	-27.3964
3.49909 	-27.4119
3.50149 	-27.4274
3.50389 	-27.4428
3.50628 	-27.4583
3.50868 	-27.4737
3.51108 	-27.489
3.51348 	-27.5044
3.51588 	-27.5197
3.51827 	-27.5349
3.52067 	-27.5502
3.52307 	-27.5654
3.52547 	-27.5806
3.52787 	-27.5957
3.53026 	-27.6109
3.53266 	-27.626
3.53506 	-27.641
3.53746 	-27.6561
3.53986 	-27.6711
3.54225 	-27.6861
3.54465 	-27.701
3.54705 	-27.716
3.54945 	-27.7309
3.55185 	-27.7457
3.55424 	-27.7606
3.55664 	-27.7754
3.55904 	-27.7902
3.56144 	-27.8049
3.56384 	-27.8197
3.56623 	-27.8343
3.56863 	-27.849
3.57103 	-27.8637
3.57343 	-27.8783
3.57583 	-27.8929
3.57822 	-27.9074
3.58062 	-27.9219
3.58302 	-27.9364
3.58542 	-27.9509
3.58782 	-27.9654
3.59021 	-27.9798
3.59261 	-27.9942
3.59501 	-28.0085
3.59741 	-28.0229
3.59981 	-28.0372
3.6022 	-28.0515
3.6046 	-28.0657
3.607 	-28.0799
3.6094 	-28.0941
3.6118 	-28.1083
3.61419 	-28.1225
3.61659 	-28.1366
3.61899 	-28.1507
3.62139 	-28.1647
3.62379 	-28.1788
3.62618 	-28.1928
3.62858 	-28.2068
3.63098 	-28.2207
3.63338 	-28.2346
3.63578 	-28.2485
3.63817 	-28.2624
3.64057 	-28.2763
3.64297 	-28.2901
3.64537 	-28.3039
3.64777 	-28.3177
3.65016 	-28.3314
3.65256 	-28.3451
3.65496 	-28.3588
3.65736 	-28.3725
3.65976 	-28.3861
3.66215 	-28.3997
3.66455 	-28.4133
3.66695 	-28.4269
3.66935 	-28.4404
3.67175 	-28.4539
3.67414 	-28.4674
3.67654 	-28.4809
3.67894 	-28.4943
3.68134 	-28.5077
3.68374 	-28.5211
3.68613 	-28.5344
3.68853 	-28.5478
3.69093 	-28.5611
3.69333 	-28.5744
3.69573 	-28.5876
3.69812 	-28.6008
3.70052 	-28.614
3.70292 	-28.6272
3.70532 	-28.6404
3.70772 	-28.6535
3.71011 	-28.6666
3.71251 	-28.6797
3.71491 	-28.6927
3.71731 	-28.7058
3.71971 	-28.7188
3.7221 	-28.7317
3.7245 	-28.7447
3.7269 	-28.7576
3.7293 	-28.7705
3.7317 	-28.7834
3.73409 	-28.7962
3.73649 	-28.8091
3.73889 	-28.8219
3.74129 	-28.8347
3.74369 	-28.8474
3.74608 	-28.8601
3.74848 	-28.8729
3.75088 	-28.8855
3.75328 	-28.8982
3.75568 	-28.9108
3.75807 	-28.9234
3.76047 	-28.936
3.76287 	-28.9486
3.76527 	-28.9611
3.76767 	-28.9736
3.77006 	-28.9861
3.77246 	-28.9986
3.77486 	-29.011
3.77726 	-29.0234
3.77966 	-29.0358
3.78205 	-29.0482
3.78445 	-29.0606
3.78685 	-29.0729
3.78925 	-29.0852
3.79165 	-29.0974
3.79404 	-29.1097
3.79644 	-29.1219
3.79884 	-29.1341
3.80124 	-29.1463
3.80364 	-29.1585
3.80603 	-29.1706
3.80843 	-29.1827
3.81083 	-29.1948
3.81323 	-29.2069
3.81563 	-29.2189
3.81802 	-29.2309
3.82042 	-29.2429
3.82282 	-29.2549
3.82522 	-29.2668
3.82762 	-29.2788
3.83001 	-29.2907
3.83241 	-29.3025
3.83481 	-29.3144
3.83721 	-29.3262
3.83961 	-29.338
3.842 	-29.3498
3.8444 	-29.3616
3.8468 	-29.3733
3.8492 	-29.385
3.8516 	-29.3967
3.85399 	-29.4084
3.85639 	-29.42
3.85879 	-29.4317
3.86119 	-29.4433
3.86359 	-29.4549
3.86598 	-29.4664
3.86838 	-29.478
3.87078 	-29.4895
3.87318 	-29.501
3.87558 	-29.5124
3.87797 	-29.5239
3.88037 	-29.5353
3.88277 	-29.5467
3.88517 	-29.5581
3.88757 	-29.5694
3.88996 	-29.5808
3.89236 	-29.5921
3.89476 	-29.6034
3.89716 	-29.6146
3.89956 	-29.6259
3.90195 	-29.6371
3.90435 	-29.6483
3.90675 	-29.6595
3.90915 	-29.6707
3.91155 	-29.6818
3.91394 	-29.6929
3.91634 	-29.704
3.91874 	-29.7151
3.92114 	-29.7261
3.92354 	-29.7371
3.92593 	-29.7481
3.92833 	-29.7591
3.93073 	-29.7701
3.93313 	-29.781
3.93553 	-29.7919
3.93792 	-29.8028
3.94032 	-29.8137
3.94272 	-29.8246
3.94512 	-29.8354
3.94752 	-29.8462
3.94991 	-29.857
3.95231 	-29.8678
3.95471 	-29.8785
3.95711 	-29.8892
3.95951 	-29.8999
3.9619 	-29.9106
3.9643 	-29.9213
3.9667 	-29.9319
3.9691 	-29.9425
3.9715 	-29.9531
3.97389 	-29.9637
3.97629 	-29.9742
3.97869 	-29.9848
3.98109 	-29.9953
3.98349 	-30.0058
3.98588 	-30.0162
3.98828 	-30.0267
3.99068 	-30.0371
3.99308 	-30.0475
3.99548 	-30.0579
3.99787 	-30.0683
4.00027 	-30.0786
4.00267 	-30.0889
4.00507 	-30.0992
4.00747 	-30.1095
4.00986 	-30.1197
4.01226 	-30.13
4.01466 	-30.1402
4.01706 	-30.1504
4.01946 	-30.1606
4.02185 	-30.1707
4.02425 	-30.1808
4.02665 	-30.1909
4.02905 	-30.201
4.03145 	-30.2111
4.03384 	-30.2212
4.03624 	-30.2312
4.03864 	-30.2412
4.04104 	-30.2512
4.04344 	-30.2611
4.04583 	-30.2711
4.04823 	-30.281
4.05063 	-30.2909
4.05303 	-30.3008
4.05543 	-30.3106
4.05782 	-30.3205
4.06022 	-30.3303
4.06262 	-30.3401
4.06502 	-30.3499
4.06742 	-30.3596
4.06981 	-30.3694
4.07221 	-30.3791
4.07461 	-30.3888
4.07701 	-30.3985
4.07941 	-30.4081
4.0818 	-30.4178
4.0842 	-30.4274
4.0866 	-30.437
4.089 	-30.4465
4.0914 	-30.4561
4.09379 	-30.4656
4.09619 	-30.4751
4.09859 	-30.4846
4.10099 	-30.4941
4.10339 	-30.5035
4.10578 	-30.513
4.10818 	-30.5224
4.11058 	-30.5318
4.11298 	-30.5411
4.11538 	-30.5505
4.11777 	-30.5598
4.12017 	-30.5691
4.12257 	-30.5784
4.12497 	-30.5877
4.12737 	-30.5969
4.12976 	-30.6062
4.13216 	-30.6154
4.13456 	-30.6246
4.13696 	-30.6337
4.13936 	-30.6429
4.14175 	-30.652
4.14415 	-30.6611
4.14655 	-30.6702
4.14895 	-30.6793
4.15135 	-30.6883
4.15374 	-30.6973
4.15614 	-30.7064
4.15854 	-30.7153
4.16094 	-30.7243
4.16334 	-30.7333
4.16573 	-30.7422
4.16813 	-30.7511
4.17053 	-30.76
4.17293 	-30.7688
4.17533 	-30.7777
4.17772 	-30.7865
4.18012 	-30.7953
4.18252 	-30.8041
4.18492 	-30.8129
4.18732 	-30.8216
4.18971 	-30.8304
4.19211 	-30.8391
4.19451 	-30.8477
4.19691 	-30.8564
4.19931 	-30.8651
4.2017 	-30.8737
4.2041 	-30.8823
4.2065 	-30.8909
4.2089 	-30.8994
4.2113 	-30.908
4.21369 	-30.9165
4.21609 	-30.925
4.21849 	-30.9335
4.22089 	-30.942
4.22329 	-30.9504
4.22568 	-30.9589
4.22808 	-30.9673
4.23048 	-30.9757
4.23288 	-30.984
4.23528 	-30.9924
4.23767 	-31.0007
4.24007 	-31.009
4.24247 	-31.0173
4.24487 	-31.0256
4.24727 	-31.0338
4.24966 	-31.0421
4.25206 	-31.0503
4.25446 	-31.0585
4.25686 	-31.0666
4.25926 	-31.0748
4.26165 	-31.0829
4.26405 	-31.091
4.26645 	-31.0991
4.26885 	-31.1072
4.27125 	-31.1152
4.27364 	-31.1233
4.27604 	-31.1313
4.27844 	-31.1393
4.28084 	-31.1473
4.28324 	-31.1552
4.28563 	-31.1631
4.28803 	-31.1711
4.29043 	-31.179
4.29283 	-31.1868
4.29523 	-31.1947
4.29762 	-31.2025
4.30002 	-31.2103
4.30242 	-31.2181
4.30482 	-31.2259
4.30722 	-31.2337
4.30961 	-31.2414
4.31201 	-31.2491
4.31441 	-31.2568
4.31681 	-31.2645
4.31921 	-31.2721
4.3216 	-31.2798
4.324 	-31.2874
4.3264 	-31.295
4.3288 	-31.3026
4.3312 	-31.3101
4.33359 	-31.3177
4.33599 	-31.3252
4.33839 	-31.3327
4.34079 	-31.3402
4.34319 	-31.3476
4.34558 	-31.3551
4.34798 	-31.3625
4.35038 	-31.3699
4.35278 	-31.3773
4.35518 	-31.3846
4.35757 	-31.392
4.35997 	-31.3993
4.36237 	-31.4066
4.36477 	-31.4139
4.36717 	-31.4211
4.36956 	-31.4284
4.37196 	-31.4356
4.37436 	-31.4428
4.37676 	-31.45
4.37916 	-31.4571
4.38155 	-31.4643
4.38395 	-31.4714
4.38635 	-31.4785
4.38875 	-31.4856
4.39115 	-31.4926
4.39354 	-31.4997
4.39594 	-31.5067
4.39834 	-31.5137
4.40074 	-31.5207
4.40314 	-31.5277
4.40553 	-31.5346
4.40793 	-31.5415
4.41033 	-31.5484
4.41273 	-31.5553
4.41513 	-31.5622
4.41752 	-31.569
4.41992 	-31.5758
4.42232 	-31.5826
4.42472 	-31.5894
4.42712 	-31.5962
4.42951 	-31.6029
4.43191 	-31.6096
4.43431 	-31.6163
4.43671 	-31.623
4.43911 	-31.6297
4.4415 	-31.6363
4.4439 	-31.643
4.4463 	-31.6496
4.4487 	-31.6561
4.4511 	-31.6627
4.45349 	-31.6693
4.45589 	-31.6758
4.45829 	-31.6823
4.46069 	-31.6888
4.46309 	-31.6952
4.46548 	-31.7017
4.46788 	-31.7081
4.47028 	-31.7145
4.47268 	-31.7209
4.47508 	-31.7272
4.47747 	-31.7336
4.47987 	-31.7399
4.48227 	-31.7462
4.48467 	-31.7525
4.48707 	-31.7587
4.48946 	-31.765
4.49186 	-31.7712
4.49426 	-31.7774
4.49666 	-31.7836
4.49906 	-31.7897
4.50145 	-31.7959
4.50385 	-31.802
4.50625 	-31.8081
4.50865 	-31.8142
4.51105 	-31.8202
4.51344 	-31.8263
4.51584 	-31.8323
4.51824 	-31.8383
4.52064 	-31.8442
4.52304 	-31.8502
4.52543 	-31.8561
4.52783 	-31.862
4.53023 	-31.8679
4.53263 	-31.8738
4.53503 	-31.8797
4.53742 	-31.8855
4.53982 	-31.8913
4.54222 	-31.8971
4.54462 	-31.9029
4.54702 	-31.9086
4.54941 	-31.9143
4.55181 	-31.92
4.55421 	-31.9257
4.55661 	-31.9314
4.55901 	-31.937
4.5614 	-31.9427
4.5638 	-31.9483
4.5662 	-31.9539
4.5686 	-31.9594
4.571 	-31.965
4.57339 	-31.9705
4.57579 	-31.976
4.57819 	-31.9815
4.58059 	-31.9869
4.58299 	-31.9924
4.58538 	-31.9978
4.58778 	-32.0032
4.59018 	-32.0085
4.59258 	-32.0139
4.59498 	-32.0192
4.59737 	-32.0245
4.59977 	-32.0298
4.60217 	-32.0351
4.60457 	-32.0404
4.60697 	-32.0456
4.60936 	-32.0508
4.61176 	-32.056
4.61416 	-32.0611
4.61656 	-32.0663
4.61896 	-32.0714
4.62135 	-32.0765
4.62375 	-32.0816
4.62615 	-32.0866
4.62855 	-32.0917
4.63095 	-32.0967
4.63334 	-32.1017
4.63574 	-32.1067
4.63814 	-32.1116
4.64054 	-32.1165
4.64294 	-32.1215
4.64533 	-32.1263
4.64773 	-32.1312
4.65013 	-32.1361
4.65253 	-32.1409
4.65493 	-32.1457
4.65732 	-32.1505
4.65972 	-32.1552
4.66212 	-32.16
4.66452 	-32.1647
4.66692 	-32.1694
4.66931 	-32.174
4.67171 	-32.1787
4.67411 	-32.1833
4.67651 	-32.1879
4.67891 	-32.1925
4.6813 	-32.1971
4.6837 	-32.2016
4.6861 	-32.2061
4.6885 	-32.2106
4.6909 	-32.2151
4.69329 	-32.2196
4.69569 	-32.224
4.69809 	-32.2284
4.70049 	-32.2328
4.70289 	-32.2371
4.70528 	-32.2415
4.70768 	-32.2458
4.71008 	-32.2501
4.71248 	-32.2544
4.71488 	-32.2586
4.71727 	-32.2629
4.71967 	-32.2671
4.72207 	-32.2713
4.72447 	-32.2754
4.72687 	-32.2796
4.72926 	-32.2837
4.73166 	-32.2878
4.73406 	-32.2919
4.73646 	-32.2959
4.73886 	-32.3
4.74125 	-32.304
4.74365 	-32.308
4.74605 	-32.3119
4.74845 	-32.3159
4.75085 	-32.3198
4.75324 	-32.3237
4.75564 	-32.3276
4.75804 	-32.3314
4.76044 	-32.3352
4.76284 	-32.339
4.76523 	-32.3428
4.76763 	-32.3466
4.77003 	-32.3503
4.77243 	-32.354
4.77483 	-32.3577
4.77722 	-32.3614
4.77962 	-32.365
4.78202 	-32.3687
4.78442 	-32.3723
4.78682 	-32.3758
4.78921 	-32.3794
4.79161 	-32.3829
4.79401 	-32.3864
4.79641 	-32.3899
4.79881 	-32.3934
4.8012 	-32.3968
4.8036 	-32.4002
4.806 	-32.4036
4.8084 	-32.407
4.8108 	-32.4103
4.81319 	-32.4136
4.81559 	-32.4169
4.81799 	-32.4202
4.82039 	-32.4235
4.82279 	-32.4267
4.82518 	-32.4299
4.82758 	-32.4331
4.82998 	-32.4362
4.83238 	-32.4394
4.83478 	-32.4425
4.83717 	-32.4455
4.83957 	-32.4486
4.84197 	-32.4516
4.84437 	-32.4547
4.84677 	-32.4576
4.84916 	-32.4606
4.85156 	-32.4635
4.85396 	-32.4665
4.85636 	-32.4694
4.85876 	-32.4722
4.86115 	-32.4751
4.86355 	-32.4779
4.86595 	-32.4807
4.86835 	-32.4834
4.87075 	-32.4862
4.87314 	-32.4889
4.87554 	-32.4916
4.87794 	-32.4943
4.88034 	-32.4969
4.88274 	-32.4996
4.88513 	-32.5022
4.88753 	-32.5047
4.88993 	-32.5073
4.89233 	-32.5098
4.89473 	-32.5123
4.89712 	-32.5148
4.89952 	-32.5172
4.90192 	-32.5197
4.90432 	-32.5221
4.90672 	-32.5244
4.90911 	-32.5268
4.91151 	-32.5291
4.91391 	-32.5314
4.91631 	-32.5337
4.91871 	-32.536
4.9211 	-32.5382
4.9235 	-32.5404
4.9259 	-32.5426
4.9283 	-32.5447
4.9307 	-32.5468
4.93309 	-32.5489
4.93549 	-32.551
4.93789 	-32.5531
4.94029 	-32.5551
4.94269 	-32.5571
4.94508 	-32.559
4.94748 	-32.561
4.94988 	-32.5629
4.95228 	-32.5648
4.95468 	-32.5667
4.95707 	-32.5685
4.95947 	-32.5703
4.96187 	-32.5721
4.96427 	-32.5739
4.96667 	-32.5756
4.96906 	-32.5774
4.97146 	-32.579
4.97386 	-32.5807
4.97626 	-32.5823
4.97866 	-32.5839
4.98105 	-32.5855
4.98345 	-32.5871
4.98585 	-32.5886
4.98825 	-32.5901
4.99065 	-32.5916
4.99304 	-32.5931
4.99544 	-32.5945
4.99784 	-32.5959
5.00024 	-32.5972
5.00264 	-32.5986
5.00503 	-32.5999
5.00743 	-32.6012
5.00983 	-32.6025
5.01223 	-32.6037
5.01463 	-32.6049
5.01702 	-32.6061
5.01942 	-32.6073
5.02182 	-32.6084
5.02422 	-32.6095
5.02662 	-32.6106
5.02901 	-32.6116
5.03141 	-32.6126
5.03381 	-32.6136
5.03621 	-32.6146
5.03861 	-32.6155
5.041 	-32.6164
5.0434 	-32.6173
5.0458 	-32.6182
5.0482 	-32.619
5.0506 	-32.6198
5.05299 	-32.6206
5.05539 	-32.6213
5.05779 	-32.622
5.06019 	-32.6227
5.06259 	-32.6234
5.06498 	-32.624
5.06738 	-32.6246
5.06978 	-32.6252
5.07218 	-32.6258
5.07458 	-32.6263
5.07697 	-32.6268
5.07937 	-32.6272
5.08177 	-32.6277
5.08417 	-32.6281
5.08657 	-32.6285
5.08896 	-32.6288
5.09136 	-32.6291
5.09376 	-32.6294
5.09616 	-32.6297
5.09856 	-32.6299
5.10095 	-32.6301
5.10335 	-32.6303
5.10575 	-32.6305
5.10815 	-32.6306
5.11055 	-32.6307
5.11294 	-32.6308
5.11534 	-32.6308
5.11774 	-32.6308
5.12014 	-32.6308
5.12254 	-32.6307
5.12493 	-32.6306
5.12733 	-32.6305
5.12973 	-32.6304
5.13213 	-32.6302
5.13453 	-32.63
5.13692 	-32.6298
5.13932 	-32.6295
5.14172 	-32.6292
5.14412 	-32.6289
5.14652 	-32.6286
5.14891 	-32.6282
5.15131 	-32.6278
5.15371 	-32.6273
5.15611 	-32.6269
5.15851 	-32.6264
5.1609 	-32.6258
5.1633 	-32.6253
5.1657 	-32.6247
5.1681 	-32.6241
5.1705 	-32.6234
5.17289 	-32.6227
5.17529 	-32.622
5.17769 	-32.6213
5.18009 	-32.6205
5.18249 	-32.6197
5.18488 	-32.6189
5.18728 	-32.618
5.18968 	-32.6171
5.19208 	-32.6162
5.19448 	-32.6152
5.19687 	-32.6143
5.19927 	-32.6132
5.20167 	-32.6122
5.20407 	-32.6111
5.20647 	-32.61
5.20886 	-32.6089
5.21126 	-32.6077
5.21366 	-32.6065
5.21606 	-32.6052
5.21846 	-32.604
5.22085 	-32.6027
5.22325 	-32.6013
5.22565 	-32.6
5.22805 	-32.5986
5.23045 	-32.5971
5.23284 	-32.5957
5.23524 	-32.5942
5.23764 	-32.5927
5.24004 	-32.5911
5.24244 	-32.5895
5.24483 	-32.5879
5.24723 	-32.5863
5.24963 	-32.5846
5.25203 	-32.5829
5.25443 	-32.5811
5.25682 	-32.5793
5.25922 	-32.5775
5.26162 	-32.5757
5.26402 	-32.5738
5.26642 	-32.5719
5.26881 	-32.5699
5.27121 	-32.5679
5.27361 	-32.5659
5.27601 	-32.5639
5.27841 	-32.5618
5.2808 	-32.5597
5.2832 	-32.5575
5.2856 	-32.5554
5.288 	-32.5532
5.2904 	-32.5509
5.29279 	-32.5486
5.29519 	-32.5463
5.29759 	-32.544
5.29999 	-32.5416
5.30239 	-32.5392
5.30478 	-32.5367
5.30718 	-32.5343
5.30958 	-32.5317
5.31198 	-32.5292
5.31438 	-32.5266
5.31677 	-32.524
5.31917 	-32.5213
5.32157 	-32.5187
5.32397 	-32.5159
5.32637 	-32.5132
5.32876 	-32.5104
5.33116 	-32.5076
5.33356 	-32.5047
5.33596 	-32.5018
5.33836 	-32.4989
5.34075 	-32.4959
5.34315 	-32.4929
5.34555 	-32.4899
5.34795 	-32.4868
5.35035 	-32.4837
5.35274 	-32.4806
5.35514 	-32.4774
5.35754 	-32.4742
5.35994 	-32.471
5.36234 	-32.4677
5.36473 	-32.4644
5.36713 	-32.461
5.36953 	-32.4577
5.37193 	-32.4542
5.37433 	-32.4508
5.37672 	-32.4473
5.37912 	-32.4438
5.38152 	-32.4402
5.38392 	-32.4366
5.38632 	-32.433
5.38871 	-32.4293
5.39111 	-32.4256
5.39351 	-32.4218
5.39591 	-32.418
5.39831 	-32.4142
5.4007 	-32.4104
5.4031 	-32.4065
5.4055 	-32.4026
5.4079 	-32.3986
5.4103 	-32.3946
5.41269 	-32.3905
5.41509 	-32.3865
5.41749 	-32.3824
5.41989 	-32.3782
5.42229 	-32.374
5.42468 	-32.3698
5.42708 	-32.3655
5.42948 	-32.3612
5.43188 	-32.3569
5.43428 	-32.3525
5.43667 	-32.3481
5.43907 	-32.3437
5.44147 	-32.3392
5.44387 	-32.3347
5.44627 	-32.3301
5.44866 	-32.3255
5.45106 	-32.3209
5.45346 	-32.3162
5.45586 	-32.3115
5.45826 	-32.3067
5.46065 	-32.3019
5.46305 	-32.2971
5.46545 	-32.2922
5.46785 	-32.2873
5.47025 	-32.2824
5.47264 	-32.2774
5.47504 	-32.2724
5.47744 	-32.2673
5.47984 	-32.2622
5.48224 	-32.2571
5.48463 	-32.2519
5.48703 	-32.2467
5.48943 	-32.2414
5.49183 	-32.2361
5.49423 	-32.2308
5.49662 	-32.2254
5.49902 	-32.22
5.50142 	-32.2146
5.50382 	-32.2091
5.50622 	-32.2035
5.50861 	-32.198
5.51101 	-32.1923
5.51341 	-32.1867
5.51581 	-32.181
5.51821 	-32.1753
5.5206 	-32.1695
5.523 	-32.1637
5.5254 	-32.1578
5.5278 	-32.1519
5.5302 	-32.146
5.53259 	-32.14
5.53499 	-32.134
5.53739 	-32.128
5.53979 	-32.1219
5.54219 	-32.1157
5.54458 	-32.1095
5.54698 	-32.1033
5.54938 	-32.0971
5.55178 	-32.0908
5.55418 	-32.0844
5.55657 	-32.078
5.55897 	-32.0716
5.56137 	-32.0651
5.56377 	-32.0586
5.56617 	-32.0521
5.56856 	-32.0455
5.57096 	-32.0389
5.57336 	-32.0322
5.57576 	-32.0255
5.57816 	-32.0187
5.58055 	-32.0119
5.58295 	-32.0051
5.58535 	-31.9982
5.58775 	-31.9913
5.59015 	-31.9843
5.59254 	-31.9773
5.59494 	-31.9702
5.59734 	-31.9631
5.59974 	-31.956
5.60214 	-31.9488
5.60453 	-31.9416
5.60693 	-31.9343
5.60933 	-31.927
5.61173 	-31.9196
5.61413 	-31.9122
5.61652 	-31.9048
5.61892 	-31.8973
5.62132 	-31.8898
5.62372 	-31.8822
5.62612 	-31.8746
5.62851 	-31.867
5.63091 	-31.8593
5.63331 	-31.8515
5.63571 	-31.8437
5.63811 	-31.8359
5.6405 	-31.828
5.6429 	-31.8201
5.6453 	-31.8121
5.6477 	-31.8041
5.6501 	-31.7961
5.65249 	-31.788
5.65489 	-31.7798
5.65729 	-31.7716
5.65969 	-31.7634
5.66209 	-31.7551
5.66448 	-31.7468
5.66688 	-31.7385
5.66928 	-31.73
5.67168 	-31.7216
5.67408 	-31.7131
5.67647 	-31.7046
5.67887 	-31.696
5.68127 	-31.6873
5.68367 	-31.6786
5.68607 	-31.6699
5.68846 	-31.6612
5.69086 	-31.6523
5.69326 	-31.6435
5.69566 	-31.6346
5.69806 	-31.6256
5.70045 	-31.6166
5.70285 	-31.6076
5.70525 	-31.5985
5.70765 	-31.5893
5.71005 	-31.5802
5.71244 	-31.5709
5.71484 	-31.5616
5.71724 	-31.5523
5.71964 	-31.543
5.72204 	-31.5335
5.72443 	-31.5241
5.72683 	-31.5146
5.72923 	-31.505
5.73163 	-31.4954
5.73403 	-31.4858
5.73642 	-31.4761
5.73882 	-31.4663
5.74122 	-31.4565
5.74362 	-31.4467
5.74602 	-31.4368
5.74841 	-31.4269
5.75081 	-31.4169
5.75321 	-31.4069
5.75561 	-31.3968
5.75801 	-31.3867
5.7604 	-31.3765
5.7628 	-31.3663
5.7652 	-31.356
5.7676 	-31.3457
5.77 	-31.3353
5.77239 	-31.3249
5.77479 	-31.3145
5.77719 	-31.304
5.77959 	-31.2934
5.78199 	-31.2828
5.78438 	-31.2722
5.78678 	-31.2615
5.78918 	-31.2507
5.79158 	-31.2399
5.79398 	-31.2291
5.79637 	-31.2182
5.79877 	-31.2072
5.80117 	-31.1962
5.80357 	-31.1852
5.80597 	-31.1741
5.80836 	-31.1629
5.81076 	-31.1518
5.81316 	-31.1405
5.81556 	-31.1292
5.81796 	-31.1179
5.82035 	-31.1065
5.82275 	-31.0951
5.82515 	-31.0836
5.82755 	-31.072
5.82995 	-31.0604
5.83234 	-31.0488
5.83474 	-31.0371
5.83714 	-31.0254
5.83954 	-31.0136
5.84194 	-31.0017
5.84433 	-30.9899
5.84673 	-30.9779
5.84913 	-30.9659
5.85153 	-30.9539
5.85393 	-30.9418
5.85632 	-30.9296
5.85872 	-30.9174
5.86112 	-30.9052
5.86352 	-30.8929
5.86592 	-30.8806
5.86831 	-30.8682
5.87071 	-30.8557
5.87311 	-30.8432
5.87551 	-30.8307
5.87791 	-30.818
5.8803 	-30.8054
5.8827 	-30.7927
5.8851 	-30.7799
5.8875 	-30.7671
5.8899 	-30.7543
5.89229 	-30.7413
5.89469 	-30.7284
5.89709 	-30.7154
5.89949 	-30.7023
5.90189 	-30.6892
5.90428 	-30.676
5.90668 	-30.6628
5.90908 	-30.6495
5.91148 	-30.6362
5.91388 	-30.6228
5.91627 	-30.6093
5.91867 	-30.5958
5.92107 	-30.5823
5.92347 	-30.5687
5.92587 	-30.5551
5.92826 	-30.5414
5.93066 	-30.5276
5.93306 	-30.5138
5.93546 	-30.4999
5.93786 	-30.486
5.94025 	-30.472
5.94265 	-30.458
5.94505 	-30.444
5.94745 	-30.4298
5.94985 	-30.4156
5.95224 	-30.4014
5.95464 	-30.3871
5.95704 	-30.3728
5.95944 	-30.3584
5.96184 	-30.3439
5.96423 	-30.3294
5.96663 	-30.3149
5.96903 	-30.3003
5.97143 	-30.2856
5.97383 	-30.2709
5.97622 	-30.2561
5.97862 	-30.2413
5.98102 	-30.2264
5.98342 	-30.2114
5.98582 	-30.1964
5.98821 	-30.1814
5.99061 	-30.1663
5.99301 	-30.1511
5.99541 	-30.1359
5.99781 	-30.1207
6.0002 	-30.1053
6.0026 	-30.09
6.005 	-30.0745
6.0074 	-30.059
6.0098 	-30.0435
6.01219 	-30.0279
6.01459 	-30.0122
6.01699 	-29.9965
6.01939 	-29.9808
6.02179 	-29.9649
6.02418 	-29.9491
6.02658 	-29.9331
6.02898 	-29.9171
6.03138 	-29.9011
6.03378 	-29.885
6.03617 	-29.8688
6.03857 	-29.8526
6.04097 	-29.8363
6.04337 	-29.82
6.04577 	-29.8036
6.04816 	-29.7872
6.05056 	-29.7707
6.05296 	-29.7542
6.05536 	-29.7376
6.05776 	-29.7209
6.06015 	-29.7042
6.06255 	-29.6874
6.06495 	-29.6706
6.06735 	-29.6537
6.06975 	-29.6367
6.07214 	-29.6197
6.07454 	-29.6027
6.07694 	-29.5855
6.07934 	-29.5684
6.08174 	-29.5511
6.08413 	-29.5338
6.08653 	-29.5165
6.08893 	-29.4991
6.09133 	-29.4816
6.09373 	-29.4641
6.09612 	-29.4465
6.09852 	-29.4289
6.10092 	-29.4112
6.10332 	-29.3934
6.10572 	-29.3756
6.10811 	-29.3578
6.11051 	-29.3398
6.11291 	-29.3219
6.11531 	-29.3038
6.11771 	-29.2857
6.1201 	-29.2676
6.1225 	-29.2493
6.1249 	-29.2311
6.1273 	-29.2127
6.1297 	-29.1944
6.13209 	-29.1759
6.13449 	-29.1574
6.13689 	-29.1388
6.13929 	-29.1202
6.14169 	-29.1015
6.14408 	-29.0828
6.14648 	-29.064
6.14888 	-29.0451
6.15128 	-29.0262
6.15368 	-29.0072
6.15607 	-28.9882
6.15847 	-28.9691
6.16087 	-28.9499
6.16327 	-28.9307
6.16567 	-28.9115
6.16806 	-28.8921
6.17046 	-28.8727
6.17286 	-28.8533
6.17526 	-28.8338
6.17766 	-28.8142
6.18005 	-28.7946
6.18245 	-28.7749
6.18485 	-28.7551
6.18725 	-28.7353
6.18965 	-28.7155
6.19204 	-28.6955
6.19444 	-28.6756
6.19684 	-28.6555
6.19924 	-28.6354
6.20164 	-28.6152
6.20403 	-28.595
6.20643 	-28.5747
6.20883 	-28.5544
6.21123 	-28.534
6.21363 	-28.5135
6.21602 	-28.493
6.21842 	-28.4724
6.22082 	-28.4518
6.22322 	-28.4311
6.22562 	-28.4103
6.22801 	-28.3895
6.23041 	-28.3686
6.23281 	-28.3476
6.23521 	-28.3266
6.23761 	-28.3055
6.24 	-28.2844
6.2424 	-28.2632
6.2448 	-28.242
6.2472 	-28.2207
6.2496 	-28.1993
6.25199 	-28.1778
6.25439 	-28.1563
6.25679 	-28.1348
6.25919 	-28.1132
6.26159 	-28.0915
6.26398 	-28.0698
6.26638 	-28.048
6.26878 	-28.0261
6.27118 	-28.0042
6.27358 	-27.9822
6.27597 	-27.9601
6.27837 	-27.938
6.28077 	-27.9159
6.28317 	-27.8936
6.28557 	-27.8713
6.28796 	-27.849
6.29036 	-27.8266
6.29276 	-27.8041
6.29516 	-27.7816
6.29756 	-27.759
6.29995 	-27.7363
6.30235 	-27.7136
6.30475 	-27.6908
6.30715 	-27.668
6.30955 	-27.6451
6.31194 	-27.6221
6.31434 	-27.5991
6.31674 	-27.576
6.31914 	-27.5528
6.32154 	-27.5296
6.32393 	-27.5063
6.32633 	-27.483
6.32873 	-27.4596
6.33113 	-27.4361
6.33353 	-27.4126
6.33592 	-27.389
6.33832 	-27.3654
6.34072 	-27.3417
6.34312 	-27.3179
6.34552 	-27.294
6.34791 	-27.2701
6.35031 	-27.2462
6.35271 	-27.2222
6.35511 	-27.1981
6.35751 	-27.1739
6.3599 	-27.1497
6.3623 	-27.1255
6.3647 	-27.1011
6.3671 	-27.0767
6.3695 	-27.0523
6.37189 	-27.0277
6.37429 	-27.0032
6.37669 	-26.9785
6.37909 	-26.9538
6.38149 	-26.929
6.38388 	-26.9042
6.38628 	-26.8793
6.38868 	-26.8544
6.39108 	-26.8293
6.39348 	-26.8043
6.39587 	-26.7791
6.39827 	-26.7539
6.40067 	-26.7286
6.40307 	-26.7033
6.40547 	-26.6779
6.40786 	-26.6524
6.41026 	-26.6269
6.41266 	-26.6013
6.41506 	-26.5757
6.41746 	-26.55
6.41985 	-26.5242
6.42225 	-26.4984
6.42465 	-26.4725
6.42705 	-26.4465
6.42945 	-26.4205
6.43184 	-26.3944
6.43424 	-26.3683
6.43664 	-26.342
6.43904 	-26.3158
6.44144 	-26.2894
6.44383 	-26.263
6.44623 	-26.2366
6.44863 	-26.21
6.45103 	-26.1835
6.45343 	-26.1568
6.45582 	-26.1301
6.45822 	-26.1033
6.46062 	-26.0765
6.46302 	-26.0496
6.46542 	-26.0226
6.46781 	-25.9956
6.47021 	-25.9685
6.47261 	-25.9413
6.47501 	-25.9141
6.47741 	-25.8868
6.4798 	-25.8595
6.4822 	-25.8321
6.4846 	-25.8046
6.487 	-25.7771
6.4894 	-25.7495
6.49179 	-25.7218
6.49419 	-25.6941
6.49659 	-25.6663
6.49899 	-25.6385
6.50139 	-25.6106
6.50378 	-25.5826
6.50618 	-25.5546
6.50858 	-25.5265
6.51098 	-25.4983
6.51338 	-25.4701
6.51577 	-25.4418
6.51817 	-25.4135
6.52057 	-25.3851
6.52297 	-25.3566
6.52537 	-25.3281
6.52776 	-25.2995
6.53016 	-25.2708
6.53256 	-25.2421
6.53496 	-25.2133
6.53736 	-25.1844
6.53975 	-25.1555
6.54215 	-25.1265
6.54455 	-25.0975
6.54695 	-25.0684
6.54935 	-25.0392
6.55174 	-25.01
6.55414 	-24.9807
6.55654 	-24.9514
6.55894 	-24.922
6.56134 	-24.8925
6.56373 	-24.863
6.56613 	-24.8334
6.56853 	-24.8037
6.57093 	-24.774
6.57333 	-24.7442
6.57572 	-24.7143
6.57812 	-24.6844
6.58052 	-24.6545
6.58292 	-24.6244
6.58532 	-24.5943
6.58771 	-24.5642
6.59011 	-24.5339
6.59251 	-24.5037
6.59491 	-24.4733
6.59731 	-24.4429
6.5997 	-24.4124
6.6021 	-24.3819
6.6045 	-24.3513
6.6069 	-24.3206
6.6093 	-24.2899
6.61169 	-24.2591
6.61409 	-24.2283
6.61649 	-24.1974
6.61889 	-24.1664
6.62129 	-24.1354
6.62368 	-24.1043
6.62608 	-24.0732
6.62848 	-24.0419
6.63088 	-24.0107
6.63328 	-23.9793
6.63567 	-23.9479
6.63807 	-23.9165
6.64047 	-23.885
6.64287 	-23.8534
6.64527 	-23.8217
6.64766 	-23.79
6.65006 	-23.7583
6.65246 	-23.7264
6.65486 	-23.6946
6.65726 	-23.6626
6.65965 	-23.6306
6.66205 	-23.5985
6.66445 	-23.5664
6.66685 	-23.5342
6.66925 	-23.5019
6.67164 	-23.4696
6.67404 	-23.4373
6.67644 	-23.4048
6.67884 	-23.3723
6.68124 	-23.3398
6.68363 	-23.3071
6.68603 	-23.2745
6.68843 	-23.2417
6.69083 	-23.2089
6.69323 	-23.1761
6.69562 	-23.1432
6.69802 	-23.1102
6.70042 	-23.0771
6.70282 	-23.044
6.70522 	-23.0109
6.70761 	-22.9777
6.71001 	-22.9444
6.71241 	-22.911
6.71481 	-22.8776
6.71721 	-22.8442
6.7196 	-22.8107
6.722 	-22.7771
6.7244 	-22.7435
6.7268 	-22.7098
6.7292 	-22.676
6.73159 	-22.6422
6.73399 	-22.6083
6.73639 	-22.5744
6.73879 	-22.5404
6.74119 	-22.5063
6.74358 	-22.4722
6.74598 	-22.4381
6.74838 	-22.4038
6.75078 	-22.3696
6.75318 	-22.3352
6.75557 	-22.3008
6.75797 	-22.2663
6.76037 	-22.2318
6.76277 	-22.1972
6.76517 	-22.1626
6.76756 	-22.1279
6.76996 	-22.0932
6.77236 	-22.0584
6.77476 	-22.0235
6.77716 	-21.9886
6.77955 	-21.9536
6.78195 	-21.9185
6.78435 	-21.8834
6.78675 	-21.8483
6.78915 	-21.8131
6.79154 	-21.7778
6.79394 	-21.7425
6.79634 	-21.7071
6.79874 	-21.6717
6.80114 	-21.6362
6.80353 	-21.6006
6.80593 	-21.565
6.80833 	-21.5293
6.81073 	-21.4936
6.81313 	-21.4578
6.81552 	-21.422
6.81792 	-21.3861
6.82032 	-21.3502
6.82272 	-21.3142
6.82512 	-21.2781
6.82751 	-21.242
6.82991 	-21.2058
6.83231 	-21.1696
6.83471 	-21.1333
6.83711 	-21.097
6.8395 	-21.0606
6.8419 	-21.0241
6.8443 	-20.9876
6.8467 	-20.9511
6.8491 	-20.9145
6.85149 	-20.8778
6.85389 	-20.8411
6.85629 	-20.8043
6.85869 	-20.7675
6.86109 	-20.7306
6.86348 	-20.6937
6.86588 	-20.6567
6.86828 	-20.6197
6.87068 	-20.5826
6.87308 	-20.5454
6.87547 	-20.5082
6.87787 	-20.4709
6.88027 	-20.4336
6.88267 	-20.3963
6.88507 	-20.3589
6.88746 	-20.3214
6.88986 	-20.2839
6.89226 	-20.2463
6.89466 	-20.2087
6.89706 	-20.171
6.89945 	-20.1333
6.90185 	-20.0955
6.90425 	-20.0577
6.90665 	-20.0198
6.90905 	-19.9818
6.91144 	-19.9438
6.91384 	-19.9058
6.91624 	-19.8677
6.91864 	-19.8296
6.92104 	-19.7914
6.92343 	-19.7531
6.92583 	-19.7149
6.92823 	-19.6765
6.93063 	-19.6381
6.93303 	-19.5997
6.93542 	-19.5612
6.93782 	-19.5226
6.94022 	-19.484
6.94262 	-19.4454
6.94502 	-19.4067
6.94741 	-19.368
6.94981 	-19.3292
6.95221 	-19.2903
6.95461 	-19.2515
6.95701 	-19.2125
6.9594 	-19.1735
6.9618 	-19.1345
6.9642 	-19.0954
6.9666 	-19.0563
6.969 	-19.0171
6.97139 	-18.9779
6.97379 	-18.9386
6.97619 	-18.8993
6.97859 	-18.8599
6.98099 	-18.8205
6.98338 	-18.7811
6.98578 	-18.7416
6.98818 	-18.702
6.99058 	-18.6624
6.99298 	-18.6228
6.99537 	-18.5831
6.99777 	-18.5434
7.00017 	-18.5036
7.00257 	-18.4637
7.00497 	-18.4239
7.00736 	-18.384
7.00976 	-18.344
7.01216 	-18.304
7.01456 	-18.2639
7.01696 	-18.2238
7.01935 	-18.1837
7.02175 	-18.1435
7.02415 	-18.1033
7.02655 	-18.063
7.02895 	-18.0227
7.03134 	-17.9824
7.03374 	-17.942
7.03614 	-17.9015
7.03854 	-17.861
7.04094 	-17.8205
7.04333 	-17.7799
7.04573 	-17.7393
7.04813 	-17.6987
7.05053 	-17.658
7.05293 	-17.6172
7.05532 	-17.5764
7.05772 	-17.5356
7.06012 	-17.4948
7.06252 	-17.4539
7.06492 	-17.4129
7.06731 	-17.3719
7.06971 	-17.3309
7.07211 	-17.2899
7.07451 	-17.2488
7.07691 	-17.2076
7.0793 	-17.1664
7.0817 	-17.1252
7.0841 	-17.0839
7.0865 	-17.0427
7.0889 	-17.0013
7.09129 	-16.9599
7.09369 	-16.9185
7.09609 	-16.8771
7.09849 	-16.8356
7.10089 	-16.7941
7.10328 	-16.7525
7.10568 	-16.7109
7.10808 	-16.6693
7.11048 	-16.6276
7.11288 	-16.5859
7.11527 	-16.5441
7.11767 	-16.5024
7.12007 	-16.4605
7.12247 	-16.4187
7.12487 	-16.3768
7.12726 	-16.3349
7.12966 	-16.2929
7.13206 	-16.2509
7.13446 	-16.2089
7.13686 	-16.1668
7.13925 	-16.1247
7.14165 	-16.0826
7.14405 	-16.0405
7.14645 	-15.9983
7.14885 	-15.956
7.15124 	-15.9138
7.15364 	-15.8715
7.15604 	-15.8292
7.15844 	-15.7868
7.16084 	-15.7444
7.16323 	-15.702
7.16563 	-15.6595
7.16803 	-15.6171
7.17043 	-15.5745
7.17283 	-15.532
7.17522 	-15.4894
7.17762 	-15.4468
7.18002 	-15.4042
7.18242 	-15.3615
7.18482 	-15.3188
7.18721 	-15.2761
7.18961 	-15.2334
7.19201 	-15.1906
7.19441 	-15.1478
7.19681 	-15.1049
7.1992 	-15.0621
7.2016 	-15.0192
7.204 	-14.9763
7.2064 	-14.9333
7.2088 	-14.8903
7.21119 	-14.8473
7.21359 	-14.8043
7.21599 	-14.7612
7.21839 	-14.7182
7.22079 	-14.6751
7.22318 	-14.6319
7.22558 	-14.5888
7.22798 	-14.5456
7.23038 	-14.5024
7.23278 	-14.4592
7.23517 	-14.4159
7.23757 	-14.3726
7.23997 	-14.3293
7.24237 	-14.286
7.24477 	-14.2427
7.24716 	-14.1993
7.24956 	-14.1559
7.25196 	-14.1125
7.25436 	-14.069
7.25676 	-14.0256
7.25915 	-13.9821
7.26155 	-13.9386
7.26395 	-13.8951
7.26635 	-13.8515
7.26875 	-13.808
7.27114 	-13.7644
7.27354 	-13.7208
7.27594 	-13.6772
7.27834 	-13.6335
7.28074 	-13.5898
7.28313 	-13.5462
7.28553 	-13.5025
7.28793 	-13.4587
7.29033 	-13.415
7.29273 	-13.3713
7.29512 	-13.3275
7.29752 	-13.2837
7.29992 	-13.2399
7.30232 	-13.1961
7.30472 	-13.1522
7.30711 	-13.1084
7.30951 	-13.0645
7.31191 	-13.0206
7.31431 	-12.9767
7.31671 	-12.9328
7.3191 	-12.8889
7.3215 	-12.8449
7.3239 	-12.801
7.3263 	-12.757
7.3287 	-12.713
7.33109 	-12.669
7.33349 	-12.625
7.33589 	-12.581
7.33829 	-12.5369
7.34069 	-12.4929
7.34308 	-12.4488
7.34548 	-12.4048
7.34788 	-12.3607
7.35028 	-12.3166
7.35268 	-12.2725
7.35507 	-12.2284
7.35747 	-12.1842
7.35987 	-12.1401
7.36227 	-12.096
7.36467 	-12.0518
7.36706 	-12.0076
7.36946 	-11.9635
7.37186 	-11.9193
7.37426 	-11.8751
7.37666 	-11.8309
7.37905 	-11.7867
7.38145 	-11.7425
7.38385 	-11.6983
7.38625 	-11.654
7.38865 	-11.6098
7.39104 	-11.5656
7.39344 	-11.5213
7.39584 	-11.4771
7.39824 	-11.4328
7.40064 	-11.3886
7.40303 	-11.3443
7.40543 	-11.3001
7.40783 	-11.2558
7.41023 	-11.2115
7.41263 	-11.1672
7.41502 	-11.123
7.41742 	-11.0787
7.41982 	-11.0344
7.42222 	-10.9901
7.42462 	-10.9458
7.42701 	-10.9015
7.42941 	-10.8572
7.43181 	-10.8129
7.43421 	-10.7686
7.43661 	-10.7243
7.439 	-10.6801
7.4414 	-10.6358
7.4438 	-10.5915
7.4462 	-10.5472
7.4486 	-10.5029
7.45099 	-10.4586
7.45339 	-10.4143
7.45579 	-10.37
7.45819 	-10.3257
7.46059 	-10.2815
7.46298 	-10.2372
7.46538 	-10.1929
7.46778 	-10.1486
7.47018 	-10.1044
7.47258 	-10.0601
7.47497 	-10.0158
7.47737 	-9.97152
7.47977 	-9.92725
7.48217 	-9.88297
7.48457 	-9.8387
7.48696 	-9.79443
7.48936 	-9.75016
7.49176 	-9.70589
7.49416 	-9.66162
7.49656 	-9.61735
7.49895 	-9.57309
7.50135 	-9.52883
7.50375 	-9.48458
7.50615 	-9.44032
7.50855 	-9.39607
7.51094 	-9.35183
7.51334 	-9.30759
7.51574 	-9.26335
7.51814 	-9.21912
7.52054 	-9.1749
7.52293 	-9.13068
7.52533 	-9.08647
7.52773 	-9.04226
7.53013 	-8.99806
7.53253 	-8.95387
7.53492 	-8.90968
7.53732 	-8.8655
7.53972 	-8.82133
7.54212 	-8.77717
7.54452 	-8.73302
7.54691 	-8.68887
7.54931 	-8.64474
7.55171 	-8.60061
7.55411 	-8.55649
7.55651 	-8.51239
7.5589 	-8.46829
7.5613 	-8.4242
7.5637 	-8.38013
7.5661 	-8.33606
7.5685 	-8.29201
7.57089 	-8.24797
7.57329 	-8.20394
7.57569 	-8.15993
7.57809 	-8.11592
7.58049 	-8.07193
7.58288 	-8.02795
7.58528 	-7.98399
7.58768 	-7.94004
7.59008 	-7.8961
7.59248 	-7.85218
7.59487 	-7.80828
7.59727 	-7.76439
7.59967 	-7.72051
7.60207 	-7.67665
7.60447 	-7.6328
7.60686 	-7.58898
7.60926 	-7.54516
7.61166 	-7.50137
7.61406 	-7.45759
7.61646 	-7.41383
7.61885 	-7.37009
7.62125 	-7.32637
7.62365 	-7.28266
7.62605 	-7.23897
7.62845 	-7.1953
7.63084 	-7.15165
7.63324 	-7.10803
7.63564 	-7.06442
7.63804 	-7.02083
7.64044 	-6.97726
7.64283 	-6.93371
7.64523 	-6.89018
7.64763 	-6.84667
7.65003 	-6.80319
7.65243 	-6.75972
7.65482 	-6.71628
7.65722 	-6.67286
7.65962 	-6.62947
7.66202 	-6.58609
7.66442 	-6.54274
7.66681 	-6.49942
7.66921 	-6.45612
7.67161 	-6.41284
7.67401 	-6.36958
7.67641 	-6.32635
7.6788 	-6.28315
7.6812 	-6.23997
7.6836 	-6.19682
7.686 	-6.15369
7.6884 	-6.11059
7.69079 	-6.06751
7.69319 	-6.02446
7.69559 	-5.98144
7.69799 	-5.93845
7.70039 	-5.89548
7.70278 	-5.85254
7.70518 	-5.80963
7.70758 	-5.76675
7.70998 	-5.72389
7.71238 	-5.68107
7.71477 	-5.63827
7.71717 	-5.5955
7.71957 	-5.55277
7.72197 	-5.51006
7.72437 	-5.46738
7.72676 	-5.42474
7.72916 	-5.38212
7.73156 	-5.33954
7.73396 	-5.29698
7.73636 	-5.25446
7.73875 	-5.21197
7.74115 	-5.16951
7.74355 	-5.12709
7.74595 	-5.08469
7.74835 	-5.04233
7.75074 	-5.00001
7.75314 	-4.95771
7.75554 	-4.91545
7.75794 	-4.87323
7.76034 	-4.83103
7.76273 	-4.78888
7.76513 	-4.74675
7.76753 	-4.70467
7.76993 	-4.66261
7.77233 	-4.6206
7.77472 	-4.57861
7.77712 	-4.53667
7.77952 	-4.49476
7.78192 	-4.45289
7.78432 	-4.41105
7.78671 	-4.36925
7.78911 	-4.32749
7.79151 	-4.28577
7.79391 	-4.24408
7.79631 	-4.20243
7.7987 	-4.16082
7.8011 	-4.11925
7.8035 	-4.07772
7.8059 	-4.03622
7.8083 	-3.99477
7.81069 	-3.95335
7.81309 	-3.91198
7.81549 	-3.87064
7.81789 	-3.82935
7.82029 	-3.78809
7.82268 	-3.74688
7.82508 	-3.7057
7.82748 	-3.66457
7.82988 	-3.62348
7.83228 	-3.58243
7.83467 	-3.54142
7.83707 	-3.50045
7.83947 	-3.45953
7.84187 	-3.41865
7.84427 	-3.37781
7.84666 	-3.33702
7.84906 	-3.29626
7.85146 	-3.25555
7.85386 	-3.21489
7.85626 	-3.17427
7.85865 	-3.13369
7.86105 	-3.09316
7.86345 	-3.05267
7.86585 	-3.01223
7.86825 	-2.97183
7.87064 	-2.93147
7.87304 	-2.89117
7.87544 	-2.8509
7.87784 	-2.81069
7.88024 	-2.77052
7.88263 	-2.73039
7.88503 	-2.69031
7.88743 	-2.65028
7.88983 	-2.6103
7.89223 	-2.57036
7.89462 	-2.53047
7.89702 	-2.49063
7.89942 	-2.45084
7.90182 	-2.41109
7.90422 	-2.37139
7.90661 	-2.33174
7.90901 	-2.29214
7.91141 	-2.25259
7.91381 	-2.21308
7.91621 	-2.17363
7.9186 	-2.13422
7.921 	-2.09486
7.9234 	-2.05556
7.9258 	-2.0163
7.9282 	-1.9771
7.93059 	-1.93794
7.93299 	-1.89883
7.93539 	-1.85978
7.93779 	-1.82078
7.94019 	-1.78182
7.94258 	-1.74292
7.94498 	-1.70407
7.94738 	-1.66527
7.94978 	-1.62652
7.95218 	-1.58783
7.95457 	-1.54919
7.95697 	-1.5106
7.95937 	-1.47206
7.96177 	-1.43357
7.96417 	-1.39514
7.96656 	-1.35676
7.96896 	-1.31844
7.97136 	-1.28016
7.97376 	-1.24194
7.97616 	-1.20378
7.97855 	-1.16567
7.98095 	-1.12761
7.98335 	-1.08961
7.98575 	-1.05166
7.98815 	-1.01376
7.99054 	-0.975922
7.99294 	-0.938138
7.99534 	-0.900408
7.99774 	-0.862733
8.00014 	-0.825114
8.00253 	-0.787551
8.00493 	-0.750043
8.00733 	-0.712591
8.00973 	-0.675195
8.01213 	-0.637855
8.01452 	-0.600571
8.01692 	-0.563344
8.01932 	-0.526173
8.02172 	-0.48906
8.02412 	-0.452003
8.02651 	-0.415003
8.02891 	-0.37806
8.03131 	-0.341175
8.03371 	-0.304347
8.03611 	-0.267577
8.0385 	-0.230864
8.0409 	-0.19421
8.0433 	-0.157613
8.0457 	-0.121075
8.0481 	-0.0845946
8.05049 	-0.048173
8.05289 	-0.01181
8.05529 	0.0244942
8.05769 	0.0607397
8.06009 	0.0969261
8.06248 	0.133053
8.06488 	0.169122
8.06728 	0.20513
8.06968 	0.24108
8.07208 	0.276969
8.07447 	0.312799
8.07687 	0.348569
8.07927 	0.384279
8.08167 	0.419929
8.08407 	0.455519
8.08646 	0.491048
8.08886 	0.526517
8.09126 	0.561926
8.09366 	0.597273
8.09606 	0.63256
8.09845 	0.667786
8.10085 	0.702951
8.10325 	0.738055
8.10565 	0.773097
8.10805 	0.808078
8.11044 	0.842998
8.11284 	0.877856
8.11524 	0.912653
8.11764 	0.947388
8.12004 	0.98206
8.12243 	1.01667
8.12483 	1.05122
8.12723 	1.08571
8.12963 	1.12013
8.13203 	1.15449
8.13442 	1.18879
8.13682 	1.22303
8.13922 	1.2572
8.14162 	1.29132
8.14402 	1.32536
8.14641 	1.35935
8.14881 	1.39327
8.15121 	1.42713
8.15361 	1.46093
8.15601 	1.49466
8.1584 	1.52833
8.1608 	1.56194
8.1632 	1.59548
8.1656 	1.62896
8.168 	1.66238
8.17039 	1.69573
8.17279 	1.72902
8.17519 	1.76224
8.17759 	1.7954
8.17999 	1.8285
8.18238 	1.86153
8.18478 	1.8945
8.18718 	1.9274
8.18958 	1.96024
8.19198 	1.99302
8.19437 	2.02573
8.19677 	2.05837
8.19917 	2.09095
8.20157 	2.12347
8.20397 	2.15592
8.20636 	2.18831
8.20876 	2.22063
8.21116 	2.25289
8.21356 	2.28508
8.21596 	2.31721
8.21835 	2.34927
8.22075 	2.38127
8.22315 	2.4132
8.22555 	2.44506
8.22795 	2.47687
8.23034 	2.5086
8.23274 	2.54027
8.23514 	2.57188
8.23754 	2.60342
8.23994 	2.63489
8.24233 	2.6663
8.24473 	2.69764
8.24713 	2.72892
8.24953 	2.76013
8.25193 	2.79128
8.25432 	2.82236
8.25672 	2.85337
8.25912 	2.88432
8.26152 	2.9152
8.26392 	2.94602
8.26631 	2.97677
8.26871 	3.00745
8.27111 	3.03807
8.27351 	3.06862
8.27591 	3.0991
8.2783 	3.12952
8.2807 	3.15988
8.2831 	3.19016
8.2855 	3.22039
8.2879 	3.25054
8.29029 	3.28063
8.29269 	3.31065
8.29509 	3.34061
8.29749 	3.37049
8.29989 	3.40032
8.30228 	3.43007
8.30468 	3.45976
8.30708 	3.48939
8.30948 	3.51894
8.31188 	3.54843
8.31427 	3.57786
8.31667 	3.60722
8.31907 	3.63651
8.32147 	3.66573
8.32387 	3.69489
8.32626 	3.72398
8.32866 	3.753
8.33106 	3.78196
8.33346 	3.81085
8.33586 	3.83968
8.33825 	3.86844
8.34065 	3.89713
8.34305 	3.92575
8.34545 	3.95431
8.34785 	3.9828
8.35024 	4.01123
8.35264 	4.03959
8.35504 	4.06788
8.35744 	4.0961
8.35984 	4.12426
8.36223 	4.15235
8.36463 	4.18038
8.36703 	4.20834
8.36943 	4.23623
8.37183 	4.26405
8.37422 	4.29181
8.37662 	4.3195
8.37902 	4.34713
8.38142 	4.37469
8.38382 	4.40218
8.38621 	4.4296
8.38861 	4.45696
8.39101 	4.48426
8.39341 	4.51148
8.39581 	4.53864
8.3982 	4.56573
8.4006 	4.59276
8.403 	4.61972
8.4054 	4.64661
8.4078 	4.67344
8.41019 	4.7002
8.41259 	4.72689
8.41499 	4.75352
8.41739 	4.78008
8.41979 	4.80658
8.42218 	4.83301
8.42458 	4.85937
8.42698 	4.88567
8.42938 	4.9119
8.43178 	4.93806
8.43417 	4.96416
8.43657 	4.99019
8.43897 	5.01615
8.44137 	5.04205
8.44377 	5.06789
8.44616 	5.09365
8.44856 	5.11935
8.45096 	5.14499
8.45336 	5.17056
8.45576 	5.19606
8.45815 	5.2215
8.46055 	5.24687
8.46295 	5.27217
8.46535 	5.29741
8.46775 	5.32259
8.47014 	5.3477
8.47254 	5.37274
8.47494 	5.39772
8.47734 	5.42263
8.47974 	5.44747
8.48213 	5.47225
8.48453 	5.49697
8.48693 	5.52162
8.48933 	5.5462
8.49173 	5.57072
8.49412 	5.59517
8.49652 	5.61956
8.49892 	5.64389
8.50132 	5.66814
8.50372 	5.69234
8.50611 	5.71646
8.50851 	5.74053
8.51091 	5.76452
8.51331 	5.78846
8.51571 	5.81232
8.5181 	5.83613
8.5205 	5.85987
8.5229 	5.88354
8.5253 	5.90715
8.5277 	5.93069
8.53009 	5.95417
8.53249 	5.97759
8.53489 	6.00094
8.53729 	6.02423
8.53969 	6.04745
8.54208 	6.07061
8.54448 	6.0937
8.54688 	6.11673
8.54928 	6.1397
8.55168 	6.1626
8.55407 	6.18544
8.55647 	6.20821
8.55887 	6.23092
8.56127 	6.25357
8.56367 	6.27615
8.56606 	6.29867
8.56846 	6.32112
8.57086 	6.34351
8.57326 	6.36584
8.57566 	6.38811
8.57805 	6.41031
8.58045 	6.43245
8.58285 	6.45452
8.58525 	6.47653
8.58765 	6.49848
8.59004 	6.52037
8.59244 	6.54219
8.59484 	6.56395
8.59724 	6.58565
8.59964 	6.60728
8.60203 	6.62885
8.60443 	6.65036
8.60683 	6.67181
8.60923 	6.69319
8.61163 	6.71451
8.61402 	6.73577
8.61642 	6.75697
8.61882 	6.77811
8.62122 	6.79918
8.62362 	6.82019
8.62601 	6.84114
8.62841 	6.86203
8.63081 	6.88285
8.63321 	6.90362
8.63561 	6.92432
8.638 	6.94496
8.6404 	6.96554
8.6428 	6.98606
8.6452 	7.00651
8.6476 	7.02691
8.64999 	7.04724
8.65239 	7.06751
8.65479 	7.08773
8.65719 	7.10788
8.65959 	7.12797
8.66198 	7.148
8.66438 	7.16797
8.66678 	7.18787
8.66918 	7.20772
8.67158 	7.22751
8.67397 	7.24724
8.67637 	7.2669
8.67877 	7.28651
8.68117 	7.30606
8.68357 	7.32554
8.68596 	7.34497
8.68836 	7.36434
8.69076 	7.38365
8.69316 	7.40289
8.69556 	7.42208
8.69795 	7.44121
8.70035 	7.46028
8.70275 	7.47929
8.70515 	7.49824
8.70755 	7.51713
8.70994 	7.53596
8.71234 	7.55474
8.71474 	7.57345
8.71714 	7.59211
8.71954 	7.6107
8.72193 	7.62924
8.72433 	7.64772
8.72673 	7.66615
8.72913 	7.68451
8.73153 	7.70281
8.73392 	7.72106
8.73632 	7.73925
8.73872 	7.75738
8.74112 	7.77546
8.74352 	7.79347
8.74591 	7.81143
8.74831 	7.82933
8.75071 	7.84717
8.75311 	7.86496
8.75551 	7.88269
8.7579 	7.90036
8.7603 	7.91797
8.7627 	7.93553
8.7651 	7.95303
8.7675 	7.97047
8.76989 	7.98786
8.77229 	8.00519
8.77469 	8.02246
8.77709 	8.03968
8.77949 	8.05684
8.78188 	8.07394
8.78428 	8.09099
8.78668 	8.10798
8.78908 	8.12492
8.79148 	8.1418
8.79387 	8.15862
8.79627 	8.17539
8.79867 	8.19211
8.80107 	8.20877
8.80347 	8.22537
8.80586 	8.24192
8.80826 	8.25841
8.81066 	8.27485
8.81306 	8.29123
8.81546 	8.30755
8.81785 	8.32383
8.82025 	8.34005
8.82265 	8.35621
8.82505 	8.37232
8.82745 	8.38837
8.82984 	8.40437
8.83224 	8.42032
8.83464 	8.43621
8.83704 	8.45205
8.83944 	8.46784
8.84183 	8.48357
8.84423 	8.49924
8.84663 	8.51487
8.84903 	8.53044
8.85143 	8.54595
8.85382 	8.56142
8.85622 	8.57683
8.85862 	8.59219
8.86102 	8.60749
8.86342 	8.62274
8.86581 	8.63794
8.86821 	8.65309
8.87061 	8.66818
8.87301 	8.68322
8.87541 	8.69821
8.8778 	8.71315
8.8802 	8.72804
8.8826 	8.74287
8.885 	8.75765
8.8874 	8.77238
8.88979 	8.78706
8.89219 	8.80168
8.89459 	8.81626
8.89699 	8.83078
8.89939 	8.84525
8.90178 	8.85967
8.90418 	8.87404
8.90658 	8.88836
8.90898 	8.90263
8.91138 	8.91685
8.91377 	8.93102
8.91617 	8.94513
8.91857 	8.9592
8.92097 	8.97321
8.92337 	8.98718
8.92576 	9.00109
8.92816 	9.01496
8.93056 	9.02878
8.93296 	9.04254
8.93536 	9.05626
8.93775 	9.06992
8.94015 	9.08354
8.94255 	9.09711
8.94495 	9.11063
8.94735 	9.1241
8.94974 	9.13752
8.95214 	9.15089
8.95454 	9.16421
8.95694 	9.17748
8.95934 	9.19071
8.96173 	9.20389
8.96413 	9.21701
8.96653 	9.23009
8.96893 	9.24313
8.97133 	9.25611
8.97372 	9.26905
8.97612 	9.28193
8.97852 	9.29477
8.98092 	9.30757
8.98332 	9.32031
8.98571 	9.33301
8.98811 	9.34566
8.99051 	9.35826
8.99291 	9.37082
8.99531 	9.38333
8.9977 	9.39579
9.0001 	9.40821
9.0025 	9.42058
9.0049 	9.4329
9.0073 	9.44517
9.00969 	9.4574
9.01209 	9.46959
9.01449 	9.48172
9.01689 	9.49381
9.01929 	9.50586
9.02168 	9.51786
9.02408 	9.52981
9.02648 	9.54172
9.02888 	9.55358
9.03128 	9.5654
9.03367 	9.57717
9.03607 	9.58889
9.03847 	9.60058
9.04087 	9.61221
9.04327 	9.6238
9.04566 	9.63535
9.04806 	9.64685
9.05046 	9.65831
9.05286 	9.66972
9.05526 	9.68109
9.05765 	9.69242
9.06005 	9.7037
9.06245 	9.71493
9.06485 	9.72613
9.06725 	9.73727
9.06964 	9.74838
9.07204 	9.75944
9.07444 	9.77046
9.07684 	9.78143
9.07924 	9.79236
9.08163 	9.80325
9.08403 	9.8141
9.08643 	9.8249
9.08883 	9.83566
9.09123 	9.84638
9.09362 	9.85705
9.09602 	9.86768
9.09842 	9.87827
9.10082 	9.88882
9.10322 	9.89932
9.10561 	9.90978
9.10801 	9.9202
9.11041 	9.93058
9.11281 	9.94092
9.11521 	9.95121
9.1176 	9.96147
9.12 	9.97168
9.1224 	9.98185
9.1248 	9.99198
9.1272 	10.0021
9.12959 	10.0121
9.13199 	10.0221
9.13439 	10.0321
9.13679 	10.042
9.13919 	10.0519
9.14158 	10.0617
9.14398 	10.0715
9.14638 	10.0813
9.14878 	10.091
9.15118 	10.1007
9.15357 	10.1103
9.15597 	10.1199
9.15837 	10.1295
9.16077 	10.139
9.16317 	10.1485
9.16556 	10.158
9.16796 	10.1674
9.17036 	10.1767
9.17276 	10.1861
9.17516 	10.1953
9.17755 	10.2046
9.17995 	10.2138
9.18235 	10.223
9.18475 	10.2321
9.18715 	10.2412
9.18954 	10.2502
9.19194 	10.2593
9.19434 	10.2682
9.19674 	10.2772
9.19914 	10.2861
9.20153 	10.2949
9.20393 	10.3038
9.20633 	10.3126
9.20873 	10.3213
9.21113 	10.33
9.21352 	10.3387
9.21592 	10.3473
9.21832 	10.3559
9.22072 	10.3645
9.22312 	10.373
9.22551 	10.3815
9.22791 	10.39
9.23031 	10.3984
9.23271 	10.4068
9.23511 	10.4151
9.2375 	10.4234
9.2399 	10.4317
9.2423 	10.4399
9.2447 	10.4481
9.2471 	10.4563
9.24949 	10.4644
9.25189 	10.4725
9.25429 	10.4805
9.25669 	10.4886
9.25909 	10.4965
9.26148 	10.5045
9.26388 	10.5124
9.26628 	10.5203
9.26868 	10.5281
9.27108 	10.5359
9.27347 	10.5437
9.27587 	10.5514
9.27827 	10.5591
9.28067 	10.5668
9.28307 	10.5744
9.28546 	10.582
9.28786 	10.5896
9.29026 	10.5971
9.29266 	10.6046
9.29506 	10.6121
9.29745 	10.6195
9.29985 	10.6269
9.30225 	10.6342
9.30465 	10.6416
9.30705 	10.6489
9.30944 	10.6561
9.31184 	10.6633
9.31424 	10.6705
9.31664 	10.6777
9.31904 	10.6848
9.32143 	10.6919
9.32383 	10.699
9.32623 	10.706
9.32863 	10.713
9.33103 	10.7199
9.33342 	10.7269
9.33582 	10.7338
9.33822 	10.7406
9.34062 	10.7475
9.34302 	10.7543
9.34541 	10.761
9.34781 	10.7678
9.35021 	10.7745
9.35261 	10.7811
9.35501 	10.7878
9.3574 	10.7944
9.3598 	10.801
9.3622 	10.8075
9.3646 	10.814
9.367 	10.8205
9.36939 	10.8269
9.37179 	10.8334
9.37419 	10.8398
9.37659 	10.8461
9.37899 	10.8524
9.38138 	10.8587
9.38378 	10.865
9.38618 	10.8712
9.38858 	10.8774
9.39098 	10.8836
9.39337 	10.8898
9.39577 	10.8959
9.39817 	10.902
9.40057 	10.908
9.40297 	10.914
9.40536 	10.92
9.40776 	10.926
9.41016 	10.9319
9.41256 	10.9378
9.41496 	10.9437
9.41735 	10.9495
9.41975 	10.9554
9.42215 	10.9611
9.42455 	10.9669
9.42695 	10.9726
9.42934 	10.9783
9.43174 	10.984
9.43414 	10.9896
9.43654 	10.9953
9.43894 	11.0008
9.44133 	11.0064
9.44373 	11.0119
9.44613 	11.0174
9.44853 	11.0229
9.45093 	11.0283
9.45332 	11.0338
9.45572 	11.0391
9.45812 	11.0445
9.46052 	11.0498
9.46292 	11.0551
9.46531 	11.0604
9.46771 	11.0657
9.47011 	11.0709
9.47251 	11.0761
9.47491 	11.0812
9.4773 	11.0864
9.4797 	11.0915
9.4821 	11.0966
9.4845 	11.1016
9.4869 	11.1067
9.48929 	11.1117
9.49169 	11.1166
9.49409 	11.1216
9.49649 	11.1265
9.49889 	11.1314
9.50128 	11.1363
9.50368 	11.1411
9.50608 	11.146
9.50848 	11.1507
9.51088 	11.1555
9.51327 	11.1603
9.51567 	11.165
9.51807 	11.1697
9.52047 	11.1743
9.52287 	11.179
9.52526 	11.1836
9.52766 	11.1882
9.53006 	11.1927
9.53246 	11.1972
9.53486 	11.2018
9.53725 	11.2062
9.53965 	11.2107
9.54205 	11.2151
9.54445 	11.2195
9.54685 	11.2239
9.54924 	11.2283
9.55164 	11.2326
9.55404 	11.2369
9.55644 	11.2412
9.55884 	11.2455
9.56123 	11.2497
9.56363 	11.2539
9.56603 	11.2581
9.56843 	11.2623
9.57083 	11.2664
9.57322 	11.2705
9.57562 	11.2746
9.57802 	11.2787
9.58042 	11.2827
9.58282 	11.2868
9.58521 	11.2908
9.58761 	11.2947
9.59001 	11.2987
9.59241 	11.3026
9.59481 	11.3065
9.5972 	11.3104
9.5996 	11.3142
9.602 	11.3181
9.6044 	11.3219
9.6068 	11.3257
9.60919 	11.3294
9.61159 	11.3332
9.61399 	11.3369
9.61639 	11.3406
9.61879 	11.3443
9.62118 	11.3479
9.62358 	11.3516
9.62598 	11.3552
9.62838 	11.3587
9.63078 	11.3623
9.63317 	11.3658
9.63557 	11.3694
9.63797 	11.3729
9.64037 	11.3763
9.64277 	11.3798
9.64516 	11.3832
9.64756 	11.3866
9.64996 	11.39
9.65236 	11.3934
9.65476 	11.3967
9.65715 	11.4
9.65955 	11.4033
9.66195 	11.4066
9.66435 	11.4099
9.66675 	11.4131
9.66914 	11.4163
9.67154 	11.4195
9.67394 	11.4227
9.67634 	11.4259
9.67874 	11.429
9.68113 	11.4321
9.68353 	11.4352
9.68593 	11.4383
9.68833 	11.4413
9.69073 	11.4443
9.69312 	11.4473
9.69552 	11.4503
9.69792 	11.4533
9.70032 	11.4562
9.70272 	11.4592
9.70511 	11.4621
9.70751 	11.465
9.70991 	11.4678
9.71231 	11.4707
9.71471 	11.4735
9.7171 	11.4763
9.7195 	11.4791
9.7219 	11.4819
9.7243 	11.4846
9.7267 	11.4874
9.72909 	11.4901
9.73149 	11.4928
9.73389 	11.4954
9.73629 	11.4981
9.73869 	11.5007
9.74108 	11.5033
9.74348 	11.5059
9.74588 	11.5085
9.74828 	11.5111
9.75068 	11.5136
9.75307 	11.5161
9.75547 	11.5186
9.75787 	11.5211
9.76027 	11.5236
9.76267 	11.526
9.76506 	11.5284
9.76746 	11.5308
9.76986 	11.5332
9.77226 	11.5356
9.77466 	11.538
9.77705 	11.5403
9.77945 	11.5426
9.78185 	11.5449
9.78425 	11.5472
9.78665 	11.5495
9.78904 	11.5517
9.79144 	11.5539
9.79384 	11.5561
9.79624 	11.5583
9.79864 	11.5605
9.80103 	11.5627
9.80343 	11.5648
9.80583 	11.5669
9.80823 	11.569
9.81063 	11.5711
9.81302 	11.5732
9.81542 	11.5752
9.81782 	11.5773
9.82022 	11.5793
9.82262 	11.5813
9.82501 	11.5833
9.82741 	11.5853
9.82981 	11.5872
9.83221 	11.5891
9.83461 	11.5911
9.837 	11.593
9.8394 	11.5948
9.8418 	11.5967
9.8442 	11.5986
9.8466 	11.6004
9.84899 	11.6022
9.85139 	11.604
9.85379 	11.6058
9.85619 	11.6076
9.85859 	11.6093
9.86098 	11.6111
9.86338 	11.6128
9.86578 	11.6145
9.86818 	11.6162
9.87058 	11.6179
9.87297 	11.6195
9.87537 	11.6212
9.87777 	11.6228
9.88017 	11.6244
9.88257 	11.626
9.88496 	11.6276
9.88736 	11.6291
9.88976 	11.6307
9.89216 	11.6322
9.89456 	11.6338
9.89695 	11.6353
9.89935 	11.6367
9.90175 	11.6382
9.90415 	11.6397
9.90655 	11.6411
9.90894 	11.6425
9.91134 	11.644
9.91374 	11.6454
9.91614 	11.6467
9.91854 	11.6481
9.92093 	11.6495
9.92333 	11.6508
9.92573 	11.6521
9.92813 	11.6534
9.93053 	11.6547
9.93292 	11.656
9.93532 	11.6573
9.93772 	11.6585
9.94012 	11.6598
9.94252 	11.661
9.94491 	11.6622
9.94731 	11.6634
9.94971 	11.6646
9.95211 	11.6658
9.95451 	11.6669
9.9569 	11.668
9.9593 	11.6692
9.9617 	11.6703
9.9641 	11.6714
9.9665 	11.6725
9.96889 	11.6735
9.97129 	11.6746
9.97369 	11.6756
9.97609 	11.6767
9.97849 	11.6777
9.98088 	11.6787
9.98328 	11.6797
9.98568 	11.6807
9.98808 	11.6816
9.99048 	11.6826
9.99287 	11.6835
9.99527 	11.6844
9.99767 	11.6853
10.0001 	11.6862
10.0025 	11.6871
10.0049 	11.688
10.0073 	11.6888
10.0097 	11.6897
10.0121 	11.6905
10.0145 	11.6913
10.0169 	11.6922
10.0193 	11.6929
10.0216 	11.6937
10.024 	11.6945
10.0264 	11.6953
10.0288 	11.696
10.0312 	11.6967
10.0336 	11.6974
10.036 	11.6982
10.0384 	11.6988
10.0408 	11.6995
10.0432 	11.7002
10.0456 	11.7009
10.048 	11.7015
10.0504 	11.7021
10.0528 	11.7028
10.0552 	11.7034
10.0576 	11.704
10.06 	11.7045
10.0624 	11.7051
10.0648 	11.7057
10.0672 	11.7062
10.0696 	11.7068
10.072 	11.7073
10.0744 	11.7078
10.0768 	11.7083
10.0792 	11.7088
10.0816 	11.7093
10.084 	11.7098
10.0864 	11.7102
10.0888 	11.7107
10.0912 	11.7111
10.0936 	11.7115
10.096 	11.7119
10.0984 	11.7123
10.1008 	11.7127
10.1032 	11.7131
10.1056 	11.7135
10.108 	11.7138
10.1104 	11.7142
10.1128 	11.7145
10.1152 	11.7148
10.1176 	11.7151
10.12 	11.7154
10.1224 	11.7157
10.1248 	11.716
10.1272 	11.7163
10.1296 	11.7165
10.132 	11.7168
10.1344 	11.717
10.1368 	11.7172
10.1392 	11.7174
10.1416 	11.7177
10.1439 	11.7178
10.1463 	11.718
10.1487 	11.7182
10.1511 	11.7184
10.1535 	11.7185
10.1559 	11.7187
10.1583 	11.7188
10.1607 	11.7189
10.1631 	11.719
10.1655 	11.7191
10.1679 	11.7192
10.1703 	11.7193
10.1727 	11.7194
10.1751 	11.7194
10.1775 	11.7195
10.1799 	11.7195
10.1823 	11.7196
10.1847 	11.7196
10.1871 	11.7196
10.1895 	11.7196
10.1919 	11.7196
10.1943 	11.7196
10.1967 	11.7196
10.1991 	11.7195
10.2015 	11.7195
10.2039 	11.7194
10.2063 	11.7194
10.2087 	11.7193
10.2111 	11.7192
10.2135 	11.7191
10.2159 	11.719
10.2183 	11.7189
10.2207 	11.7188
10.2231 	11.7186
10.2255 	11.7185
10.2279 	11.7184
10.2303 	11.7182
10.2327 	11.718
10.2351 	11.7179
10.2375 	11.7177
10.2399 	11.7175
10.2423 	11.7173
10.2447 	11.7171
10.2471 	11.7168
10.2495 	11.7166
10.2519 	11.7164
10.2543 	11.7161
10.2567 	11.7159
10.2591 	11.7156
10.2614 	11.7153
10.2638 	11.7151
10.2662 	11.7148
10.2686 	11.7145
10.271 	11.7142
10.2734 	11.7138
10.2758 	11.7135
10.2782 	11.7132
10.2806 	11.7128
10.283 	11.7125
10.2854 	11.7121
10.2878 	11.7118
10.2902 	11.7114
10.2926 	11.711
10.295 	11.7106
10.2974 	11.7102
10.2998 	11.7098
10.3022 	11.7094
10.3046 	11.709
10.307 	11.7086
10.3094 	11.7081
10.3118 	11.7077
10.3142 	11.7072
10.3166 	11.7067
10.319 	11.7063
10.3214 	11.7058
10.3238 	11.7053
10.3262 	11.7048
10.3286 	11.7043
10.331 	11.7038
10.3334 	11.7033
10.3358 	11.7028
10.3382 	11.7022
10.3406 	11.7017
10.343 	11.7011
10.3454 	11.7006
10.3478 	11.7
10.3502 	11.6994
10.3526 	11.6989
10.355 	11.6983
10.3574 	11.6977
10.3598 	11.6971
10.3622 	11.6965
10.3646 	11.6959
10.367 	11.6952
10.3694 	11.6946
10.3718 	11.694
10.3742 	11.6933
10.3766 	11.6927
10.379 	11.692
10.3813 	11.6914
10.3837 	11.6907
10.3861 	11.69
10.3885 	11.6893
10.3909 	11.6886
10.3933 	11.6879
10.3957 	11.6872
10.3981 	11.6865
10.4005 	11.6858
10.4029 	11.6851
10.4053 	11.6843
10.4077 	11.6836
10.4101 	11.6828
10.4125 	11.6821
10.4149 	11.6813
10.4173 	11.6805
10.4197 	11.6798
10.4221 	11.679
10.4245 	11.6782
10.4269 	11.6774
10.4293 	11.6766
10.4317 	11.6758
10.4341 	11.675
10.4365 	11.6741
10.4389 	11.6733
10.4413 	11.6725
10.4437 	11.6716
10.4461 	11.6708
10.4485 	11.6699
10.4509 	11.6691
10.4533 	11.6682
10.4557 	11.6673
10.4581 	11.6665
10.4605 	11.6656
10.4629 	11.6647
10.4653 	11.6638
10.4677 	11.6629
10.4701 	11.662
10.4725 	11.6611
10.4749 	11.6601
10.4773 	11.6592
10.4797 	11.6583
10.4821 	11.6573
10.4845 	11.6564
10.4869 	11.6554
10.4893 	11.6545
10.4917 	11.6535
10.4941 	11.6525
10.4965 	11.6516
10.4989 	11.6506
10.5013 	11.6496
10.5036 	11.6486
10.506 	11.6476
10.5084 	11.6466
10.5108 	11.6456
10.5132 	11.6446
10.5156 	11.6436
10.518 	11.6425
10.5204 	11.6415
10.5228 	11.6405
10.5252 	11.6394
10.5276 	11.6384
10.53 	11.6373
10.5324 	11.6363
10.5348 	11.6352
10.5372 	11.6341
10.5396 	11.633
10.542 	11.632
10.5444 	11.6309
10.5468 	11.6298
10.5492 	11.6287
10.5516 	11.6276
10.554 	11.6265
10.5564 	11.6253
10.5588 	11.6242
10.5612 	11.6231
10.5636 	11.622
10.566 	11.6208
10.5684 	11.6197
10.5708 	11.6186
10.5732 	11.6174
10.5756 	11.6162
10.578 	11.6151
10.5804 	11.6139
10.5828 	11.6128
10.5852 	11.6116
10.5876 	11.6104
10.59 	11.6092
10.5924 	11.608
10.5948 	11.6068
10.5972 	11.6056
10.5996 	11.6044
10.602 	11.6032
10.6044 	11.602
10.6068 	11.6008
10.6092 	11.5995
10.6116 	11.5983
10.614 	11.5971
10.6164 	11.5958
10.6188 	11.5946
10.6212 	11.5934
10.6235 	11.5921
10.6259 	11.5908
10.6283 	11.5896
10.6307 	11.5883
10.6331 	11.587
10.6355 	11.5858
10.6379 	11.5845
10.6403 	11.5832
10.6427 	11.5819
10.6451 	11.5806
10.6475 	11.5793
10.6499 	11.578
10.6523 	11.5767
10.6547 	11.5754
10.6571 	11.5741
10.6595 	11.5728
10.6619 	11.5714
10.6643 	11.5701
10.6667 	11.5688
10.6691 	11.5674
10.6715 	11.5661
10.6739 	11.5647
10.6763 	11.5634
10.6787 	11.562
10.6811 	11.5607
10.6835 	11.5593
10.6859 	11.558
10.6883 	11.5566
10.6907 	11.5552
10.6931 	11.5538
10.6955 	11.5524
10.6979 	11.5511
10.7003 	11.5497
10.7027 	11.5483
10.7051 	11.5469
10.7075 	11.5455
10.7099 	11.5441
10.7123 	11.5426
10.7147 	11.5412
10.7171 	11.5398
10.7195 	11.5384
10.7219 	11.537
10.7243 	11.5355
10.7267 	11.5341
10.7291 	11.5327
10.7315 	11.5312
10.7339 	11.5298
10.7363 	11.5283
10.7387 	11.5269
10.741 	11.5254
10.7434 	11.5239
10.7458 	11.5225
10.7482 	11.521
10.7506 	11.5195
10.753 	11.5181
10.7554 	11.5166
10.7578 	11.5151
10.7602 	11.5136
10.7626 	11.5121
10.765 	11.5106
10.7674 	11.5091
10.7698 	11.5076
10.7722 	11.5061
10.7746 	11.5046
10.777 	11.5031
10.7794 	11.5016
10.7818 	11.5
10.7842 	11.4985
10.7866 	11.497
10.789 	11.4955
10.7914 	11.4939
10.7938 	11.4924
10.7962 	11.4909
10.7986 	11.4893
10.801 	11.4878
10.8034 	11.4862
10.8058 	11.4847
10.8082 	11.4831
10.8106 	11.4815
10.813 	11.48
10.8154 	11.4784
10.8178 	11.4769
10.8202 	11.4753
10.8226 	11.4737
10.825 	11.4721
10.8274 	11.4705
10.8298 	11.469
10.8322 	11.4674
10.8346 	11.4658
10.837 	11.4642
10.8394 	11.4626
10.8418 	11.461
10.8442 	11.4594
10.8466 	11.4578
10.849 	11.4562
10.8514 	11.4545
10.8538 	11.4529
10.8562 	11.4513
10.8586 	11.4497
10.8609 	11.4481
10.8633 	11.4464
10.8657 	11.4448
10.8681 	11.4432
10.8705 	11.4415
10.8729 	11.4399
10.8753 	11.4382
10.8777 	11.4366
10.8801 	11.4349
10.8825 	11.4333
10.8849 	11.4316
10.8873 	11.43
10.8897 	11.4283
10.8921 	11.4267
10.8945 	11.425
10.8969 	11.4233
10.8993 	11.4217
10.9017 	11.42
10.9041 	11.4183
10.9065 	11.4166
10.9089 	11.4149
10.9113 	11.4133
10.9137 	11.4116
10.9161 	11.4099
10.9185 	11.4082
10.9209 	11.4065
10.9233 	11.4048
10.9257 	11.4031
10.9281 	11.4014
10.9305 	11.3997
10.9329 	11.398
10.9353 	11.3963
10.9377 	11.3946
10.9401 	11.3928
10.9425 	11.3911
10.9449 	11.3894
10.9473 	11.3877
10.9497 	11.386
10.9521 	11.3842
10.9545 	11.3825
10.9569 	11.3808
10.9593 	11.379
10.9617 	11.3773
10.9641 	11.3755
10.9665 	11.3738
10.9689 	11.3721
10.9713 	11.3703
10.9737 	11.3686
10.9761 	11.3668
10.9785 	11.3651
10.9809 	11.3633
10.9832 	11.3615
10.9856 	11.3598
10.988 	11.358
10.9904 	11.3562
10.9928 	11.3545
10.9952 	11.3527
10.9976 	11.3509
11 	11.3492
11.0024 	11.3474
11.0048 	11.3456
11.0072 	11.3438
11.0096 	11.342
11.012 	11.3402
11.0144 	11.3385
11.0168 	11.3367
11.0192 	11.3349
11.0216 	11.3331
11.024 	11.3313
11.0264 	11.3295
11.0288 	11.3277
11.0312 	11.3259
11.0336 	11.3241
11.036 	11.3223
11.0384 	11.3205
11.0408 	11.3186
11.0432 	11.3168
11.0456 	11.315
11.048 	11.3132
11.0504 	11.3114
11.0528 	11.3096
11.0552 	11.3077
11.0576 	11.3059
11.06 	11.3041
11.0624 	11.3023
11.0648 	11.3004
11.0672 	11.2986
11.0696 	11.2968
11.072 	11.2949
11.0744 	11.2931
11.0768 	11.2912
11.0792 	11.2894
11.0816 	11.2876
11.084 	11.2857
11.0864 	11.2839
11.0888 	11.282
11.0912 	11.2802
11.0936 	11.2783
11.096 	11.2765
11.0984 	11.2746
11.1007 	11.2727
11.1031 	11.2709
11.1055 	11.269
11.1079 	11.2672
11.1103 	11.2653
11.1127 	11.2634
11.1151 	11.2615
11.1175 	11.2597
11.1199 	11.2578
11.1223 	11.2559
11.1247 	11.2541
11.1271 	11.2522
11.1295 	11.2503
11.1319 	11.2484
11.1343 	11.2465
11.1367 	11.2446
11.1391 	11.2428
11.1415 	11.2409
11.1439 	11.239
11.1463 	11.2371
11.1487 	11.2352
11.1511 	11.2333
11.1535 	11.2314
11.1559 	11.2295
11.1583 	11.2276
11.1607 	11.2257
11.1631 	11.2238
11.1655 	11.2219
11.1679 	11.22
11.1703 	11.2181
11.1727 	11.2162
11.1751 	11.2143
11.1775 	11.2124
11.1799 	11.2105
11.1823 	11.2086
11.1847 	11.2066
11.1871 	11.2047
11.1895 	11.2028
11.1919 	11.2009
11.1943 	11.199
11.1967 	11.197
11.1991 	11.1951
11.2015 	11.1932
11.2039 	11.1913
11.2063 	11.1893
11.2087 	11.1874
11.2111 	11.1855
11.2135 	11.1835
11.2159 	11.1816
11.2183 	11.1797
11.2206 	11.1777
11.223 	11.1758
11.2254 	11.1739
11.2278 	11.1719
11.2302 	11.17
11.2326 	11.168
11.235 	11.1661
11.2374 	11.1642
11.2398 	11.1622
11.2422 	11.1603
11.2446 	11.1583
11.247 	11.1564
11.2494 	11.1544
11.2518 	11.1525
11.2542 	11.1505
11.2566 	11.1486
11.259 	11.1466
11.2614 	11.1446
11.2638 	11.1427
11.2662 	11.1407
11.2686 	11.1388
11.271 	11.1368
11.2734 	11.1348
11.2758 	11.1329
11.2782 	11.1309
11.2806 	11.1289
11.283 	11.127
11.2854 	11.125
11.2878 	11.123
11.2902 	11.1211
11.2926 	11.1191
11.295 	11.1171
11.2974 	11.1152
11.2998 	11.1132
11.3022 	11.1112
11.3046 	11.1092
11.307 	11.1072
11.3094 	11.1053
11.3118 	11.1033
11.3142 	11.1013
11.3166 	11.0993
11.319 	11.0973
11.3214 	11.0954
11.3238 	11.0934
11.3262 	11.0914
11.3286 	11.0894
11.331 	11.0874
11.3334 	11.0854
11.3358 	11.0834
11.3382 	11.0814
11.3406 	11.0794
11.3429 	11.0775
11.3453 	11.0755
11.3477 	11.0735
11.3501 	11.0715
11.3525 	11.0695
11.3549 	11.0675
11.3573 	11.0655
11.3597 	11.0635
11.3621 	11.0615
11.3645 	11.0595
11.3669 	11.0575
11.3693 	11.0555
11.3717 	11.0535
11.3741 	11.0515
11.3765 	11.0495
11.3789 	11.0475
11.3813 	11.0454
11.3837 	11.0434
11.3861 	11.0414
11.3885 	11.0394
11.3909 	11.0374
11.3933 	11.0354
11.3957 	11.0334
11.3981 	11.0314
11.4005 	11.0294
11.4029 	11.0273
11.4053 	11.0253
11.4077 	11.0233
11.4101 	11.0213
11.4125 	11.0193
11.4149 	11.0173
11.4173 	11.0152
11.4197 	11.0132
11.4221 	11.0112
11.4245 	11.0092
11.4269 	11.0072
11.4293 	11.0051
11.4317 	11.0031
11.4341 	11.0011
11.4365 	10.9991
11.4389 	10.997
11.4413 	10.995
11.4437 	10.993
11.4461 	10.991
11.4485 	10.9889
11.4509 	10.9869
11.4533 	10.9849
11.4557 	10.9828
11.4581 	10.9808
11.4604 	10.9788
11.4628 	10.9768
11.4652 	10.9747
11.4676 	10.9727
11.47 	10.9707
11.4724 	10.9686
11.4748 	10.9666
11.4772 	10.9645
11.4796 	10.9625
11.482 	10.9605
11.4844 	10.9584
11.4868 	10.9564
11.4892 	10.9544
11.4916 	10.9523
11.494 	10.9503
11.4964 	10.9482
11.4988 	10.9462
11.5012 	10.9442
11.5036 	10.9421
11.506 	10.9401
11.5084 	10.938
11.5108 	10.936
11.5132 	10.9339
11.5156 	10.9319
11.518 	10.9299
11.5204 	10.9278
11.5228 	10.9258
11.5252 	10.9237
11.5276 	10.9217
11.53 	10.9196
11.5324 	10.9176
11.5348 	10.9155
11.5372 	10.9135
11.5396 	10.9114
11.542 	10.9094
11.5444 	10.9073
11.5468 	10.9053
11.5492 	10.9032
11.5516 	10.9012
11.554 	10.8991
11.5564 	10.8971
11.5588 	10.895
11.5612 	10.893
11.5636 	10.8909
11.566 	10.8889
11.5684 	10.8868
11.5708 	10.8847
11.5732 	10.8827
11.5756 	10.8806
11.578 	10.8786
11.5803 	10.8765
11.5827 	10.8745
11.5851 	10.8724
11.5875 	10.8703
11.5899 	10.8683
11.5923 	10.8662
11.5947 	10.8642
11.5971 	10.8621
11.5995 	10.8601
11.6019 	10.858
11.6043 	10.8559
11.6067 	10.8539
11.6091 	10.8518
11.6115 	10.8498
11.6139 	10.8477
11.6163 	10.8456
11.6187 	10.8436
11.6211 	10.8415
11.6235 	10.8394
11.6259 	10.8374
11.6283 	10.8353
11.6307 	10.8333
11.6331 	10.8312
11.6355 	10.8291
11.6379 	10.8271
11.6403 	10.825
11.6427 	10.8229
11.6451 	10.8209
11.6475 	10.8188
11.6499 	10.8167
11.6523 	10.8147
11.6547 	10.8126
11.6571 	10.8105
11.6595 	10.8085
11.6619 	10.8064
11.6643 	10.8043
11.6667 	10.8023
11.6691 	10.8002
11.6715 	10.7981
11.6739 	10.7961
11.6763 	10.794
11.6787 	10.7919
11.6811 	10.7899
11.6835 	10.7878
11.6859 	10.7857
11.6883 	10.7836
11.6907 	10.7816
11.6931 	10.7795
11.6955 	10.7774
11.6979 	10.7754
11.7003 	10.7733
11.7026 	10.7712
11.705 	10.7692
11.7074 	10.7671
11.7098 	10.765
11.7122 	10.7629
11.7146 	10.7609
11.717 	10.7588
11.7194 	10.7567
11.7218 	10.7547
11.7242 	10.7526
11.7266 	10.7505
11.729 	10.7484
11.7314 	10.7464
11.7338 	10.7443
11.7362 	10.7422
11.7386 	10.7401
11.741 	10.7381
11.7434 	10.736
11.7458 	10.7339
11.7482 	10.7319
11.7506 	10.7298
11.753 	10.7277
11.7554 	10.7256
11.7578 	10.7236
11.7602 	10.7215
11.7626 	10.7194
11.765 	10.7173
11.7674 	10.7153
11.7698 	10.7132
11.7722 	10.7111
11.7746 	10.709
11.777 	10.707
11.7794 	10.7049
11.7818 	10.7028
11.7842 	10.7007
11.7866 	10.6987
11.789 	10.6966
11.7914 	10.6945
11.7938 	10.6925
11.7962 	10.6904
11.7986 	10.6883
11.801 	10.6862
11.8034 	10.6842
11.8058 	10.6821
11.8082 	10.68
11.8106 	10.6779
11.813 	10.6759
11.8154 	10.6738
11.8178 	10.6717
11.8201 	10.6696
11.8225 	10.6676
11.8249 	10.6655
11.8273 	10.6634
11.8297 	10.6613
11.8321 	10.6593
11.8345 	10.6572
11.8369 	10.6551
11.8393 	10.653
11.8417 	10.651
11.8441 	10.6489
11.8465 	10.6468
11.8489 	10.6447
11.8513 	10.6427
11.8537 	10.6406
11.8561 	10.6385
11.8585 	10.6364
11.8609 	10.6344
11.8633 	10.6323
11.8657 	10.6302
11.8681 	10.6281
11.8705 	10.6261
11.8729 	10.624
11.8753 	10.6219
11.8777 	10.6198
11.8801 	10.6178
11.8825 	10.6157
11.8849 	10.6136
11.8873 	10.6115
11.8897 	10.6095
11.8921 	10.6074
11.8945 	10.6053
11.8969 	10.6032
11.8993 	10.6012
11.9017 	10.5991
11.9041 	10.597
11.9065 	10.595
11.9089 	10.5929
11.9113 	10.5908
11.9137 	10.5887
11.9161 	10.5867
11.9185 	10.5846
11.9209 	10.5825
11.9233 	10.5804
11.9257 	10.5784
11.9281 	10.5763
11.9305 	10.5742
11.9329 	10.5722
11.9353 	10.5701
11.9377 	10.568
11.94 	10.5659
11.9424 	10.5639
11.9448 	10.5618
11.9472 	10.5597
11.9496 	10.5577
11.952 	10.5556
11.9544 	10.5535
11.9568 	10.5514
11.9592 	10.5494
11.9616 	10.5473
11.964 	10.5452
11.9664 	10.5432
11.9688 	10.5411
11.9712 	10.539
11.9736 	10.537
11.976 	10.5349
11.9784 	10.5328
11.9808 	10.5308
11.9832 	10.5287
11.9856 	10.5266
11.988 	10.5245
11.9904 	10.5225
11.9928 	10.5204
11.9952 	10.5183
11.9976 	10.5163
