# Pb
# nn
0 0.198790283226
1 0.187270784953
2 0.177010330875
3 0.167785202157
4 0.158184117105
5 0.149118845662
6 0.139403932271



# nn all
-1 0.161800056835



# np S=0
0 0.192069787482
1 0.179794511176
2 0.169958961365
3 0.159722887485
4 0.150410829122
5 0.140397855851
6 0.13096379942



# np S=0 all
-1 0.156867878851



# np S=1
0 0.192529711438
1 0.180076044547
2 0.170013700697
3 0.159799469933
4 0.15041689651
5 0.140518446044
6 0.131063083001



# np S=1 all
-1 0.156867972441



# pp
0 0.184353506218
1 0.172922644161
2 0.161696164743
3 0.151521551471
4 0.14120000516
5 0.131645117875
6 0.120484661625



# pp all
-1 0.150773251689
