0.000000	19.298412	36.343449	55.641858
0.100000	19.559600	35.959798	55.519401
0.200000	19.921690	34.800173	54.721845
0.300000	19.614154	32.926184	52.540300
0.400000	18.357071	30.400265	48.757370
0.500000	16.555575	27.323333	43.878949
0.600000	14.796230	23.838042	38.634284
0.700000	13.202057	20.131052	33.333089
0.800000	11.462102	16.407655	27.869763
0.900000	9.300332	12.869469	22.169794
1.000000	6.826374	9.708360	16.534735
1.100000	4.448823	7.056881	11.505708
1.200000	2.553185	4.967738	7.520925
1.300000	1.287107	3.436175	4.723282
1.400000	0.569904	2.383269	2.953169
1.500000	0.221759	1.705857	1.927615
1.600000	0.076345	1.298069	1.374416
1.700000	0.023198	1.059885	1.083083
1.800000	0.006233	0.913589	0.919823
1.900000	0.001491	0.819749	0.821240
2.000000	0.000355	0.750142	0.750496
2.100000	0.000066	0.688233	0.688299
2.200000	0.000011	0.629304	0.629315
2.300000	0.000000	0.571227	0.571227
2.400000	0.000000	0.514722	0.514722
2.500000	0.000000	0.460677	0.460677
2.600000	0.000000	0.409893	0.409893
2.700000	0.000000	0.363637	0.363637
2.800000	0.000000	0.320977	0.320977
2.900000	0.000000	0.282598	0.282598
3.000000	0.000000	0.248247	0.248247
3.100000	0.000000	0.217972	0.217972
3.200000	0.000000	0.191379	0.191379
3.300000	0.000000	0.167715	0.167715
3.400000	0.000000	0.146767	0.146767
3.500000	0.000000	0.128247	0.128247
3.600000	0.000000	0.111720	0.111720
3.700000	0.000000	0.096812	0.096812
3.800000	0.000000	0.083771	0.083771
3.900000	0.000000	0.072138	0.072138
4.000000	0.000000	0.061821	0.061821
4.100000	0.000000	0.052702	0.052702
4.200000	0.000000	0.044688	0.044688
4.300000	0.000000	0.037671	0.037671
4.400000	0.000001	0.031581	0.031583
4.500000	0.000000	0.026332	0.026332
4.600000	0.000000	0.021833	0.021833
4.700000	0.000000	0.018012	0.018012
4.800000	0.000000	0.014789	0.014789
4.900000	0.000000	0.012090	0.012090
5.000000	0.000000	0.009850	0.009850
5.100000	0.000000	0.007999	0.007999
5.200000	0.000000	0.006481	0.006481
5.300000	0.000000	0.005237	0.005237
5.400000	0.000000	0.004223	0.004223
5.500000	0.000000	0.003399	0.003399
5.600000	0.000000	0.002737	0.002737
5.700000	0.000000	0.002194	0.002194
5.800000	0.000000	0.001757	0.001757
5.900000	0.000000	0.001402	0.001402
