0.000000	12.680832	24.199996	36.880829
0.100000	12.848963	23.950288	36.799242
0.200000	13.084579	23.187926	36.272505
0.300000	12.896424	21.960028	34.856417
0.400000	12.092209	20.303943	32.396176
0.500000	10.918740	18.283857	29.202622
0.600000	9.756500	15.992954	25.749471
0.700000	8.701659	13.556016	22.257671
0.800000	7.562591	11.108159	18.670757
0.900000	6.155562	8.779359	14.934916
1.000000	4.539158	6.698643	11.237802
1.100000	2.974302	4.954182	7.928484
1.200000	1.716654	3.577995	5.294650
1.300000	0.870253	2.569381	3.439633
1.400000	0.387360	1.873376	2.260732
1.500000	0.151540	1.421838	1.573378
1.600000	0.052374	1.145960	1.198336
1.700000	0.015986	0.978197	0.994183
1.800000	0.004312	0.865695	0.870007
1.900000	0.001036	0.785967	0.787003
2.000000	0.000245	0.720605	0.720850
2.100000	0.000046	0.658490	0.658536
2.200000	0.000008	0.597770	0.597778
2.300000	0.000000	0.537513	0.537513
2.400000	0.000000	0.478939	0.478939
2.500000	0.000000	0.423293	0.423293
2.600000	0.000000	0.371426	0.371426
2.700000	0.000000	0.324659	0.324659
2.800000	0.000000	0.282057	0.282057
2.900000	0.000000	0.244290	0.244290
3.000000	0.000000	0.211052	0.211052
3.100000	0.000000	0.182325	0.182325
3.200000	0.000000	0.157640	0.157640
3.300000	0.000000	0.136160	0.136160
3.400000	0.000000	0.117588	0.117588
3.500000	0.000000	0.101559	0.101559
3.600000	0.000000	0.087568	0.087568
3.700000	0.000000	0.075176	0.075176
3.800000	0.000000	0.064573	0.064573
3.900000	0.000000	0.055261	0.055261
4.000000	0.000000	0.047113	0.047113
4.100000	0.000000	0.039991	0.039991
4.200000	0.000000	0.033782	0.033782
4.300000	0.000000	0.028386	0.028386
4.400000	0.000001	0.023730	0.023731
4.500000	0.000000	0.019742	0.019742
4.600000	0.000000	0.016329	0.016329
4.700000	0.000000	0.013442	0.013442
4.800000	0.000000	0.011011	0.011011
4.900000	0.000000	0.008980	0.008980
5.000000	0.000000	0.007298	0.007298
5.100000	0.000000	0.005912	0.005912
5.200000	0.000000	0.004778	0.004778
5.300000	0.000000	0.003852	0.003852
5.400000	0.000000	0.003100	0.003100
5.500000	0.000000	0.002490	0.002490
5.600000	0.000000	0.002001	0.002001
5.700000	0.000000	0.001602	0.001602
5.800000	0.000000	0.001283	0.001283
5.900000	0.000000	0.001024	0.001024
