# 2014-01-10.16:40:54
# P= k1+k1, k = (k1-k2)/2 
# qmax = 5
# E = 0
# A= 9	 T1= 0	 T2= 0	 A1= 9	 A2= 9
# central = 1	 tensor = 1	 spinisospin = 0
# norm = 1.46732
#k 	 mf 	 corr 	 3b corr 	 total
0	299.969	4.07344	59.3856	363.428
0.7	23.0943	0.798643	14.0984	37.9914
0.6	45.5502	1.23467	20.4473	67.2322
0.4	129.76	2.40311	36.9702	169.134
0.5	81.0374	1.78273	28.2728	111.093
0.8	10.55	0.482896	9.44098	20.4739
0.3	187.085	3.02768	45.5218	235.634
0.2	242.997	3.56917	52.7857	299.352
0.1	284.412	3.93972	57.6668	346.019
0.9	4.33891	0.274614	6.302	10.9155
1	1.6049	0.149986	4.33552	6.0904
1.1	0.533278	0.0831286	3.14893	3.76534
1.2	0.159785	0.0518531	2.41822	2.62986
1.3	0.0434536	0.0398303	1.92854	2.01182
1.4	0.0106256	0.0367038	1.5611	1.60843
1.5	0.00233278	0.0368023	1.26185	1.30099
1.6	0.00045914	0.0373757	1.01027	1.0481
1.7	8.0899e-05	0.0373361	0.798434	0.835851
1.8	1.2976e-05	0.0364111	0.623031	0.659455
1.9	1.89688e-06	0.034704	0.479575	0.514281
2	2.48286e-07	0.0324387	0.363854	0.396293
2.1	2.90498e-08	0.0298379	0.271937	0.301775
2.2	3.03363e-09	0.0270977	0.200017	0.227115
2.3	2.82388e-10	0.0243725	0.144703	0.169076
2.4	2.44431e-11	0.0217707	0.102925	0.124695
2.5	1.92259e-12	0.019363	0.072012	0.0913751
2.6	1.34556e-13	0.017182	0.0495824	0.0667644
2.7	8.36892e-15	0.0152326	0.033622	0.0488546
2.8	4.62134e-16	0.0135021	0.0224903	0.0359924
2.9	2.26404e-17	0.0119683	0.0148393	0.0268076
3	1.06975e-18	0.0106057	0.00966682	0.0202726
3.1	4.52578e-20	0.0093886	0.00619304	0.0155816
3.2	1.68994e-21	0.00829474	0.00392653	0.0122213
3.3	5.56959e-23	0.00730654	0.00243753	0.00974406
3.4	1.62037e-24	0.00641068	0.0014859	0.00789658
3.5	4.18024e-26	0.00559758	0.000889594	0.00648718
3.6	1.08898e-27	0.00486086	0.000530383	0.00539124
3.7	2.47376e-29	0.0041953	0.000328766	0.00452407
3.8	4.91303e-31	0.00359725	0.000221769	0.00381902
3.9	8.54881e-33	0.00306353	0.000178931	0.00324246
4	1.30547e-34	0.00259101	0.000144599	0.00273561
4.1	1.82354e-36	0.00217644	0.000141962	0.0023184
4.2	2.57989e-38	0.00181637	0.000157746	0.00197411
4.3	3.1373e-40	0.00150636	0.000150771	0.00165713
4.4	3.30154e-42	0.00124198	0.00015133	0.00139331
4.5	3.02126e-44	0.00101863	0.000133088	0.00115172
4.6	2.41289e-46	0.000831592	0.000126458	0.00095805
4.7	1.8563e-48	0.000676354	0.000117637	0.000793991
4.8	1.42231e-50	0.000548507	0.000111586	0.000660092
4.9	9.22104e-53	0.000443745	8.04806e-05	0.000524226
# mf integral is 11.0985
# cor integral is 0.579809
# cor 3b integral is 8.12112
# tot integral is 19.7994
