# 2014-01-09.16:49:12
# qmax mf = 5
# qmax corr = 4
# E = 0
# A= 27	 T1= 0	 T2= 0	 A1= 27	 A2= 27
# central = 1	 tensor = 1	 spinisospin = 0
# norm = 1.38021
# k 	 mf 	 corr 	 total
0	15.029	6.85208
0.5	14.8192	6.78207
0.7	11.1466	5.51958
0.6	13.2833	6.27003
0.4	15.6182	7.03808
0.3	15.7656	7.0807
0.2	15.5067	7.00021
0.1	15.174	6.89662
0.8	8.70592	4.6049
0.9	6.3034	3.63211
1	4.22034	2.71016
1.1	2.611	2.0034
1.2	1.49146	1.30743
1.3	0.786652	0.870961
1.4	0.383204	0.587572
1.5	0.172478	0.417972
1.6	0.0717316	0.323943
1.7	0.0276268	0.274078
1.8	0.00983906	0.246517
1.9	0.00325661	0.228557
2	0.000995575	0.213601
2.1	0.00028094	0.198923
2.2	7.37671e-05	0.183639
2.3	1.61046e-05	0.168064
2.4	6.76563e-06	0.152569
2.5	2.3228e-06	0.137576
2.6	5.15544e-07	0.12325
2.7	-3.85491e-08	0.10997
2.8	4.44803e-06	0.0977615
2.9	1.11987e-06	0.0866807
3	-4.7941e-06	0.0766951
3.1	8.14078e-05	0.0677439
3.2	-1.26067e-06	0.0596933
3.3	1.17493e-06	0.0525194
3.4	3.80718e-06	0.0460986
3.5	3.50193e-06	0.0403529
3.6	-4.47427e-07	0.0352017
3.7	5.82619e-07	0.0306776
3.8	2.90618e-07	0.0264635
3.9	2.765e-06	0.0227838
4	-8.71405e-07	0.0195089
4.1	-3.91175e-06	0.01661
4.2	9.23514e-07	0.0140725
4.3	8.06127e-07	0.0118522
4.4	2.11205e-06	0.00992449
4.5	-4.6828e-07	0.00826544
4.6	1.4314e-05	0.00685124
4.7	2.49218e-06	0.00564175
4.8	2.54123e-07	0.00463428
4.9	7.64729e-07	0.00379341
# mf integral is 4.1626
# cor integral is 4.39057
# tot integral is 8.55317
