# n	l	central		tensor		w_central		w_tensor
0	0	-0.0173136	-0.0330148	-11.3648	138.221
0	1	-0.00876793	-0.0182162	-10.8634	-28.6362
0	2	-0.00285439	-0.00903824	-3.82512	54.1262
0	3	-0.000778699	-0.00424811	-0.936818	-7.70828
0	4	-0.000192535	-0.00192753	-0.186819	8.50652
0	5	-4.46304e-05	-0.000851982	-0.0319853	-0.92898
0	6	-9.86929e-06	-0.000368881	-0.00479623	0.821391
0	7	-2.10478e-06	-0.000157085	-0.00063037	-0.0722461
0	8	-4.35537e-07	-6.60118e-05	-7.1356e-05	0.0502281
0	9	-8.78845e-08	-2.74505e-05	-6.69505e-06	-0.00329857
0	10	-1.7353e-08	-1.13132e-05	-4.71467e-07	0.00150377
0	11	-3.36169e-09	-4.67422e-06	-2.04779e-08	-5.59668e-05
1	0	-0.0166917	-0.026144	-4.57472	45.6039
1	1	-0.0124065	-0.0208548	-6.39544	-13.6638
1	2	-0.0049316	-0.0128201	-2.59595	30.2202
1	3	-0.00154719	-0.00701352	-0.668804	-4.58266
1	4	-0.000426415	-0.00357999	-0.130922	5.01151
1	5	-0.000108024	-0.00174194	-0.0204575	-0.503481
1	6	-2.57593e-05	-0.000817775	-0.00251724	0.367846
1	7	-5.86556e-06	-0.000373384	-0.000228092	-0.0224527
1	8	-1.28618e-06	-0.000166782	-1.141e-05	0.00700463
1	9	-2.73378e-07	-7.32159e-05	-7.48056e-08	-3.43433e-05
2	0	-0.0141565	-0.0186614	-1.49085	12.4647
2	1	-0.0146422	-0.0200719	-2.64187	-4.64168
2	2	-0.00682614	-0.0146564	-1.08814	10.4735
2	3	-0.00240253	-0.00909272	-0.256103	-1.46748
2	4	-0.000725824	-0.00513115	-0.039928	1.29148
2	5	-0.000198592	-0.00271458	-0.00398903	-0.0838247
2	6	-5.06109e-05	-0.00136907	-0.000144852	0.0186018
2	7	-1.22138e-05	-0.000665426	-4.63405e-07	-3.85929e-05
3	0	-0.010957	-0.0126739	-0.340455	2.48239
3	1	-0.0159432	-0.0179979	-0.678599	-0.986666
3	2	-0.00852244	-0.015215	-0.225768	1.80615
3	3	-0.00331062	-0.0105143	-0.0324447	-0.156471
3	4	-0.00108347	-0.00647628	-0.000829605	0.0237561
3	5	-0.000317332	-0.00369006	-2.44886e-06	-4.1452e-05
4	0	-0.0075398	-0.0082943	-0.0378284	0.260848
4	1	-0.0165556	-0.0155758	-0.060771	-0.0735049
4	2	-0.010009	-0.0149711	-0.00167829	0.0116446
4	3	-0.00424263	-0.011369	-5.07394e-06	-1.18839e-05
5	0	-0.00411847	-0.00523816	-9.95654e-05	0.000647767
5	1	-0.0166413	-0.0132392	-2.71217e-05	-1.03026e-05
