# rel_mom (k_1-k_2)/2	central		tensor
0	0	1.00257
0.0141421	2.81686e-05	1.00262
0.0282843	0.000112657	1.00276
0.0424264	0.000253412	1.00302
0.0565685	0.000450345	1.00338
0.0707107	0.000703333	1.00383
0.0848528	0.00101222	1.00439
0.0989949	0.00137682	1.00507
0.113137	0.00179688	1.00586
0.127279	0.00227216	1.00676
0.141421	0.00280235	1.00779
0.155563	0.00338712	1.00894
0.169706	0.00402611	1.01023
0.183848	0.00471891	1.01166
0.19799	0.00546509	1.01323
0.212132	0.00626419	1.01496
0.226274	0.0071157	1.01685
0.240416	0.00801909	1.0189
0.254558	0.0089738	1.02113
0.268701	0.00997924	1.02354
0.282843	0.0110348	1.02621
0.296985	0.0121397	1.02902
0.311127	0.0132934	1.03204
0.325269	0.0144952	1.0353
0.339411	0.0157445	1.03876
0.353553	0.01704	1.04245
0.367696	0.0183812	1.04639
0.381838	0.0197673	1.05056
0.39598	0.0211974	1.055
0.410122	0.0226706	1.05969
0.424264	0.024186	1.06465
0.438406	0.0257426	1.06988
0.452548	0.0273395	1.0754
0.46669	0.0289757	1.08119
0.480833	0.0306502	1.08728
0.494975	0.032362	1.09365
0.509117	0.03411	1.10032
0.523259	0.035893	1.10729
0.537401	0.0377101	1.11456
0.551543	0.0395601	1.12213
0.565685	0.0414418	1.12999
0.579828	0.0433542	1.13816
0.59397	0.0452959	1.14662
0.608112	0.0472659	1.15538
0.622254	0.049263	1.16444
0.636396	0.0512858	1.17378
0.650538	0.0533332	1.18305
0.66468	0.0554039	1.19332
0.678823	0.0574967	1.2035
0.692965	0.0596102	1.21395
0.707107	0.0617433	1.22464
0.721249	0.0639013	1.23559
0.735391	0.0660697	1.24677
0.749533	0.0682536	1.25818
0.763675	0.0704519	1.2698
0.777817	0.0726631	1.27775
0.79196	0.0748859	1.29363
0.806102	0.0771189	1.3058
0.820244	0.0793609	1.31814
0.834386	0.0816105	1.33061
0.848528	0.0838663	1.3432
0.86267	0.0861269	1.35591
0.876812	0.0883912	1.36869
0.890955	0.0906576	1.38155
0.905097	0.0929248	1.39446
0.919239	0.0951915	1.4074
0.933381	0.0974564	1.42035
0.947523	0.0997181	1.43328
0.961665	0.101975	1.44619
0.975807	0.104227	1.45904
0.989949	0.106471	1.47181
1.00409	0.108707	1.48449
1.01823	0.110932	1.49704
1.03238	0.113147	1.50946
1.04652	0.11535	1.52171
1.06066	0.117539	1.53378
1.0748	0.119712	1.54563
1.08894	0.12187	1.55726
1.10309	0.12401	1.56864
1.11723	0.126132	1.57974
1.13137	0.128234	1.59055
1.14551	0.130315	1.60104
1.15966	0.132373	1.61119
1.1738	0.134408	1.62099
1.18794	0.136419	1.63041
1.20208	0.138404	1.63944
1.21622	0.140362	1.64805
1.23037	0.142292	1.65623
1.24451	0.144194	1.66397
1.25865	0.146065	1.67123
1.27279	0.147905	1.67732
1.28693	0.149713	1.68362
1.30108	0.151489	1.69007
1.31522	0.15323	1.69532
1.32936	0.154936	1.70004
1.3435	0.156606	1.7042
1.35765	0.15824	1.70781
1.37179	0.159836	1.71084
1.38593	0.161393	1.7133
1.40007	0.162912	1.71517
1.41421	0.16439	1.71644
1.42836	0.165827	1.71712
1.4425	0.167223	1.7174
1.45664	0.168576	1.71686
1.47078	0.169886	1.71551
1.48492	0.171153	1.71376
1.49907	0.172375	1.71138
1.51321	0.173553	1.7084
1.52735	0.174684	1.7048
1.54149	0.17577	1.70059
1.55563	0.17681	1.69578
1.56978	0.177802	1.69036
1.58392	0.178747	1.68434
1.59806	0.179644	1.67772
1.6122	0.180492	1.67052
1.62635	0.181292	1.66276
1.64049	0.182043	1.65442
1.65463	0.182744	1.64551
1.66877	0.183396	1.63605
1.68291	0.183998	1.62607
1.69706	0.18455	1.61554
1.7112	0.185051	1.60451
1.72534	0.185502	1.59296
1.73948	0.185902	1.58094
1.75362	0.186252	1.56843
1.76777	0.186551	1.55546
1.78191	0.186798	1.54205
1.79605	0.186995	1.52821
1.81019	0.187142	1.51395
1.82434	0.187237	1.4993
1.83848	0.187281	1.48426
1.85262	0.187275	1.46887
1.86676	0.187218	1.45312
1.8809	0.187111	1.43705
1.89505	0.186954	1.41888
1.90919	0.186746	1.40224
1.92333	0.186489	1.38706
1.93747	0.186182	1.36986
1.95161	0.185826	1.35242
1.96576	0.185421	1.33476
1.9799	0.184967	1.31691
1.99404	0.184465	1.29887
2.00818	0.183915	1.28067
2.02233	0.183318	1.26232
2.03647	0.182673	1.24385
2.05061	0.181982	1.22527
2.06475	0.181245	1.20659
2.07889	0.180462	1.18785
2.09304	0.179635	1.16904
2.10718	0.178762	1.1502
2.12132	0.177846	1.13133
2.13546	0.176886	1.11246
2.1496	0.175883	1.09359
2.16375	0.174838	1.07476
2.17789	0.173752	1.05596
2.19203	0.172625	1.03721
2.20617	0.171457	1.01895
2.22032	0.17025	0.999946
2.23446	0.169005	0.981451
2.2486	0.167721	0.963066
2.26274	0.1664	0.944783
2.27688	0.165042	0.926642
2.29103	0.163648	0.908647
2.30517	0.16222	0.890862
2.31931	0.160757	0.873068
2.33345	0.159261	0.85572
2.34759	0.157732	0.838426
2.36174	0.156172	0.821327
2.37588	0.15458	0.804433
2.39002	0.152959	0.787773
2.40416	0.151308	0.771315
2.41831	0.149629	0.755085
2.43245	0.147923	0.739088
2.44659	0.14619	0.723331
2.46073	0.144432	0.70782
2.47487	0.142648	0.692558
2.48902	0.140841	0.677552
2.50316	0.139011	0.662804
2.5173	0.137159	0.648318
2.53144	0.135286	0.634107
2.54558	0.133393	0.620158
2.55973	0.13148	0.606463
2.57387	0.129549	0.593053
2.58801	0.127601	0.579915
2.60215	0.125636	0.567051
2.6163	0.123656	0.554459
2.63044	0.121662	0.542143
2.64458	0.119653	0.530094
2.65872	0.117632	0.518331
2.67286	0.115599	0.506834
2.68701	0.113555	0.495609
2.70115	0.111502	0.484653
2.71529	0.109439	0.473964
2.72943	0.107368	0.46354
2.74357	0.10529	0.453381
2.75772	0.103206	0.44348
2.77186	0.101116	0.433835
2.786	0.0990217	0.424443
2.80014	0.0969238	0.415301
2.81428	0.0948232	0.406394
2.82843	0.0927207	0.397751
2.84257	0.0906172	0.389335
2.85671	0.0885135	0.381153
2.87085	0.0864105	0.373199
2.885	0.0843091	0.36547
2.89914	0.08221	0.357961
2.91328	0.0801141	0.351819
2.92742	0.0780221	0.344731
2.94156	0.075935	0.3367
2.95571	0.0738534	0.330023
2.96985	0.0717781	0.323538
2.98399	0.0697099	0.317242
2.99813	0.0676496	0.311131
3.01227	0.0655979	0.305198
3.02642	0.0635555	0.299439
3.04056	0.061523	0.293848
3.0547	0.0595013	0.28842
3.06884	0.057491	0.283149
3.08299	0.0554928	0.278031
3.09713	0.0535073	0.273059
3.11127	0.0515351	0.267921
3.12541	0.0495769	0.263536
3.13955	0.0476334	0.258973
3.1537	0.045705	0.254537
3.16784	0.0437924	0.250223
3.18198	0.0418962	0.246127
3.19612	0.0400169	0.24204
3.21026	0.038155	0.237956
3.22441	0.036311	0.234077
3.23855	0.0344855	0.230295
3.25269	0.032679	0.226635
3.26683	0.0308919	0.223044
3.28098	0.0291246	0.219537
3.29512	0.0273777	0.216056
3.30926	0.0256515	0.212696
3.3234	0.0239464	0.209409
3.33754	0.0222629	0.206189
3.35169	0.0206013	0.203034
3.36583	0.0189619	0.199939
3.37997	0.0173452	0.196901
3.39411	0.0157514	0.193917
3.40825	0.0141808	0.190963
3.4224	0.0126338	0.188068
3.43654	0.0111106	0.185222
3.45068	0.00961145	0.182418
3.46482	0.00813662	0.179669
3.47897	0.00668635	0.176943
3.49311	0.00526083	0.174254
3.50725	0.00386027	0.171581
3.52139	0.00248484	0.168967
3.53553	0.00113472	0.16636
3.54968	-0.00018995	0.163784
3.56382	-0.00148903	0.161237
3.57796	-0.00276241	0.158708
3.5921	-0.00400998	0.1562
3.60624	-0.00523165	0.153712
3.62039	-0.00642734	0.151241
3.63453	-0.007597	0.148788
3.64867	-0.00874058	0.146349
3.66281	-0.00985805	0.143927
3.67696	-0.0109494	0.141519
3.6911	-0.0120146	0.139124
3.70524	-0.0130537	0.136743
3.71938	-0.0140666	0.134373
3.73352	-0.0150536	0.132016
3.74767	-0.0160145	0.12967
3.76181	-0.0169494	0.127335
3.77595	-0.0178585	0.125011
3.79009	-0.0187417	0.122699
3.80423	-0.0195993	0.120397
3.81838	-0.0204313	0.118106
3.83252	-0.0212379	0.115827
3.84666	-0.0220191	0.113559
3.8608	-0.0227751	0.1104
3.87495	-0.0235061	0.109057
3.88909	-0.0242122	0.106825
3.90323	-0.0248936	0.104605
3.91737	-0.0255505	0.102399
3.93151	-0.0261831	0.100206
3.94566	-0.0267917	0.0980279
3.9598	-0.0273763	0.0958643
3.97394	-0.0279372	0.0937163
3.98808	-0.0284747	0.0918316
4.00222	-0.028989	0.0894694
4.01637	-0.0294803	0.087372
4.03051	-0.0299489	0.0852929
4.04465	-0.0303951	0.083149
4.05879	-0.0308191	0.0811927
4.07294	-0.0312212	0.0791731
4.08708	-0.0316016	0.0771748
4.10122	-0.0319608	0.0751988
4.11536	-0.0322989	0.0732457
4.1295	-0.0326162	0.0713164
4.14365	-0.0329131	0.0694116
4.15779	-0.0331899	0.0675321
4.17193	-0.0334469	0.0656786
4.18607	-0.0336844	0.0638227
4.20021	-0.0339027	0.0620148
4.21436	-0.0341022	0.0602353
4.2285	-0.0342831	0.0585366
4.24264	-0.0344459	0.0568228
