# Mass = 0.0442061 Mev*(hbarc)^2/2 
# R = 2.88468 fm 
# a = 0.662 fm 
# V0 = 60.3766 MeV 
# RSO = 2.65574 fm 
# aSO = 0.662 fm 
# VSO = 32.9772 MeV fm^2
# l = 0 
# two_j = 1 
# two_t = -1 
# Energy = -34.3604 MeV
# r 	 V_eff [2m/hbar/hbar]
0.01 	-59.6015
0.012398 	-59.5987
0.014796 	-59.5959
0.017194 	-59.5931
0.019592 	-59.5903
0.02199 	-59.5875
0.024388 	-59.5847
0.026786 	-59.5818
0.029184 	-59.579
0.031582 	-59.5761
0.03398 	-59.5733
0.036378 	-59.5704
0.038776 	-59.5675
0.041174 	-59.5646
0.043572 	-59.5617
0.04597 	-59.5588
0.048368 	-59.5558
0.050766 	-59.5529
0.053164 	-59.55
0.055562 	-59.547
0.05796 	-59.544
0.060358 	-59.541
0.062756 	-59.5381
0.065154 	-59.5351
0.067552 	-59.532
0.06995 	-59.529
0.072348 	-59.526
0.074746 	-59.5229
0.077144 	-59.5199
0.079542 	-59.5168
0.08194 	-59.5138
0.084338 	-59.5107
0.086736 	-59.5076
0.089134 	-59.5045
0.091532 	-59.5013
0.09393 	-59.4982
0.096328 	-59.4951
0.098726 	-59.4919
0.101124 	-59.4888
0.103522 	-59.4856
0.10592 	-59.4824
0.108318 	-59.4792
0.110716 	-59.476
0.113114 	-59.4728
0.115512 	-59.4695
0.11791 	-59.4663
0.120308 	-59.463
0.122706 	-59.4598
0.125104 	-59.4565
0.127502 	-59.4532
0.1299 	-59.4499
0.132298 	-59.4466
0.134696 	-59.4433
0.137094 	-59.44
0.139492 	-59.4366
0.14189 	-59.4332
0.144288 	-59.4299
0.146686 	-59.4265
0.149084 	-59.4231
0.151482 	-59.4197
0.15388 	-59.4163
0.156278 	-59.4129
0.158676 	-59.4094
0.161074 	-59.406
0.163472 	-59.4025
0.16587 	-59.399
0.168268 	-59.3955
0.170666 	-59.392
0.173064 	-59.3885
0.175462 	-59.385
0.17786 	-59.3814
0.180258 	-59.3779
0.182656 	-59.3743
0.185054 	-59.3708
0.187452 	-59.3672
0.18985 	-59.3636
0.192248 	-59.3599
0.194646 	-59.3563
0.197044 	-59.3527
0.199442 	-59.349
0.20184 	-59.3454
0.204238 	-59.3417
0.206636 	-59.338
0.209034 	-59.3343
0.211432 	-59.3306
0.21383 	-59.3268
0.216228 	-59.3231
0.218626 	-59.3193
0.221024 	-59.3156
0.223422 	-59.3118
0.22582 	-59.308
0.228218 	-59.3042
0.230616 	-59.3004
0.233014 	-59.2965
0.235412 	-59.2927
0.23781 	-59.2888
0.240208 	-59.2849
0.242606 	-59.2811
0.245004 	-59.2771
0.247402 	-59.2732
0.2498 	-59.2693
0.252198 	-59.2654
0.254596 	-59.2614
0.256994 	-59.2574
0.259392 	-59.2534
0.26179 	-59.2494
0.264188 	-59.2454
0.266586 	-59.2414
0.268984 	-59.2374
0.271382 	-59.2333
0.27378 	-59.2292
0.276178 	-59.2251
0.278576 	-59.221
0.280974 	-59.2169
0.283372 	-59.2128
0.28577 	-59.2087
0.288168 	-59.2045
0.290566 	-59.2003
0.292964 	-59.1962
0.295362 	-59.192
0.29776 	-59.1877
0.300158 	-59.1835
0.302556 	-59.1793
0.304954 	-59.175
0.307352 	-59.1707
0.30975 	-59.1664
0.312148 	-59.1621
0.314546 	-59.1578
0.316944 	-59.1535
0.319342 	-59.1491
0.32174 	-59.1448
0.324138 	-59.1404
0.326536 	-59.136
0.328934 	-59.1316
0.331332 	-59.1272
0.33373 	-59.1227
0.336128 	-59.1183
0.338526 	-59.1138
0.340924 	-59.1093
0.343322 	-59.1048
0.34572 	-59.1003
0.348118 	-59.0958
0.350516 	-59.0912
0.352914 	-59.0867
0.355312 	-59.0821
0.35771 	-59.0775
0.360108 	-59.0729
0.362506 	-59.0682
0.364904 	-59.0636
0.367302 	-59.0589
0.3697 	-59.0543
0.372098 	-59.0496
0.374496 	-59.0449
0.376894 	-59.0401
0.379292 	-59.0354
0.38169 	-59.0306
0.384088 	-59.0259
0.386486 	-59.0211
0.388884 	-59.0163
0.391282 	-59.0114
0.39368 	-59.0066
0.396078 	-59.0017
0.398476 	-58.9969
0.400874 	-58.992
0.403272 	-58.9871
0.40567 	-58.9821
0.408068 	-58.9772
0.410466 	-58.9722
0.412864 	-58.9672
0.415262 	-58.9623
0.41766 	-58.9572
0.420058 	-58.9522
0.422456 	-58.9472
0.424854 	-58.9421
0.427252 	-58.937
0.42965 	-58.9319
0.432048 	-58.9268
0.434446 	-58.9217
0.436844 	-58.9165
0.439242 	-58.9113
0.44164 	-58.9062
0.444038 	-58.901
0.446436 	-58.8957
0.448834 	-58.8905
0.451232 	-58.8852
0.45363 	-58.8799
0.456028 	-58.8747
0.458426 	-58.8693
0.460824 	-58.864
0.463222 	-58.8587
0.46562 	-58.8533
0.468018 	-58.8479
0.470416 	-58.8425
0.472814 	-58.8371
0.475212 	-58.8316
0.47761 	-58.8262
0.480008 	-58.8207
0.482406 	-58.8152
0.484804 	-58.8097
0.487202 	-58.8041
0.4896 	-58.7986
0.491998 	-58.793
0.494396 	-58.7874
0.496794 	-58.7818
0.499192 	-58.7761
0.50159 	-58.7705
0.503988 	-58.7648
0.506386 	-58.7591
0.508784 	-58.7534
0.511182 	-58.7477
0.51358 	-58.7419
0.515978 	-58.7362
0.518376 	-58.7304
0.520774 	-58.7246
0.523172 	-58.7187
0.52557 	-58.7129
0.527968 	-58.707
0.530366 	-58.7011
0.532764 	-58.6952
0.535162 	-58.6893
0.53756 	-58.6833
0.539958 	-58.6774
0.542356 	-58.6714
0.544754 	-58.6653
0.547152 	-58.6593
0.54955 	-58.6533
0.551948 	-58.6472
0.554346 	-58.6411
0.556744 	-58.635
0.559142 	-58.6288
0.56154 	-58.6227
0.563938 	-58.6165
0.566336 	-58.6103
0.568734 	-58.6041
0.571132 	-58.5978
0.57353 	-58.5916
0.575928 	-58.5853
0.578326 	-58.579
0.580724 	-58.5726
0.583122 	-58.5663
0.58552 	-58.5599
0.587918 	-58.5535
0.590316 	-58.5471
0.592714 	-58.5407
0.595112 	-58.5342
0.59751 	-58.5277
0.599908 	-58.5212
0.602306 	-58.5147
0.604704 	-58.5082
0.607102 	-58.5016
0.6095 	-58.495
0.611898 	-58.4884
0.614296 	-58.4817
0.616694 	-58.4751
0.619092 	-58.4684
0.62149 	-58.4617
0.623888 	-58.455
0.626286 	-58.4482
0.628684 	-58.4415
0.631082 	-58.4347
0.63348 	-58.4278
0.635878 	-58.421
0.638276 	-58.4141
0.640674 	-58.4072
0.643072 	-58.4003
0.64547 	-58.3934
0.647868 	-58.3864
0.650266 	-58.3794
0.652664 	-58.3724
0.655062 	-58.3654
0.65746 	-58.3584
0.659858 	-58.3513
0.662256 	-58.3442
0.664654 	-58.337
0.667052 	-58.3299
0.66945 	-58.3227
0.671848 	-58.3155
0.674246 	-58.3083
0.676644 	-58.3011
0.679042 	-58.2938
0.68144 	-58.2865
0.683838 	-58.2792
0.686236 	-58.2718
0.688634 	-58.2644
0.691032 	-58.257
0.69343 	-58.2496
0.695828 	-58.2422
0.698226 	-58.2347
0.700624 	-58.2272
0.703022 	-58.2197
0.70542 	-58.2121
0.707818 	-58.2046
0.710216 	-58.197
0.712614 	-58.1894
0.715012 	-58.1817
0.71741 	-58.174
0.719808 	-58.1663
0.722206 	-58.1586
0.724604 	-58.1509
0.727002 	-58.1431
0.7294 	-58.1353
0.731798 	-58.1274
0.734196 	-58.1196
0.736594 	-58.1117
0.738992 	-58.1038
0.74139 	-58.0959
0.743788 	-58.0879
0.746186 	-58.0799
0.748584 	-58.0719
0.750982 	-58.0638
0.75338 	-58.0558
0.755778 	-58.0477
0.758176 	-58.0395
0.760574 	-58.0314
0.762972 	-58.0232
0.76537 	-58.015
0.767768 	-58.0068
0.770166 	-57.9985
0.772564 	-57.9902
0.774962 	-57.9819
0.77736 	-57.9736
0.779758 	-57.9652
0.782156 	-57.9568
0.784554 	-57.9484
0.786952 	-57.9399
0.78935 	-57.9314
0.791748 	-57.9229
0.794146 	-57.9144
0.796544 	-57.9058
0.798942 	-57.8972
0.80134 	-57.8886
0.803738 	-57.8799
0.806136 	-57.8712
0.808534 	-57.8625
0.810932 	-57.8538
0.81333 	-57.845
0.815728 	-57.8362
0.818126 	-57.8274
0.820524 	-57.8185
0.822922 	-57.8096
0.82532 	-57.8007
0.827718 	-57.7918
0.830116 	-57.7828
0.832514 	-57.7738
0.834912 	-57.7648
0.83731 	-57.7557
0.839708 	-57.7466
0.842106 	-57.7375
0.844504 	-57.7283
0.846902 	-57.7191
0.8493 	-57.7099
0.851698 	-57.7007
0.854096 	-57.6914
0.856494 	-57.6821
0.858892 	-57.6727
0.86129 	-57.6634
0.863688 	-57.6539
0.866086 	-57.6445
0.868484 	-57.6351
0.870882 	-57.6256
0.87328 	-57.616
0.875678 	-57.6065
0.878076 	-57.5969
0.880474 	-57.5873
0.882872 	-57.5776
0.88527 	-57.5679
0.887668 	-57.5582
0.890066 	-57.5485
0.892464 	-57.5387
0.894862 	-57.5289
0.89726 	-57.519
0.899658 	-57.5091
0.902056 	-57.4992
0.904454 	-57.4893
0.906852 	-57.4793
0.90925 	-57.4693
0.911648 	-57.4593
0.914046 	-57.4492
0.916444 	-57.4391
0.918842 	-57.4289
0.92124 	-57.4188
0.923638 	-57.4086
0.926036 	-57.3983
0.928434 	-57.3881
0.930832 	-57.3777
0.93323 	-57.3674
0.935628 	-57.357
0.938026 	-57.3466
0.940424 	-57.3362
0.942822 	-57.3257
0.94522 	-57.3152
0.947618 	-57.3047
0.950016 	-57.2941
0.952414 	-57.2835
0.954812 	-57.2728
0.95721 	-57.2621
0.959608 	-57.2514
0.962006 	-57.2407
0.964404 	-57.2299
0.966802 	-57.2191
0.9692 	-57.2082
0.971598 	-57.1973
0.973996 	-57.1864
0.976394 	-57.1754
0.978792 	-57.1644
0.98119 	-57.1534
0.983588 	-57.1423
0.985986 	-57.1312
0.988384 	-57.1201
0.990782 	-57.1089
0.99318 	-57.0977
0.995578 	-57.0864
0.997976 	-57.0751
1.00037 	-57.0638
1.00277 	-57.0524
1.00517 	-57.0411
1.00757 	-57.0296
1.00997 	-57.0181
1.01236 	-57.0066
1.01476 	-56.9951
1.01716 	-56.9835
1.01956 	-56.9719
1.02196 	-56.9602
1.02435 	-56.9485
1.02675 	-56.9368
1.02915 	-56.925
1.03155 	-56.9132
1.03395 	-56.9014
1.03634 	-56.8895
1.03874 	-56.8776
1.04114 	-56.8656
1.04354 	-56.8536
1.04594 	-56.8416
1.04833 	-56.8295
1.05073 	-56.8174
1.05313 	-56.8053
1.05553 	-56.7931
1.05793 	-56.7808
1.06032 	-56.7686
1.06272 	-56.7563
1.06512 	-56.7439
1.06752 	-56.7315
1.06992 	-56.7191
1.07231 	-56.7066
1.07471 	-56.6941
1.07711 	-56.6816
1.07951 	-56.669
1.08191 	-56.6564
1.0843 	-56.6437
1.0867 	-56.631
1.0891 	-56.6183
1.0915 	-56.6055
1.0939 	-56.5926
1.09629 	-56.5798
1.09869 	-56.5669
1.10109 	-56.5539
1.10349 	-56.5409
1.10589 	-56.5279
1.10828 	-56.5148
1.11068 	-56.5017
1.11308 	-56.4885
1.11548 	-56.4753
1.11788 	-56.4621
1.12027 	-56.4488
1.12267 	-56.4355
1.12507 	-56.4221
1.12747 	-56.4087
1.12987 	-56.3953
1.13226 	-56.3818
1.13466 	-56.3683
1.13706 	-56.3547
1.13946 	-56.3411
1.14186 	-56.3274
1.14425 	-56.3137
1.14665 	-56.2999
1.14905 	-56.2862
1.15145 	-56.2723
1.15385 	-56.2584
1.15624 	-56.2445
1.15864 	-56.2306
1.16104 	-56.2165
1.16344 	-56.2025
1.16584 	-56.1884
1.16823 	-56.1743
1.17063 	-56.1601
1.17303 	-56.1458
1.17543 	-56.1316
1.17783 	-56.1172
1.18022 	-56.1029
1.18262 	-56.0885
1.18502 	-56.074
1.18742 	-56.0595
1.18982 	-56.045
1.19221 	-56.0304
1.19461 	-56.0158
1.19701 	-56.0011
1.19941 	-55.9864
1.20181 	-55.9716
1.2042 	-55.9568
1.2066 	-55.9419
1.209 	-55.927
1.2114 	-55.9121
1.2138 	-55.8971
1.21619 	-55.882
1.21859 	-55.8669
1.22099 	-55.8518
1.22339 	-55.8366
1.22579 	-55.8214
1.22818 	-55.8061
1.23058 	-55.7908
1.23298 	-55.7754
1.23538 	-55.76
1.23778 	-55.7445
1.24017 	-55.729
1.24257 	-55.7134
1.24497 	-55.6978
1.24737 	-55.6821
1.24977 	-55.6664
1.25216 	-55.6507
1.25456 	-55.6349
1.25696 	-55.619
1.25936 	-55.6031
1.26176 	-55.5872
1.26415 	-55.5712
1.26655 	-55.5551
1.26895 	-55.539
1.27135 	-55.5229
1.27375 	-55.5067
1.27614 	-55.4905
1.27854 	-55.4742
1.28094 	-55.4578
1.28334 	-55.4414
1.28574 	-55.425
1.28813 	-55.4085
1.29053 	-55.392
1.29293 	-55.3754
1.29533 	-55.3587
1.29773 	-55.342
1.30012 	-55.3253
1.30252 	-55.3085
1.30492 	-55.2917
1.30732 	-55.2748
1.30972 	-55.2578
1.31211 	-55.2408
1.31451 	-55.2238
1.31691 	-55.2067
1.31931 	-55.1895
1.32171 	-55.1723
1.3241 	-55.1551
1.3265 	-55.1378
1.3289 	-55.1204
1.3313 	-55.103
1.3337 	-55.0856
1.33609 	-55.068
1.33849 	-55.0505
1.34089 	-55.0329
1.34329 	-55.0152
1.34569 	-54.9975
1.34808 	-54.9797
1.35048 	-54.9619
1.35288 	-54.944
1.35528 	-54.9261
1.35768 	-54.9081
1.36007 	-54.89
1.36247 	-54.8719
1.36487 	-54.8538
1.36727 	-54.8356
1.36967 	-54.8173
1.37206 	-54.799
1.37446 	-54.7806
1.37686 	-54.7622
1.37926 	-54.7438
1.38166 	-54.7252
1.38405 	-54.7066
1.38645 	-54.688
1.38885 	-54.6693
1.39125 	-54.6506
1.39365 	-54.6318
1.39604 	-54.6129
1.39844 	-54.594
1.40084 	-54.575
1.40324 	-54.556
1.40564 	-54.5369
1.40803 	-54.5178
1.41043 	-54.4986
1.41283 	-54.4794
1.41523 	-54.46
1.41763 	-54.4407
1.42002 	-54.4213
1.42242 	-54.4018
1.42482 	-54.3823
1.42722 	-54.3627
1.42962 	-54.343
1.43201 	-54.3233
1.43441 	-54.3036
1.43681 	-54.2838
1.43921 	-54.2639
1.44161 	-54.244
1.444 	-54.224
1.4464 	-54.2039
1.4488 	-54.1838
1.4512 	-54.1637
1.4536 	-54.1435
1.45599 	-54.1232
1.45839 	-54.1028
1.46079 	-54.0824
1.46319 	-54.062
1.46559 	-54.0415
1.46798 	-54.0209
1.47038 	-54.0003
1.47278 	-53.9796
1.47518 	-53.9589
1.47758 	-53.938
1.47997 	-53.9172
1.48237 	-53.8963
1.48477 	-53.8753
1.48717 	-53.8542
1.48957 	-53.8331
1.49196 	-53.812
1.49436 	-53.7907
1.49676 	-53.7695
1.49916 	-53.7481
1.50156 	-53.7267
1.50395 	-53.7052
1.50635 	-53.6837
1.50875 	-53.6621
1.51115 	-53.6405
1.51355 	-53.6188
1.51594 	-53.597
1.51834 	-53.5752
1.52074 	-53.5533
1.52314 	-53.5313
1.52554 	-53.5093
1.52793 	-53.4872
1.53033 	-53.4651
1.53273 	-53.4429
1.53513 	-53.4206
1.53753 	-53.3983
1.53992 	-53.3759
1.54232 	-53.3535
1.54472 	-53.331
1.54712 	-53.3084
1.54952 	-53.2857
1.55191 	-53.263
1.55431 	-53.2403
1.55671 	-53.2174
1.55911 	-53.1946
1.56151 	-53.1716
1.5639 	-53.1486
1.5663 	-53.1255
1.5687 	-53.1024
1.5711 	-53.0792
1.5735 	-53.0559
1.57589 	-53.0326
1.57829 	-53.0092
1.58069 	-52.9857
1.58309 	-52.9622
1.58549 	-52.9386
1.58788 	-52.9149
1.59028 	-52.8912
1.59268 	-52.8674
1.59508 	-52.8436
1.59748 	-52.8196
1.59987 	-52.7957
1.60227 	-52.7716
1.60467 	-52.7475
1.60707 	-52.7233
1.60947 	-52.6991
1.61186 	-52.6748
1.61426 	-52.6504
1.61666 	-52.626
1.61906 	-52.6015
1.62146 	-52.5769
1.62385 	-52.5523
1.62625 	-52.5276
1.62865 	-52.5028
1.63105 	-52.478
1.63345 	-52.4531
1.63584 	-52.4281
1.63824 	-52.403
1.64064 	-52.3779
1.64304 	-52.3528
1.64544 	-52.3275
1.64783 	-52.3022
1.65023 	-52.2769
1.65263 	-52.2514
1.65503 	-52.2259
1.65743 	-52.2004
1.65982 	-52.1747
1.66222 	-52.149
1.66462 	-52.1232
1.66702 	-52.0974
1.66942 	-52.0715
1.67181 	-52.0455
1.67421 	-52.0194
1.67661 	-51.9933
1.67901 	-51.9671
1.68141 	-51.9409
1.6838 	-51.9146
1.6862 	-51.8882
1.6886 	-51.8617
1.691 	-51.8352
1.6934 	-51.8086
1.69579 	-51.7819
1.69819 	-51.7552
1.70059 	-51.7284
1.70299 	-51.7015
1.70539 	-51.6746
1.70778 	-51.6476
1.71018 	-51.6205
1.71258 	-51.5933
1.71498 	-51.5661
1.71738 	-51.5388
1.71977 	-51.5114
1.72217 	-51.484
1.72457 	-51.4565
1.72697 	-51.4289
1.72937 	-51.4013
1.73176 	-51.3736
1.73416 	-51.3458
1.73656 	-51.3179
1.73896 	-51.29
1.74136 	-51.262
1.74375 	-51.2339
1.74615 	-51.2058
1.74855 	-51.1776
1.75095 	-51.1493
1.75335 	-51.121
1.75574 	-51.0925
1.75814 	-51.064
1.76054 	-51.0355
1.76294 	-51.0068
1.76534 	-50.9781
1.76773 	-50.9494
1.77013 	-50.9205
1.77253 	-50.8916
1.77493 	-50.8626
1.77733 	-50.8335
1.77972 	-50.8044
1.78212 	-50.7752
1.78452 	-50.7459
1.78692 	-50.7165
1.78932 	-50.6871
1.79171 	-50.6576
1.79411 	-50.628
1.79651 	-50.5984
1.79891 	-50.5686
1.80131 	-50.5388
1.8037 	-50.509
1.8061 	-50.479
1.8085 	-50.449
1.8109 	-50.4189
1.8133 	-50.3888
1.81569 	-50.3586
1.81809 	-50.3283
1.82049 	-50.2979
1.82289 	-50.2674
1.82529 	-50.2369
1.82768 	-50.2063
1.83008 	-50.1756
1.83248 	-50.1449
1.83488 	-50.1141
1.83728 	-50.0832
1.83967 	-50.0522
1.84207 	-50.0212
1.84447 	-49.9901
1.84687 	-49.9589
1.84927 	-49.9276
1.85166 	-49.8963
1.85406 	-49.8649
1.85646 	-49.8334
1.85886 	-49.8018
1.86126 	-49.7702
1.86365 	-49.7385
1.86605 	-49.7067
1.86845 	-49.6748
1.87085 	-49.6429
1.87325 	-49.6109
1.87564 	-49.5788
1.87804 	-49.5467
1.88044 	-49.5144
1.88284 	-49.4821
1.88524 	-49.4497
1.88763 	-49.4173
1.89003 	-49.3848
1.89243 	-49.3521
1.89483 	-49.3195
1.89723 	-49.2867
1.89962 	-49.2539
1.90202 	-49.221
1.90442 	-49.188
1.90682 	-49.1549
1.90922 	-49.1218
1.91161 	-49.0886
1.91401 	-49.0553
1.91641 	-49.022
1.91881 	-48.9885
1.92121 	-48.955
1.9236 	-48.9214
1.926 	-48.8878
1.9284 	-48.854
1.9308 	-48.8202
1.9332 	-48.7863
1.93559 	-48.7524
1.93799 	-48.7183
1.94039 	-48.6842
1.94279 	-48.65
1.94519 	-48.6158
1.94758 	-48.5814
1.94998 	-48.547
1.95238 	-48.5125
1.95478 	-48.478
1.95718 	-48.4433
1.95957 	-48.4086
1.96197 	-48.3738
1.96437 	-48.3389
1.96677 	-48.304
1.96917 	-48.2689
1.97156 	-48.2338
1.97396 	-48.1987
1.97636 	-48.1634
1.97876 	-48.1281
1.98116 	-48.0927
1.98355 	-48.0572
1.98595 	-48.0216
1.98835 	-47.986
1.99075 	-47.9503
1.99315 	-47.9145
1.99554 	-47.8786
1.99794 	-47.8427
2.00034 	-47.8067
2.00274 	-47.7706
2.00514 	-47.7344
2.00753 	-47.6982
2.00993 	-47.6619
2.01233 	-47.6255
2.01473 	-47.589
2.01713 	-47.5524
2.01952 	-47.5158
2.02192 	-47.4791
2.02432 	-47.4423
2.02672 	-47.4055
2.02912 	-47.3686
2.03151 	-47.3316
2.03391 	-47.2945
2.03631 	-47.2573
2.03871 	-47.2201
2.04111 	-47.1828
2.0435 	-47.1454
2.0459 	-47.1079
2.0483 	-47.0704
2.0507 	-47.0328
2.0531 	-46.9951
2.05549 	-46.9573
2.05789 	-46.9195
2.06029 	-46.8815
2.06269 	-46.8436
2.06509 	-46.8055
2.06748 	-46.7673
2.06988 	-46.7291
2.07228 	-46.6908
2.07468 	-46.6524
2.07708 	-46.614
2.07947 	-46.5755
2.08187 	-46.5369
2.08427 	-46.4982
2.08667 	-46.4594
2.08907 	-46.4206
2.09146 	-46.3817
2.09386 	-46.3427
2.09626 	-46.3036
2.09866 	-46.2645
2.10106 	-46.2253
2.10345 	-46.186
2.10585 	-46.1467
2.10825 	-46.1072
2.11065 	-46.0677
2.11305 	-46.0281
2.11544 	-45.9885
2.11784 	-45.9487
2.12024 	-45.9089
2.12264 	-45.869
2.12504 	-45.8291
2.12743 	-45.789
2.12983 	-45.7489
2.13223 	-45.7087
2.13463 	-45.6685
2.13703 	-45.6281
2.13942 	-45.5877
2.14182 	-45.5472
2.14422 	-45.5067
2.14662 	-45.466
2.14902 	-45.4253
2.15141 	-45.3845
2.15381 	-45.3437
2.15621 	-45.3028
2.15861 	-45.2617
2.16101 	-45.2207
2.1634 	-45.1795
2.1658 	-45.1383
2.1682 	-45.097
2.1706 	-45.0556
2.173 	-45.0141
2.17539 	-44.9726
2.17779 	-44.931
2.18019 	-44.8893
2.18259 	-44.8476
2.18499 	-44.8058
2.18738 	-44.7639
2.18978 	-44.7219
2.19218 	-44.6799
2.19458 	-44.6378
2.19698 	-44.5956
2.19937 	-44.5533
2.20177 	-44.511
2.20417 	-44.4686
2.20657 	-44.4261
2.20897 	-44.3836
2.21136 	-44.3409
2.21376 	-44.2982
2.21616 	-44.2555
2.21856 	-44.2126
2.22096 	-44.1697
2.22335 	-44.1267
2.22575 	-44.0837
2.22815 	-44.0405
2.23055 	-43.9973
2.23295 	-43.9541
2.23534 	-43.9107
2.23774 	-43.8673
2.24014 	-43.8238
2.24254 	-43.7803
2.24494 	-43.7366
2.24733 	-43.6929
2.24973 	-43.6492
2.25213 	-43.6053
2.25453 	-43.5614
2.25693 	-43.5174
2.25932 	-43.4734
2.26172 	-43.4293
2.26412 	-43.3851
2.26652 	-43.3408
2.26892 	-43.2965
2.27131 	-43.2521
2.27371 	-43.2076
2.27611 	-43.1631
2.27851 	-43.1185
2.28091 	-43.0738
2.2833 	-43.029
2.2857 	-42.9842
2.2881 	-42.9393
2.2905 	-42.8944
2.2929 	-42.8493
2.29529 	-42.8042
2.29769 	-42.7591
2.30009 	-42.7139
2.30249 	-42.6686
2.30489 	-42.6232
2.30728 	-42.5778
2.30968 	-42.5323
2.31208 	-42.4867
2.31448 	-42.4411
2.31688 	-42.3953
2.31927 	-42.3496
2.32167 	-42.3037
2.32407 	-42.2578
2.32647 	-42.2119
2.32887 	-42.1658
2.33126 	-42.1197
2.33366 	-42.0736
2.33606 	-42.0273
2.33846 	-41.981
2.34086 	-41.9347
2.34325 	-41.8882
2.34565 	-41.8417
2.34805 	-41.7952
2.35045 	-41.7485
2.35285 	-41.7019
2.35524 	-41.6551
2.35764 	-41.6083
2.36004 	-41.5614
2.36244 	-41.5144
2.36484 	-41.4674
2.36723 	-41.4204
2.36963 	-41.3732
2.37203 	-41.326
2.37443 	-41.2788
2.37683 	-41.2314
2.37922 	-41.184
2.38162 	-41.1366
2.38402 	-41.0891
2.38642 	-41.0415
2.38882 	-40.9938
2.39121 	-40.9461
2.39361 	-40.8984
2.39601 	-40.8506
2.39841 	-40.8027
2.40081 	-40.7547
2.4032 	-40.7067
2.4056 	-40.6586
2.408 	-40.6105
2.4104 	-40.5623
2.4128 	-40.5141
2.41519 	-40.4658
2.41759 	-40.4174
2.41999 	-40.369
2.42239 	-40.3205
2.42479 	-40.2719
2.42718 	-40.2233
2.42958 	-40.1747
2.43198 	-40.1259
2.43438 	-40.0772
2.43678 	-40.0283
2.43917 	-39.9794
2.44157 	-39.9305
2.44397 	-39.8815
2.44637 	-39.8324
2.44877 	-39.7833
2.45116 	-39.7341
2.45356 	-39.6849
2.45596 	-39.6356
2.45836 	-39.5862
2.46076 	-39.5368
2.46315 	-39.4873
2.46555 	-39.4378
2.46795 	-39.3883
2.47035 	-39.3386
2.47275 	-39.289
2.47514 	-39.2392
2.47754 	-39.1894
2.47994 	-39.1396
2.48234 	-39.0897
2.48474 	-39.0397
2.48713 	-38.9897
2.48953 	-38.9397
2.49193 	-38.8896
2.49433 	-38.8394
2.49673 	-38.7892
2.49912 	-38.7389
2.50152 	-38.6886
2.50392 	-38.6383
2.50632 	-38.5878
2.50872 	-38.5374
2.51111 	-38.4869
2.51351 	-38.4363
2.51591 	-38.3857
2.51831 	-38.335
2.52071 	-38.2843
2.5231 	-38.2335
2.5255 	-38.1827
2.5279 	-38.1318
2.5303 	-38.0809
2.5327 	-38.0299
2.53509 	-37.9789
2.53749 	-37.9279
2.53989 	-37.8768
2.54229 	-37.8256
2.54469 	-37.7744
2.54708 	-37.7232
2.54948 	-37.6719
2.55188 	-37.6205
2.55428 	-37.5691
2.55668 	-37.5177
2.55907 	-37.4662
2.56147 	-37.4147
2.56387 	-37.3632
2.56627 	-37.3115
2.56867 	-37.2599
2.57106 	-37.2082
2.57346 	-37.1565
2.57586 	-37.1047
2.57826 	-37.0528
2.58066 	-37.001
2.58305 	-36.9491
2.58545 	-36.8971
2.58785 	-36.8451
2.59025 	-36.7931
2.59265 	-36.741
2.59504 	-36.6889
2.59744 	-36.6367
2.59984 	-36.5845
2.60224 	-36.5323
2.60464 	-36.48
2.60703 	-36.4277
2.60943 	-36.3753
2.61183 	-36.3229
2.61423 	-36.2705
2.61663 	-36.218
2.61902 	-36.1655
2.62142 	-36.1129
2.62382 	-36.0603
2.62622 	-36.0077
2.62862 	-35.955
2.63101 	-35.9023
2.63341 	-35.8496
2.63581 	-35.7968
2.63821 	-35.744
2.64061 	-35.6912
2.643 	-35.6383
2.6454 	-35.5854
2.6478 	-35.5324
2.6502 	-35.4795
2.6526 	-35.4265
2.65499 	-35.3734
2.65739 	-35.3203
2.65979 	-35.2672
2.66219 	-35.2141
2.66459 	-35.1609
2.66698 	-35.1077
2.66938 	-35.0544
2.67178 	-35.0012
2.67418 	-34.9479
2.67658 	-34.8945
2.67897 	-34.8412
2.68137 	-34.7878
2.68377 	-34.7344
2.68617 	-34.6809
2.68857 	-34.6274
2.69096 	-34.5739
2.69336 	-34.5204
2.69576 	-34.4668
2.69816 	-34.4132
2.70056 	-34.3596
2.70295 	-34.306
2.70535 	-34.2523
2.70775 	-34.1986
2.71015 	-34.1449
2.71255 	-34.0911
2.71494 	-34.0373
2.71734 	-33.9835
2.71974 	-33.9297
2.72214 	-33.8759
2.72454 	-33.822
2.72693 	-33.7681
2.72933 	-33.7142
2.73173 	-33.6602
2.73413 	-33.6063
2.73653 	-33.5523
2.73892 	-33.4983
2.74132 	-33.4443
2.74372 	-33.3902
2.74612 	-33.3361
2.74852 	-33.282
2.75091 	-33.2279
2.75331 	-33.1738
2.75571 	-33.1196
2.75811 	-33.0655
2.76051 	-33.0113
2.7629 	-32.9571
2.7653 	-32.9029
2.7677 	-32.8486
2.7701 	-32.7944
2.7725 	-32.7401
2.77489 	-32.6858
2.77729 	-32.6315
2.77969 	-32.5771
2.78209 	-32.5228
2.78449 	-32.4684
2.78688 	-32.4141
2.78928 	-32.3597
2.79168 	-32.3053
2.79408 	-32.2509
2.79648 	-32.1964
2.79887 	-32.142
2.80127 	-32.0875
2.80367 	-32.0331
2.80607 	-31.9786
2.80847 	-31.9241
2.81086 	-31.8696
2.81326 	-31.8151
2.81566 	-31.7606
2.81806 	-31.706
2.82046 	-31.6515
2.82285 	-31.597
2.82525 	-31.5424
2.82765 	-31.4878
2.83005 	-31.4332
2.83245 	-31.3787
2.83484 	-31.3241
2.83724 	-31.2695
2.83964 	-31.2148
2.84204 	-31.1602
2.84444 	-31.1056
2.84683 	-31.051
2.84923 	-30.9963
2.85163 	-30.9417
2.85403 	-30.8871
2.85643 	-30.8324
2.85882 	-30.7778
2.86122 	-30.7231
2.86362 	-30.6684
2.86602 	-30.6138
2.86842 	-30.5591
2.87081 	-30.5044
2.87321 	-30.4498
2.87561 	-30.3951
2.87801 	-30.3404
2.88041 	-30.2857
2.8828 	-30.2311
2.8852 	-30.1764
2.8876 	-30.1217
2.89 	-30.067
2.8924 	-30.0124
2.89479 	-29.9577
2.89719 	-29.903
2.89959 	-29.8483
2.90199 	-29.7937
2.90439 	-29.739
2.90678 	-29.6843
2.90918 	-29.6297
2.91158 	-29.575
2.91398 	-29.5204
2.91638 	-29.4657
2.91877 	-29.4111
2.92117 	-29.3565
2.92357 	-29.3018
2.92597 	-29.2472
2.92837 	-29.1926
2.93076 	-29.138
2.93316 	-29.0834
2.93556 	-29.0288
2.93796 	-28.9742
2.94036 	-28.9196
2.94275 	-28.865
2.94515 	-28.8104
2.94755 	-28.7559
2.94995 	-28.7013
2.95235 	-28.6468
2.95474 	-28.5923
2.95714 	-28.5377
2.95954 	-28.4832
2.96194 	-28.4287
2.96434 	-28.3743
2.96673 	-28.3198
2.96913 	-28.2653
2.97153 	-28.2109
2.97393 	-28.1564
2.97633 	-28.102
2.97872 	-28.0476
2.98112 	-27.9932
2.98352 	-27.9388
2.98592 	-27.8845
2.98832 	-27.8301
2.99071 	-27.7758
2.99311 	-27.7215
2.99551 	-27.6672
2.99791 	-27.6129
3.00031 	-27.5586
3.0027 	-27.5044
3.0051 	-27.4501
3.0075 	-27.3959
3.0099 	-27.3417
3.0123 	-27.2875
3.01469 	-27.2334
3.01709 	-27.1792
3.01949 	-27.1251
3.02189 	-27.071
3.02429 	-27.0169
3.02668 	-26.9628
3.02908 	-26.9088
3.03148 	-26.8548
3.03388 	-26.8008
3.03628 	-26.7468
3.03867 	-26.6928
3.04107 	-26.6389
3.04347 	-26.585
3.04587 	-26.5311
3.04827 	-26.4773
3.05066 	-26.4234
3.05306 	-26.3696
3.05546 	-26.3158
3.05786 	-26.2621
3.06026 	-26.2083
3.06265 	-26.1546
3.06505 	-26.1009
3.06745 	-26.0473
3.06985 	-25.9936
3.07225 	-25.94
3.07464 	-25.8864
3.07704 	-25.8329
3.07944 	-25.7794
3.08184 	-25.7259
3.08424 	-25.6724
3.08663 	-25.619
3.08903 	-25.5655
3.09143 	-25.5122
3.09383 	-25.4588
3.09623 	-25.4055
3.09862 	-25.3522
3.10102 	-25.299
3.10342 	-25.2457
3.10582 	-25.1925
3.10822 	-25.1394
3.11061 	-25.0862
3.11301 	-25.0331
3.11541 	-24.9801
3.11781 	-24.927
3.12021 	-24.874
3.1226 	-24.8211
3.125 	-24.7681
3.1274 	-24.7152
3.1298 	-24.6624
3.1322 	-24.6096
3.13459 	-24.5568
3.13699 	-24.504
3.13939 	-24.4513
3.14179 	-24.3986
3.14419 	-24.346
3.14658 	-24.2934
3.14898 	-24.2408
3.15138 	-24.1882
3.15378 	-24.1357
3.15618 	-24.0833
3.15857 	-24.0309
3.16097 	-23.9785
3.16337 	-23.9261
3.16577 	-23.8738
3.16817 	-23.8216
3.17056 	-23.7693
3.17296 	-23.7172
3.17536 	-23.665
3.17776 	-23.6129
3.18016 	-23.5609
3.18255 	-23.5088
3.18495 	-23.4569
3.18735 	-23.4049
3.18975 	-23.353
3.19215 	-23.3012
3.19454 	-23.2494
3.19694 	-23.1976
3.19934 	-23.1459
3.20174 	-23.0942
3.20414 	-23.0426
3.20653 	-22.991
3.20893 	-22.9394
3.21133 	-22.8879
3.21373 	-22.8365
3.21613 	-22.7851
3.21852 	-22.7337
3.22092 	-22.6824
3.22332 	-22.6311
3.22572 	-22.5799
3.22812 	-22.5287
3.23051 	-22.4776
3.23291 	-22.4265
3.23531 	-22.3754
3.23771 	-22.3244
3.24011 	-22.2735
3.2425 	-22.2226
3.2449 	-22.1718
3.2473 	-22.121
3.2497 	-22.0702
3.2521 	-22.0195
3.25449 	-21.9689
3.25689 	-21.9183
3.25929 	-21.8677
3.26169 	-21.8172
3.26409 	-21.7668
3.26648 	-21.7164
3.26888 	-21.666
3.27128 	-21.6158
3.27368 	-21.5655
3.27608 	-21.5153
3.27847 	-21.4652
3.28087 	-21.4151
3.28327 	-21.3651
3.28567 	-21.3151
3.28807 	-21.2652
3.29046 	-21.2153
3.29286 	-21.1655
3.29526 	-21.1157
3.29766 	-21.066
3.30006 	-21.0163
3.30245 	-20.9667
3.30485 	-20.9172
3.30725 	-20.8677
3.30965 	-20.8183
3.31205 	-20.7689
3.31444 	-20.7196
3.31684 	-20.6703
3.31924 	-20.6211
3.32164 	-20.5719
3.32404 	-20.5228
3.32643 	-20.4738
3.32883 	-20.4248
3.33123 	-20.3759
3.33363 	-20.327
3.33603 	-20.2782
3.33842 	-20.2294
3.34082 	-20.1807
3.34322 	-20.1321
3.34562 	-20.0835
3.34802 	-20.035
3.35041 	-19.9865
3.35281 	-19.9381
3.35521 	-19.8898
3.35761 	-19.8415
3.36001 	-19.7933
3.3624 	-19.7451
3.3648 	-19.697
3.3672 	-19.649
3.3696 	-19.601
3.372 	-19.5531
3.37439 	-19.5052
3.37679 	-19.4574
3.37919 	-19.4097
3.38159 	-19.362
3.38399 	-19.3144
3.38638 	-19.2668
3.38878 	-19.2193
3.39118 	-19.1719
3.39358 	-19.1245
3.39598 	-19.0772
3.39837 	-19.03
3.40077 	-18.9828
3.40317 	-18.9357
3.40557 	-18.8887
3.40797 	-18.8417
3.41036 	-18.7948
3.41276 	-18.7479
3.41516 	-18.7011
3.41756 	-18.6544
3.41996 	-18.6077
3.42235 	-18.5611
3.42475 	-18.5146
3.42715 	-18.4681
3.42955 	-18.4217
3.43195 	-18.3754
3.43434 	-18.3291
3.43674 	-18.2829
3.43914 	-18.2368
3.44154 	-18.1907
3.44394 	-18.1447
3.44633 	-18.0987
3.44873 	-18.0529
3.45113 	-18.0071
3.45353 	-17.9613
3.45593 	-17.9157
3.45832 	-17.87
3.46072 	-17.8245
3.46312 	-17.779
3.46552 	-17.7336
3.46792 	-17.6883
3.47031 	-17.643
3.47271 	-17.5978
3.47511 	-17.5527
3.47751 	-17.5076
3.47991 	-17.4626
3.4823 	-17.4177
3.4847 	-17.3729
3.4871 	-17.3281
3.4895 	-17.2833
3.4919 	-17.2387
3.49429 	-17.1941
3.49669 	-17.1496
3.49909 	-17.1052
3.50149 	-17.0608
3.50389 	-17.0165
3.50628 	-16.9723
3.50868 	-16.9281
3.51108 	-16.884
3.51348 	-16.84
3.51588 	-16.796
3.51827 	-16.7522
3.52067 	-16.7083
3.52307 	-16.6646
3.52547 	-16.6209
3.52787 	-16.5773
3.53026 	-16.5338
3.53266 	-16.4904
3.53506 	-16.447
3.53746 	-16.4037
3.53986 	-16.3604
3.54225 	-16.3173
3.54465 	-16.2742
3.54705 	-16.2311
3.54945 	-16.1882
3.55185 	-16.1453
3.55424 	-16.1025
3.55664 	-16.0597
3.55904 	-16.0171
3.56144 	-15.9745
3.56384 	-15.932
3.56623 	-15.8895
3.56863 	-15.8472
3.57103 	-15.8049
3.57343 	-15.7626
3.57583 	-15.7205
3.57822 	-15.6784
3.58062 	-15.6364
3.58302 	-15.5944
3.58542 	-15.5526
3.58782 	-15.5108
3.59021 	-15.4691
3.59261 	-15.4274
3.59501 	-15.3859
3.59741 	-15.3444
3.59981 	-15.303
3.6022 	-15.2616
3.6046 	-15.2203
3.607 	-15.1791
3.6094 	-15.138
3.6118 	-15.097
3.61419 	-15.056
3.61659 	-15.0151
3.61899 	-14.9743
3.62139 	-14.9335
3.62379 	-14.8928
3.62618 	-14.8522
3.62858 	-14.8117
3.63098 	-14.7713
3.63338 	-14.7309
3.63578 	-14.6906
3.63817 	-14.6503
3.64057 	-14.6102
3.64297 	-14.5701
3.64537 	-14.5301
3.64777 	-14.4902
3.65016 	-14.4503
3.65256 	-14.4105
3.65496 	-14.3708
3.65736 	-14.3312
3.65976 	-14.2917
3.66215 	-14.2522
3.66455 	-14.2128
3.66695 	-14.1735
3.66935 	-14.1342
3.67175 	-14.095
3.67414 	-14.0559
3.67654 	-14.0169
3.67894 	-13.978
3.68134 	-13.9391
3.68374 	-13.9003
3.68613 	-13.8616
3.68853 	-13.8229
3.69093 	-13.7843
3.69333 	-13.7459
3.69573 	-13.7074
3.69812 	-13.6691
3.70052 	-13.6308
3.70292 	-13.5926
3.70532 	-13.5545
3.70772 	-13.5165
3.71011 	-13.4785
3.71251 	-13.4406
3.71491 	-13.4028
3.71731 	-13.3651
3.71971 	-13.3274
3.7221 	-13.2898
3.7245 	-13.2523
3.7269 	-13.2149
3.7293 	-13.1776
3.7317 	-13.1403
3.73409 	-13.1031
3.73649 	-13.066
3.73889 	-13.0289
3.74129 	-12.9919
3.74369 	-12.955
3.74608 	-12.9182
3.74848 	-12.8815
3.75088 	-12.8448
3.75328 	-12.8082
3.75568 	-12.7717
3.75807 	-12.7353
3.76047 	-12.6989
3.76287 	-12.6626
3.76527 	-12.6264
3.76767 	-12.5903
3.77006 	-12.5542
3.77246 	-12.5182
3.77486 	-12.4823
3.77726 	-12.4465
3.77966 	-12.4107
3.78205 	-12.3751
3.78445 	-12.3395
3.78685 	-12.3039
3.78925 	-12.2685
3.79165 	-12.2331
3.79404 	-12.1978
3.79644 	-12.1626
3.79884 	-12.1274
3.80124 	-12.0924
3.80364 	-12.0574
3.80603 	-12.0225
3.80843 	-11.9876
3.81083 	-11.9529
3.81323 	-11.9182
3.81563 	-11.8836
3.81802 	-11.849
3.82042 	-11.8146
3.82282 	-11.7802
3.82522 	-11.7459
3.82762 	-11.7116
3.83001 	-11.6775
3.83241 	-11.6434
3.83481 	-11.6094
3.83721 	-11.5755
3.83961 	-11.5416
3.842 	-11.5078
3.8444 	-11.4741
3.8468 	-11.4405
3.8492 	-11.407
3.8516 	-11.3735
3.85399 	-11.3401
3.85639 	-11.3068
3.85879 	-11.2735
3.86119 	-11.2403
3.86359 	-11.2072
3.86598 	-11.1742
3.86838 	-11.1413
3.87078 	-11.1084
3.87318 	-11.0756
3.87558 	-11.0429
3.87797 	-11.0102
3.88037 	-10.9777
3.88277 	-10.9452
3.88517 	-10.9127
3.88757 	-10.8804
3.88996 	-10.8481
3.89236 	-10.8159
3.89476 	-10.7838
3.89716 	-10.7517
3.89956 	-10.7198
3.90195 	-10.6879
3.90435 	-10.6561
3.90675 	-10.6243
3.90915 	-10.5926
3.91155 	-10.561
3.91394 	-10.5295
3.91634 	-10.498
3.91874 	-10.4667
3.92114 	-10.4354
3.92354 	-10.4041
3.92593 	-10.373
3.92833 	-10.3419
3.93073 	-10.3109
3.93313 	-10.2799
3.93553 	-10.2491
3.93792 	-10.2183
3.94032 	-10.1876
3.94272 	-10.1569
3.94512 	-10.1264
3.94752 	-10.0959
3.94991 	-10.0655
3.95231 	-10.0351
3.95471 	-10.0049
3.95711 	-9.97466
3.95951 	-9.94453
3.9619 	-9.91448
3.9643 	-9.8845
3.9667 	-9.85459
3.9691 	-9.82476
3.9715 	-9.79499
3.97389 	-9.76531
3.97629 	-9.73569
3.97869 	-9.70615
3.98109 	-9.67668
3.98349 	-9.64728
3.98588 	-9.61795
3.98828 	-9.5887
3.99068 	-9.55952
3.99308 	-9.53041
3.99548 	-9.50137
3.99787 	-9.47241
4.00027 	-9.44351
4.00267 	-9.41469
4.00507 	-9.38594
4.00747 	-9.35726
4.00986 	-9.32866
4.01226 	-9.30012
4.01466 	-9.27166
4.01706 	-9.24327
4.01946 	-9.21495
4.02185 	-9.1867
4.02425 	-9.15852
4.02665 	-9.13041
4.02905 	-9.10237
4.03145 	-9.07441
4.03384 	-9.04651
4.03624 	-9.01869
4.03864 	-8.99093
4.04104 	-8.96325
4.04344 	-8.93564
4.04583 	-8.9081
4.04823 	-8.88062
4.05063 	-8.85322
4.05303 	-8.82589
4.05543 	-8.79863
4.05782 	-8.77144
4.06022 	-8.74431
4.06262 	-8.71726
4.06502 	-8.69028
4.06742 	-8.66336
4.06981 	-8.63652
4.07221 	-8.60974
4.07461 	-8.58304
4.07701 	-8.5564
4.07941 	-8.52984
4.0818 	-8.50334
4.0842 	-8.47691
4.0866 	-8.45055
4.089 	-8.42425
4.0914 	-8.39803
4.09379 	-8.37188
4.09619 	-8.34579
4.09859 	-8.31977
4.10099 	-8.29382
4.10339 	-8.26794
4.10578 	-8.24212
4.10818 	-8.21638
4.11058 	-8.1907
4.11298 	-8.16509
4.11538 	-8.13954
4.11777 	-8.11407
4.12017 	-8.08866
4.12257 	-8.06332
4.12497 	-8.03805
4.12737 	-8.01284
4.12976 	-7.9877
4.13216 	-7.96263
4.13456 	-7.93762
4.13696 	-7.91268
4.13936 	-7.88781
4.14175 	-7.863
4.14415 	-7.83826
4.14655 	-7.81359
4.14895 	-7.78898
4.15135 	-7.76444
4.15374 	-7.73996
4.15614 	-7.71555
4.15854 	-7.69121
4.16094 	-7.66693
4.16334 	-7.64272
4.16573 	-7.61857
4.16813 	-7.59449
4.17053 	-7.57047
4.17293 	-7.54652
4.17533 	-7.52263
4.17772 	-7.49881
4.18012 	-7.47505
4.18252 	-7.45136
4.18492 	-7.42773
4.18732 	-7.40417
4.18971 	-7.38067
4.19211 	-7.35723
4.19451 	-7.33386
4.19691 	-7.31056
4.19931 	-7.28731
4.2017 	-7.26413
4.2041 	-7.24102
4.2065 	-7.21797
4.2089 	-7.19498
4.2113 	-7.17205
4.21369 	-7.14919
4.21609 	-7.12639
4.21849 	-7.10365
4.22089 	-7.08098
4.22329 	-7.05837
4.22568 	-7.03582
4.22808 	-7.01334
4.23048 	-6.99092
4.23288 	-6.96856
4.23528 	-6.94626
4.23767 	-6.92402
4.24007 	-6.90185
4.24247 	-6.87974
4.24487 	-6.85769
4.24727 	-6.8357
4.24966 	-6.81377
4.25206 	-6.7919
4.25446 	-6.7701
4.25686 	-6.74836
4.25926 	-6.72667
4.26165 	-6.70505
4.26405 	-6.68349
4.26645 	-6.66199
4.26885 	-6.64055
4.27125 	-6.61918
4.27364 	-6.59786
4.27604 	-6.5766
4.27844 	-6.5554
4.28084 	-6.53426
4.28324 	-6.51319
4.28563 	-6.49217
4.28803 	-6.47121
4.29043 	-6.45031
4.29283 	-6.42947
4.29523 	-6.40869
4.29762 	-6.38797
4.30002 	-6.36731
4.30242 	-6.34671
4.30482 	-6.32616
4.30722 	-6.30568
4.30961 	-6.28525
4.31201 	-6.26488
4.31441 	-6.24457
4.31681 	-6.22432
4.31921 	-6.20413
4.3216 	-6.18399
4.324 	-6.16391
4.3264 	-6.1439
4.3288 	-6.12393
4.3312 	-6.10403
4.33359 	-6.08418
4.33599 	-6.06439
4.33839 	-6.04466
4.34079 	-6.02498
4.34319 	-6.00537
4.34558 	-5.98581
4.34798 	-5.9663
4.35038 	-5.94685
4.35278 	-5.92746
4.35518 	-5.90813
4.35757 	-5.88885
4.35997 	-5.86962
4.36237 	-5.85046
4.36477 	-5.83135
4.36717 	-5.81229
4.36956 	-5.79329
4.37196 	-5.77435
4.37436 	-5.75546
4.37676 	-5.73663
4.37916 	-5.71785
4.38155 	-5.69912
4.38395 	-5.68046
4.38635 	-5.66184
4.38875 	-5.64328
4.39115 	-5.62478
4.39354 	-5.60633
4.39594 	-5.58793
4.39834 	-5.56959
4.40074 	-5.55131
4.40314 	-5.53307
4.40553 	-5.51489
4.40793 	-5.49677
4.41033 	-5.4787
4.41273 	-5.46068
4.41513 	-5.44271
4.41752 	-5.4248
4.41992 	-5.40694
4.42232 	-5.38914
4.42472 	-5.37139
4.42712 	-5.35369
4.42951 	-5.33604
4.43191 	-5.31845
4.43431 	-5.3009
4.43671 	-5.28341
4.43911 	-5.26598
4.4415 	-5.24859
4.4439 	-5.23126
4.4463 	-5.21398
4.4487 	-5.19675
4.4511 	-5.17957
4.45349 	-5.16244
4.45589 	-5.14536
4.45829 	-5.12834
4.46069 	-5.11137
4.46309 	-5.09444
4.46548 	-5.07757
4.46788 	-5.06075
4.47028 	-5.04398
4.47268 	-5.02726
4.47508 	-5.01059
4.47747 	-4.99398
4.47987 	-4.97741
4.48227 	-4.96089
4.48467 	-4.94442
4.48707 	-4.928
4.48946 	-4.91163
4.49186 	-4.89531
4.49426 	-4.87904
4.49666 	-4.86282
4.49906 	-4.84665
4.50145 	-4.83053
4.50385 	-4.81445
4.50625 	-4.79843
4.50865 	-4.78245
4.51105 	-4.76653
4.51344 	-4.75065
4.51584 	-4.73482
4.51824 	-4.71903
4.52064 	-4.7033
4.52304 	-4.68762
4.52543 	-4.67198
4.52783 	-4.65639
4.53023 	-4.64084
4.53263 	-4.62535
4.53503 	-4.6099
4.53742 	-4.5945
4.53982 	-4.57915
4.54222 	-4.56384
4.54462 	-4.54858
4.54702 	-4.53337
4.54941 	-4.51821
4.55181 	-4.50309
4.55421 	-4.48802
4.55661 	-4.47299
4.55901 	-4.45801
4.5614 	-4.44308
4.5638 	-4.42819
4.5662 	-4.41335
4.5686 	-4.39856
4.571 	-4.38381
4.57339 	-4.3691
4.57579 	-4.35444
4.57819 	-4.33983
4.58059 	-4.32526
4.58299 	-4.31074
4.58538 	-4.29626
4.58778 	-4.28183
4.59018 	-4.26744
4.59258 	-4.2531
4.59498 	-4.2388
4.59737 	-4.22455
4.59977 	-4.21034
4.60217 	-4.19617
4.60457 	-4.18205
4.60697 	-4.16797
4.60936 	-4.15394
4.61176 	-4.13995
4.61416 	-4.126
4.61656 	-4.1121
4.61896 	-4.09824
4.62135 	-4.08442
4.62375 	-4.07065
4.62615 	-4.05692
4.62855 	-4.04323
4.63095 	-4.02959
4.63334 	-4.01599
4.63574 	-4.00243
4.63814 	-3.98891
4.64054 	-3.97544
4.64294 	-3.96201
4.64533 	-3.94862
4.64773 	-3.93527
4.65013 	-3.92197
4.65253 	-3.90871
4.65493 	-3.89549
4.65732 	-3.88231
4.65972 	-3.86917
4.66212 	-3.85607
4.66452 	-3.84302
4.66692 	-3.83
4.66931 	-3.81703
4.67171 	-3.8041
4.67411 	-3.79121
4.67651 	-3.77835
4.67891 	-3.76555
4.6813 	-3.75278
4.6837 	-3.74005
4.6861 	-3.72736
4.6885 	-3.71471
4.6909 	-3.7021
4.69329 	-3.68953
4.69569 	-3.67701
4.69809 	-3.66452
4.70049 	-3.65207
4.70289 	-3.63966
4.70528 	-3.62729
4.70768 	-3.61496
4.71008 	-3.60267
4.71248 	-3.59042
4.71488 	-3.5782
4.71727 	-3.56603
4.71967 	-3.5539
4.72207 	-3.5418
4.72447 	-3.52974
4.72687 	-3.51772
4.72926 	-3.50574
4.73166 	-3.4938
4.73406 	-3.48189
4.73646 	-3.47003
4.73886 	-3.4582
4.74125 	-3.44641
4.74365 	-3.43466
4.74605 	-3.42294
4.74845 	-3.41126
4.75085 	-3.39962
4.75324 	-3.38802
4.75564 	-3.37646
4.75804 	-3.36493
4.76044 	-3.35344
4.76284 	-3.34198
4.76523 	-3.33057
4.76763 	-3.31918
4.77003 	-3.30784
4.77243 	-3.29653
4.77483 	-3.28526
4.77722 	-3.27403
4.77962 	-3.26283
4.78202 	-3.25167
4.78442 	-3.24054
4.78682 	-3.22945
4.78921 	-3.2184
4.79161 	-3.20738
4.79401 	-3.19639
4.79641 	-3.18545
4.79881 	-3.17453
4.8012 	-3.16366
4.8036 	-3.15281
4.806 	-3.14201
4.8084 	-3.13124
4.8108 	-3.1205
4.81319 	-3.1098
4.81559 	-3.09913
4.81799 	-3.0885
4.82039 	-3.0779
4.82279 	-3.06734
4.82518 	-3.05681
4.82758 	-3.04631
4.82998 	-3.03585
4.83238 	-3.02542
4.83478 	-3.01503
4.83717 	-3.00467
4.83957 	-2.99435
4.84197 	-2.98405
4.84437 	-2.9738
4.84677 	-2.96357
4.84916 	-2.95338
4.85156 	-2.94322
4.85396 	-2.9331
4.85636 	-2.923
4.85876 	-2.91294
4.86115 	-2.90292
4.86355 	-2.89292
4.86595 	-2.88296
4.86835 	-2.87304
4.87075 	-2.86314
4.87314 	-2.85328
4.87554 	-2.84345
4.87794 	-2.83365
4.88034 	-2.82388
4.88274 	-2.81415
4.88513 	-2.80444
4.88753 	-2.79477
4.88993 	-2.78513
4.89233 	-2.77552
4.89473 	-2.76595
4.89712 	-2.7564
4.89952 	-2.74689
4.90192 	-2.73741
4.90432 	-2.72796
4.90672 	-2.71854
4.90911 	-2.70915
4.91151 	-2.69979
4.91391 	-2.69047
4.91631 	-2.68117
4.91871 	-2.6719
4.9211 	-2.66267
4.9235 	-2.65346
4.9259 	-2.64429
4.9283 	-2.63515
4.9307 	-2.62603
4.93309 	-2.61695
4.93549 	-2.6079
4.93789 	-2.59887
4.94029 	-2.58988
4.94269 	-2.58091
4.94508 	-2.57198
4.94748 	-2.56307
4.94988 	-2.5542
4.95228 	-2.54535
4.95468 	-2.53654
4.95707 	-2.52775
4.95947 	-2.51899
4.96187 	-2.51026
4.96427 	-2.50156
4.96667 	-2.49289
4.96906 	-2.48424
4.97146 	-2.47563
4.97386 	-2.46704
4.97626 	-2.45849
4.97866 	-2.44996
4.98105 	-2.44146
4.98345 	-2.43299
4.98585 	-2.42454
4.98825 	-2.41613
4.99065 	-2.40774
4.99304 	-2.39938
4.99544 	-2.39105
4.99784 	-2.38274
5.00024 	-2.37447
5.00264 	-2.36622
5.00503 	-2.35799
5.00743 	-2.3498
5.00983 	-2.34163
5.01223 	-2.33349
5.01463 	-2.32538
5.01702 	-2.3173
5.01942 	-2.30924
5.02182 	-2.30121
5.02422 	-2.2932
5.02662 	-2.28522
5.02901 	-2.27727
5.03141 	-2.26935
5.03381 	-2.26145
5.03621 	-2.25358
5.03861 	-2.24573
5.041 	-2.23791
5.0434 	-2.23012
5.0458 	-2.22235
5.0482 	-2.21461
5.0506 	-2.2069
5.05299 	-2.19921
5.05539 	-2.19155
5.05779 	-2.18391
5.06019 	-2.1763
5.06259 	-2.16871
5.06498 	-2.16115
5.06738 	-2.15361
5.06978 	-2.1461
5.07218 	-2.13862
5.07458 	-2.13116
5.07697 	-2.12372
5.07937 	-2.11631
5.08177 	-2.10893
5.08417 	-2.10157
5.08657 	-2.09423
5.08896 	-2.08692
5.09136 	-2.07964
5.09376 	-2.07237
5.09616 	-2.06514
5.09856 	-2.05793
5.10095 	-2.05074
5.10335 	-2.04357
5.10575 	-2.03643
5.10815 	-2.02932
5.11055 	-2.02223
5.11294 	-2.01516
5.11534 	-2.00811
5.11774 	-2.00109
5.12014 	-1.9941
5.12254 	-1.98712
5.12493 	-1.98017
5.12733 	-1.97325
5.12973 	-1.96635
5.13213 	-1.95947
5.13453 	-1.95261
5.13692 	-1.94578
5.13932 	-1.93897
5.14172 	-1.93218
5.14412 	-1.92542
5.14652 	-1.91868
5.14891 	-1.91196
5.15131 	-1.90526
5.15371 	-1.89859
5.15611 	-1.89194
5.15851 	-1.88531
5.1609 	-1.87871
5.1633 	-1.87213
5.1657 	-1.86557
5.1681 	-1.85903
5.1705 	-1.85251
5.17289 	-1.84602
5.17529 	-1.83955
5.17769 	-1.8331
5.18009 	-1.82667
5.18249 	-1.82027
5.18488 	-1.81388
5.18728 	-1.80752
5.18968 	-1.80118
5.19208 	-1.79486
5.19448 	-1.78856
5.19687 	-1.78229
5.19927 	-1.77603
5.20167 	-1.7698
5.20407 	-1.76359
5.20647 	-1.75739
5.20886 	-1.75122
5.21126 	-1.74508
5.21366 	-1.73895
5.21606 	-1.73284
5.21846 	-1.72675
5.22085 	-1.72069
5.22325 	-1.71464
5.22565 	-1.70862
5.22805 	-1.70261
5.23045 	-1.69663
5.23284 	-1.69067
5.23524 	-1.68473
5.23764 	-1.6788
5.24004 	-1.6729
5.24244 	-1.66702
5.24483 	-1.66116
5.24723 	-1.65532
5.24963 	-1.64949
5.25203 	-1.64369
5.25443 	-1.63791
5.25682 	-1.63215
5.25922 	-1.62641
5.26162 	-1.62068
5.26402 	-1.61498
5.26642 	-1.6093
5.26881 	-1.60363
5.27121 	-1.59799
5.27361 	-1.59236
5.27601 	-1.58675
5.27841 	-1.58117
5.2808 	-1.5756
5.2832 	-1.57005
5.2856 	-1.56452
5.288 	-1.55901
5.2904 	-1.55352
5.29279 	-1.54804
5.29519 	-1.54259
5.29759 	-1.53715
5.29999 	-1.53174
5.30239 	-1.52634
5.30478 	-1.52096
5.30718 	-1.5156
5.30958 	-1.51025
5.31198 	-1.50493
5.31438 	-1.49962
5.31677 	-1.49434
5.31917 	-1.48907
5.32157 	-1.48381
5.32397 	-1.47858
5.32637 	-1.47336
5.32876 	-1.46817
5.33116 	-1.46299
5.33356 	-1.45782
5.33596 	-1.45268
5.33836 	-1.44755
5.34075 	-1.44244
5.34315 	-1.43735
5.34555 	-1.43228
5.34795 	-1.42722
5.35035 	-1.42218
5.35274 	-1.41716
5.35514 	-1.41216
5.35754 	-1.40717
5.35994 	-1.4022
5.36234 	-1.39725
5.36473 	-1.39231
5.36713 	-1.38739
5.36953 	-1.38249
5.37193 	-1.37761
5.37433 	-1.37274
5.37672 	-1.36789
5.37912 	-1.36305
5.38152 	-1.35824
5.38392 	-1.35343
5.38632 	-1.34865
5.38871 	-1.34388
5.39111 	-1.33913
5.39351 	-1.3344
5.39591 	-1.32968
5.39831 	-1.32497
5.4007 	-1.32029
5.4031 	-1.31562
5.4055 	-1.31097
5.4079 	-1.30633
5.4103 	-1.30171
5.41269 	-1.2971
5.41509 	-1.29251
5.41749 	-1.28794
5.41989 	-1.28338
5.42229 	-1.27884
5.42468 	-1.27431
5.42708 	-1.2698
5.42948 	-1.2653
5.43188 	-1.26083
5.43428 	-1.25636
5.43667 	-1.25191
5.43907 	-1.24748
5.44147 	-1.24306
5.44387 	-1.23866
5.44627 	-1.23427
5.44866 	-1.2299
5.45106 	-1.22554
5.45346 	-1.2212
5.45586 	-1.21687
5.45826 	-1.21256
5.46065 	-1.20827
5.46305 	-1.20398
5.46545 	-1.19972
5.46785 	-1.19547
5.47025 	-1.19123
5.47264 	-1.18701
5.47504 	-1.1828
5.47744 	-1.1786
5.47984 	-1.17443
5.48224 	-1.17026
5.48463 	-1.16611
5.48703 	-1.16198
5.48943 	-1.15786
5.49183 	-1.15375
5.49423 	-1.14966
5.49662 	-1.14558
5.49902 	-1.14152
5.50142 	-1.13747
5.50382 	-1.13343
5.50622 	-1.12941
5.50861 	-1.1254
5.51101 	-1.12141
5.51341 	-1.11743
5.51581 	-1.11346
5.51821 	-1.10951
5.5206 	-1.10557
5.523 	-1.10165
5.5254 	-1.09774
5.5278 	-1.09384
5.5302 	-1.08995
5.53259 	-1.08608
5.53499 	-1.08223
5.53739 	-1.07838
5.53979 	-1.07455
5.54219 	-1.07074
5.54458 	-1.06693
5.54698 	-1.06315
5.54938 	-1.05937
5.55178 	-1.0556
5.55418 	-1.05185
5.55657 	-1.04812
5.55897 	-1.04439
5.56137 	-1.04068
5.56377 	-1.03698
5.56617 	-1.0333
5.56856 	-1.02963
5.57096 	-1.02597
5.57336 	-1.02232
5.57576 	-1.01868
5.57816 	-1.01506
5.58055 	-1.01145
5.58295 	-1.00786
5.58535 	-1.00427
5.58775 	-1.0007
5.59015 	-0.997145
5.59254 	-0.993599
5.59494 	-0.990065
5.59734 	-0.986544
5.59974 	-0.983035
5.60214 	-0.979538
5.60453 	-0.976054
5.60693 	-0.972581
5.60933 	-0.969121
5.61173 	-0.965673
5.61413 	-0.962237
5.61652 	-0.958813
5.61892 	-0.955401
5.62132 	-0.952001
5.62372 	-0.948613
5.62612 	-0.945236
5.62851 	-0.941872
5.63091 	-0.938519
5.63331 	-0.935178
5.63571 	-0.931849
5.63811 	-0.928531
5.6405 	-0.925225
5.6429 	-0.921931
5.6453 	-0.918648
5.6477 	-0.915377
5.6501 	-0.912117
5.65249 	-0.908869
5.65489 	-0.905632
5.65729 	-0.902406
5.65969 	-0.899192
5.66209 	-0.895989
5.66448 	-0.892797
5.66688 	-0.889616
5.66928 	-0.886447
5.67168 	-0.883289
5.67408 	-0.880141
5.67647 	-0.877005
5.67887 	-0.87388
5.68127 	-0.870766
5.68367 	-0.867663
5.68607 	-0.86457
5.68846 	-0.861489
5.69086 	-0.858418
5.69326 	-0.855358
5.69566 	-0.852309
5.69806 	-0.84927
5.70045 	-0.846243
5.70285 	-0.843226
5.70525 	-0.840219
5.70765 	-0.837223
5.71005 	-0.834238
5.71244 	-0.831263
5.71484 	-0.828298
5.71724 	-0.825344
5.71964 	-0.822401
5.72204 	-0.819467
5.72443 	-0.816544
5.72683 	-0.813632
5.72923 	-0.810729
5.73163 	-0.807837
5.73403 	-0.804955
5.73642 	-0.802083
5.73882 	-0.799221
5.74122 	-0.79637
5.74362 	-0.793528
5.74602 	-0.790696
5.74841 	-0.787875
5.75081 	-0.785063
5.75321 	-0.782261
5.75561 	-0.779469
5.75801 	-0.776687
5.7604 	-0.773915
5.7628 	-0.771152
5.7652 	-0.768399
5.7676 	-0.765656
5.77 	-0.762923
5.77239 	-0.760199
5.77479 	-0.757484
5.77719 	-0.75478
5.77959 	-0.752085
5.78199 	-0.749399
5.78438 	-0.746723
5.78678 	-0.744056
5.78918 	-0.741399
5.79158 	-0.738751
5.79398 	-0.736112
5.79637 	-0.733483
5.79877 	-0.730863
5.80117 	-0.728252
5.80357 	-0.725651
5.80597 	-0.723058
5.80836 	-0.720475
5.81076 	-0.717901
5.81316 	-0.715336
5.81556 	-0.71278
5.81796 	-0.710233
5.82035 	-0.707695
5.82275 	-0.705166
5.82515 	-0.702646
5.82755 	-0.700135
5.82995 	-0.697632
5.83234 	-0.695139
5.83474 	-0.692654
5.83714 	-0.690178
5.83954 	-0.687711
5.84194 	-0.685253
5.84433 	-0.682803
5.84673 	-0.680362
5.84913 	-0.67793
5.85153 	-0.675506
5.85393 	-0.673091
5.85632 	-0.670684
5.85872 	-0.668286
5.86112 	-0.665896
5.86352 	-0.663515
5.86592 	-0.661142
5.86831 	-0.658777
5.87071 	-0.656421
5.87311 	-0.654073
5.87551 	-0.651734
5.87791 	-0.649403
5.8803 	-0.64708
5.8827 	-0.644765
5.8851 	-0.642458
5.8875 	-0.64016
5.8899 	-0.63787
5.89229 	-0.635588
5.89469 	-0.633314
5.89709 	-0.631048
5.89949 	-0.62879
5.90189 	-0.62654
5.90428 	-0.624298
5.90668 	-0.622064
5.90908 	-0.619837
5.91148 	-0.617619
5.91388 	-0.615409
5.91627 	-0.613206
5.91867 	-0.611011
5.92107 	-0.608824
5.92347 	-0.606645
5.92587 	-0.604473
5.92826 	-0.60231
5.93066 	-0.600153
5.93306 	-0.598005
5.93546 	-0.595864
5.93786 	-0.593731
5.94025 	-0.591605
5.94265 	-0.589487
5.94505 	-0.587376
5.94745 	-0.585273
5.94985 	-0.583177
5.95224 	-0.581088
5.95464 	-0.579008
5.95704 	-0.576934
5.95944 	-0.574868
5.96184 	-0.572809
5.96423 	-0.570757
5.96663 	-0.568713
5.96903 	-0.566676
5.97143 	-0.564646
5.97383 	-0.562623
5.97622 	-0.560608
5.97862 	-0.5586
5.98102 	-0.556599
5.98342 	-0.554604
5.98582 	-0.552617
5.98821 	-0.550638
5.99061 	-0.548665
5.99301 	-0.546699
5.99541 	-0.54474
5.99781 	-0.542788
6.0002 	-0.540843
6.0026 	-0.538905
6.005 	-0.536973
6.0074 	-0.535049
6.0098 	-0.533132
6.01219 	-0.531221
6.01459 	-0.529317
6.01699 	-0.52742
6.01939 	-0.525529
6.02179 	-0.523645
6.02418 	-0.521768
6.02658 	-0.519898
6.02898 	-0.518034
6.03138 	-0.516177
6.03378 	-0.514327
6.03617 	-0.512483
6.03857 	-0.510645
6.04097 	-0.508815
6.04337 	-0.50699
6.04577 	-0.505172
6.04816 	-0.503361
6.05056 	-0.501556
6.05296 	-0.499758
6.05536 	-0.497966
6.05776 	-0.49618
6.06015 	-0.4944
6.06255 	-0.492627
6.06495 	-0.490861
6.06735 	-0.4891
6.06975 	-0.487346
6.07214 	-0.485598
6.07454 	-0.483856
6.07694 	-0.482121
6.07934 	-0.480391
6.08174 	-0.478668
6.08413 	-0.476951
6.08653 	-0.47524
6.08893 	-0.473535
6.09133 	-0.471836
6.09373 	-0.470143
6.09612 	-0.468457
6.09852 	-0.466776
6.10092 	-0.465101
6.10332 	-0.463432
6.10572 	-0.461769
6.10811 	-0.460112
6.11051 	-0.458461
6.11291 	-0.456816
6.11531 	-0.455177
6.11771 	-0.453543
6.1201 	-0.451916
6.1225 	-0.450294
6.1249 	-0.448678
6.1273 	-0.447068
6.1297 	-0.445463
6.13209 	-0.443864
6.13449 	-0.442271
6.13689 	-0.440683
6.13929 	-0.439102
6.14169 	-0.437525
6.14408 	-0.435955
6.14648 	-0.43439
6.14888 	-0.43283
6.15128 	-0.431277
6.15368 	-0.429728
6.15607 	-0.428186
6.15847 	-0.426648
6.16087 	-0.425116
6.16327 	-0.42359
6.16567 	-0.422069
6.16806 	-0.420554
6.17046 	-0.419044
6.17286 	-0.417539
6.17526 	-0.41604
6.17766 	-0.414546
6.18005 	-0.413057
6.18245 	-0.411574
6.18485 	-0.410095
6.18725 	-0.408623
6.18965 	-0.407155
6.19204 	-0.405693
6.19444 	-0.404236
6.19684 	-0.402784
6.19924 	-0.401337
6.20164 	-0.399896
6.20403 	-0.398459
6.20643 	-0.397028
6.20883 	-0.395602
6.21123 	-0.394181
6.21363 	-0.392765
6.21602 	-0.391354
6.21842 	-0.389948
6.22082 	-0.388547
6.22322 	-0.387151
6.22562 	-0.38576
6.22801 	-0.384374
6.23041 	-0.382993
6.23281 	-0.381617
6.23521 	-0.380246
6.23761 	-0.37888
6.24 	-0.377518
6.2424 	-0.376162
6.2448 	-0.37481
6.2472 	-0.373463
6.2496 	-0.372121
6.25199 	-0.370784
6.25439 	-0.369451
6.25679 	-0.368124
6.25919 	-0.366801
6.26159 	-0.365482
6.26398 	-0.364169
6.26638 	-0.36286
6.26878 	-0.361556
6.27118 	-0.360256
6.27358 	-0.358961
6.27597 	-0.357671
6.27837 	-0.356386
6.28077 	-0.355105
6.28317 	-0.353828
6.28557 	-0.352556
6.28796 	-0.351289
6.29036 	-0.350026
6.29276 	-0.348768
6.29516 	-0.347514
6.29756 	-0.346265
6.29995 	-0.34502
6.30235 	-0.343779
6.30475 	-0.342543
6.30715 	-0.341312
6.30955 	-0.340085
6.31194 	-0.338862
6.31434 	-0.337643
6.31674 	-0.336429
6.31914 	-0.33522
6.32154 	-0.334014
6.32393 	-0.332813
6.32633 	-0.331616
6.32873 	-0.330424
6.33113 	-0.329236
6.33353 	-0.328052
6.33592 	-0.326872
6.33832 	-0.325696
6.34072 	-0.324525
6.34312 	-0.323358
6.34552 	-0.322195
6.34791 	-0.321036
6.35031 	-0.319882
6.35271 	-0.318731
6.35511 	-0.317585
6.35751 	-0.316442
6.3599 	-0.315304
6.3623 	-0.31417
6.3647 	-0.31304
6.3671 	-0.311914
6.3695 	-0.310792
6.37189 	-0.309674
6.37429 	-0.30856
6.37669 	-0.30745
6.37909 	-0.306344
6.38149 	-0.305242
6.38388 	-0.304144
6.38628 	-0.303049
6.38868 	-0.301959
6.39108 	-0.300873
6.39348 	-0.29979
6.39587 	-0.298712
6.39827 	-0.297637
6.40067 	-0.296566
6.40307 	-0.295499
6.40547 	-0.294436
6.40786 	-0.293376
6.41026 	-0.29232
6.41266 	-0.291269
6.41506 	-0.29022
6.41746 	-0.289176
6.41985 	-0.288135
6.42225 	-0.287099
6.42465 	-0.286065
6.42705 	-0.285036
6.42945 	-0.28401
6.43184 	-0.282988
6.43424 	-0.28197
6.43664 	-0.280955
6.43904 	-0.279944
6.44144 	-0.278936
6.44383 	-0.277932
6.44623 	-0.276932
6.44863 	-0.275935
6.45103 	-0.274942
6.45343 	-0.273952
6.45582 	-0.272966
6.45822 	-0.271984
6.46062 	-0.271005
6.46302 	-0.270029
6.46542 	-0.269057
6.46781 	-0.268089
6.47021 	-0.267123
6.47261 	-0.266162
6.47501 	-0.265204
6.47741 	-0.264249
6.4798 	-0.263298
6.4822 	-0.26235
6.4846 	-0.261405
6.487 	-0.260464
6.4894 	-0.259526
6.49179 	-0.258592
6.49419 	-0.257661
6.49659 	-0.256733
6.49899 	-0.255809
6.50139 	-0.254888
6.50378 	-0.25397
6.50618 	-0.253056
6.50858 	-0.252145
6.51098 	-0.251237
6.51338 	-0.250332
6.51577 	-0.249431
6.51817 	-0.248532
6.52057 	-0.247637
6.52297 	-0.246746
6.52537 	-0.245857
6.52776 	-0.244972
6.53016 	-0.24409
6.53256 	-0.243211
6.53496 	-0.242335
6.53736 	-0.241462
6.53975 	-0.240592
6.54215 	-0.239726
6.54455 	-0.238862
6.54695 	-0.238002
6.54935 	-0.237145
6.55174 	-0.236291
6.55414 	-0.23544
6.55654 	-0.234592
6.55894 	-0.233747
6.56134 	-0.232905
6.56373 	-0.232066
6.56613 	-0.23123
6.56853 	-0.230397
6.57093 	-0.229567
6.57333 	-0.22874
6.57572 	-0.227916
6.57812 	-0.227095
6.58052 	-0.226277
6.58292 	-0.225462
6.58532 	-0.22465
6.58771 	-0.223841
6.59011 	-0.223034
6.59251 	-0.222231
6.59491 	-0.22143
6.59731 	-0.220633
6.5997 	-0.219838
6.6021 	-0.219046
6.6045 	-0.218257
6.6069 	-0.21747
6.6093 	-0.216687
6.61169 	-0.215906
6.61409 	-0.215128
6.61649 	-0.214353
6.61889 	-0.213581
6.62129 	-0.212811
6.62368 	-0.212044
6.62608 	-0.21128
6.62848 	-0.210519
6.63088 	-0.209761
6.63328 	-0.209005
6.63567 	-0.208252
6.63807 	-0.207501
6.64047 	-0.206754
6.64287 	-0.206009
6.64527 	-0.205266
6.64766 	-0.204526
6.65006 	-0.203789
6.65246 	-0.203055
6.65486 	-0.202323
6.65726 	-0.201594
6.65965 	-0.200868
6.66205 	-0.200144
6.66445 	-0.199422
6.66685 	-0.198704
6.66925 	-0.197988
6.67164 	-0.197274
6.67404 	-0.196563
6.67644 	-0.195855
6.67884 	-0.195149
6.68124 	-0.194445
6.68363 	-0.193745
6.68603 	-0.193046
6.68843 	-0.192351
6.69083 	-0.191657
6.69323 	-0.190966
6.69562 	-0.190278
6.69802 	-0.189592
6.70042 	-0.188909
6.70282 	-0.188228
6.70522 	-0.18755
6.70761 	-0.186873
6.71001 	-0.1862
6.71241 	-0.185529
6.71481 	-0.18486
6.71721 	-0.184194
6.7196 	-0.18353
6.722 	-0.182868
6.7244 	-0.182209
6.7268 	-0.181552
6.7292 	-0.180897
6.73159 	-0.180245
6.73399 	-0.179595
6.73639 	-0.178948
6.73879 	-0.178303
6.74119 	-0.17766
6.74358 	-0.17702
6.74598 	-0.176381
6.74838 	-0.175745
6.75078 	-0.175112
6.75318 	-0.17448
6.75557 	-0.173851
6.75797 	-0.173225
6.76037 	-0.1726
6.76277 	-0.171978
6.76517 	-0.171358
6.76756 	-0.17074
6.76996 	-0.170124
6.77236 	-0.169511
6.77476 	-0.1689
6.77716 	-0.168291
6.77955 	-0.167684
6.78195 	-0.167079
6.78435 	-0.166477
6.78675 	-0.165876
6.78915 	-0.165278
6.79154 	-0.164682
6.79394 	-0.164088
6.79634 	-0.163497
6.79874 	-0.162907
6.80114 	-0.16232
6.80353 	-0.161734
6.80593 	-0.161151
6.80833 	-0.16057
6.81073 	-0.159991
6.81313 	-0.159414
6.81552 	-0.158839
6.81792 	-0.158266
6.82032 	-0.157695
6.82272 	-0.157127
6.82512 	-0.15656
6.82751 	-0.155995
6.82991 	-0.155433
6.83231 	-0.154872
6.83471 	-0.154314
6.83711 	-0.153757
6.8395 	-0.153203
6.8419 	-0.15265
6.8443 	-0.1521
6.8467 	-0.151551
6.8491 	-0.151004
6.85149 	-0.15046
6.85389 	-0.149917
6.85629 	-0.149376
6.85869 	-0.148837
6.86109 	-0.148301
6.86348 	-0.147766
6.86588 	-0.147233
6.86828 	-0.146702
6.87068 	-0.146173
6.87308 	-0.145645
6.87547 	-0.14512
6.87787 	-0.144596
6.88027 	-0.144075
6.88267 	-0.143555
6.88507 	-0.143037
6.88746 	-0.142521
6.88986 	-0.142007
6.89226 	-0.141495
6.89466 	-0.140985
6.89706 	-0.140476
6.89945 	-0.139969
6.90185 	-0.139464
6.90425 	-0.138961
6.90665 	-0.13846
6.90905 	-0.13796
6.91144 	-0.137463
6.91384 	-0.136967
6.91624 	-0.136473
6.91864 	-0.13598
6.92104 	-0.13549
6.92343 	-0.135001
6.92583 	-0.134514
6.92823 	-0.134029
6.93063 	-0.133545
6.93303 	-0.133063
6.93542 	-0.132583
6.93782 	-0.132105
6.94022 	-0.131628
6.94262 	-0.131153
6.94502 	-0.13068
6.94741 	-0.130209
6.94981 	-0.129739
6.95221 	-0.129271
6.95461 	-0.128804
6.95701 	-0.128339
6.9594 	-0.127876
6.9618 	-0.127415
6.9642 	-0.126955
6.9666 	-0.126497
6.969 	-0.126041
6.97139 	-0.125586
6.97379 	-0.125133
6.97619 	-0.124681
6.97859 	-0.124231
6.98099 	-0.123783
6.98338 	-0.123336
6.98578 	-0.122891
6.98818 	-0.122448
6.99058 	-0.122006
6.99298 	-0.121566
6.99537 	-0.121127
6.99777 	-0.12069
7.00017 	-0.120255
7.00257 	-0.119821
7.00497 	-0.119388
7.00736 	-0.118957
7.00976 	-0.118528
7.01216 	-0.1181
7.01456 	-0.117674
7.01696 	-0.117249
7.01935 	-0.116826
7.02175 	-0.116405
7.02415 	-0.115985
7.02655 	-0.115566
7.02895 	-0.115149
7.03134 	-0.114733
7.03374 	-0.114319
7.03614 	-0.113907
7.03854 	-0.113496
7.04094 	-0.113086
7.04333 	-0.112678
7.04573 	-0.112271
7.04813 	-0.111866
7.05053 	-0.111462
7.05293 	-0.11106
7.05532 	-0.110659
7.05772 	-0.11026
7.06012 	-0.109862
7.06252 	-0.109465
7.06492 	-0.10907
7.06731 	-0.108677
7.06971 	-0.108284
7.07211 	-0.107894
7.07451 	-0.107504
7.07691 	-0.107116
7.0793 	-0.106729
7.0817 	-0.106344
7.0841 	-0.10596
7.0865 	-0.105578
7.0889 	-0.105197
7.09129 	-0.104817
7.09369 	-0.104439
7.09609 	-0.104062
7.09849 	-0.103686
7.10089 	-0.103312
7.10328 	-0.102939
7.10568 	-0.102567
7.10808 	-0.102197
7.11048 	-0.101828
7.11288 	-0.101461
7.11527 	-0.101094
7.11767 	-0.10073
7.12007 	-0.100366
7.12247 	-0.100004
7.12487 	-0.0996426
7.12726 	-0.0992829
7.12966 	-0.0989245
7.13206 	-0.0985674
7.13446 	-0.0982116
7.13686 	-0.0978571
7.13925 	-0.0975038
7.14165 	-0.0971518
7.14405 	-0.0968011
7.14645 	-0.0964516
7.14885 	-0.0961034
7.15124 	-0.0957565
7.15364 	-0.0954108
7.15604 	-0.0950664
7.15844 	-0.0947232
7.16084 	-0.0943812
7.16323 	-0.0940405
7.16563 	-0.093701
7.16803 	-0.0933627
7.17043 	-0.0930256
7.17283 	-0.0926898
7.17522 	-0.0923551
7.17762 	-0.0920217
7.18002 	-0.0916895
7.18242 	-0.0913585
7.18482 	-0.0910286
7.18721 	-0.0907
7.18961 	-0.0903725
7.19201 	-0.0900462
7.19441 	-0.0897211
7.19681 	-0.0893972
7.1992 	-0.0890744
7.2016 	-0.0887528
7.204 	-0.0884324
7.2064 	-0.0881131
7.2088 	-0.087795
7.21119 	-0.087478
7.21359 	-0.0871621
7.21599 	-0.0868474
7.21839 	-0.0865338
7.22079 	-0.0862214
7.22318 	-0.0859101
7.22558 	-0.0855999
7.22798 	-0.0852908
7.23038 	-0.0849828
7.23278 	-0.084676
7.23517 	-0.0843703
7.23757 	-0.0840656
7.23997 	-0.0837621
7.24237 	-0.0834596
7.24477 	-0.0831583
7.24716 	-0.082858
7.24956 	-0.0825588
7.25196 	-0.0822607
7.25436 	-0.0819637
7.25676 	-0.0816677
7.25915 	-0.0813728
7.26155 	-0.081079
7.26395 	-0.0807862
7.26635 	-0.0804945
7.26875 	-0.0802038
7.27114 	-0.0799142
7.27354 	-0.0796256
7.27594 	-0.0793381
7.27834 	-0.0790516
7.28074 	-0.0787661
7.28313 	-0.0784817
7.28553 	-0.0781983
7.28793 	-0.0779159
7.29033 	-0.0776345
7.29273 	-0.0773542
7.29512 	-0.0770748
7.29752 	-0.0767965
7.29992 	-0.0765192
7.30232 	-0.0762429
7.30472 	-0.0759675
7.30711 	-0.0756932
7.30951 	-0.0754198
7.31191 	-0.0751475
7.31431 	-0.0748761
7.31671 	-0.0746057
7.3191 	-0.0743363
7.3215 	-0.0740678
7.3239 	-0.0738003
7.3263 	-0.0735338
7.3287 	-0.0732682
7.33109 	-0.0730036
7.33349 	-0.07274
7.33589 	-0.0724773
7.33829 	-0.0722155
7.34069 	-0.0719547
7.34308 	-0.0716949
7.34548 	-0.0714359
7.34788 	-0.0711779
7.35028 	-0.0709209
7.35268 	-0.0706647
7.35507 	-0.0704095
7.35747 	-0.0701552
7.35987 	-0.0699019
7.36227 	-0.0696494
7.36467 	-0.0693979
7.36706 	-0.0691472
7.36946 	-0.0688975
7.37186 	-0.0686486
7.37426 	-0.0684007
7.37666 	-0.0681537
7.37905 	-0.0679075
7.38145 	-0.0676622
7.38385 	-0.0674179
7.38625 	-0.0671744
7.38865 	-0.0669317
7.39104 	-0.06669
7.39344 	-0.0664491
7.39584 	-0.0662091
7.39824 	-0.06597
7.40064 	-0.0657317
7.40303 	-0.0654943
7.40543 	-0.0652577
7.40783 	-0.065022
7.41023 	-0.0647872
7.41263 	-0.0645532
7.41502 	-0.06432
7.41742 	-0.0640877
7.41982 	-0.0638562
7.42222 	-0.0636255
7.42462 	-0.0633957
7.42701 	-0.0631667
7.42941 	-0.0629386
7.43181 	-0.0627112
7.43421 	-0.0624847
7.43661 	-0.062259
7.439 	-0.0620341
7.4414 	-0.0618101
7.4438 	-0.0615868
7.4462 	-0.0613643
7.4486 	-0.0611427
7.45099 	-0.0609218
7.45339 	-0.0607018
7.45579 	-0.0604825
7.45819 	-0.060264
7.46059 	-0.0600463
7.46298 	-0.0598294
7.46538 	-0.0596133
7.46778 	-0.059398
7.47018 	-0.0591834
7.47258 	-0.0589696
7.47497 	-0.0587566
7.47737 	-0.0585444
7.47977 	-0.0583329
7.48217 	-0.0581222
7.48457 	-0.0579122
7.48696 	-0.057703
7.48936 	-0.0574946
7.49176 	-0.0572869
7.49416 	-0.05708
7.49656 	-0.0568738
7.49895 	-0.0566683
7.50135 	-0.0564636
7.50375 	-0.0562596
7.50615 	-0.0560564
7.50855 	-0.0558539
7.51094 	-0.0556521
7.51334 	-0.0554511
7.51574 	-0.0552508
7.51814 	-0.0550512
7.52054 	-0.0548523
7.52293 	-0.0546541
7.52533 	-0.0544567
7.52773 	-0.05426
7.53013 	-0.0540639
7.53253 	-0.0538686
7.53492 	-0.053674
7.53732 	-0.0534801
7.53972 	-0.0532869
7.54212 	-0.0530944
7.54452 	-0.0529026
7.54691 	-0.0527115
7.54931 	-0.0525211
7.55171 	-0.0523313
7.55411 	-0.0521423
7.55651 	-0.0519539
7.5589 	-0.0517662
7.5613 	-0.0515792
7.5637 	-0.0513928
7.5661 	-0.0512072
7.5685 	-0.0510222
7.57089 	-0.0508378
7.57329 	-0.0506542
7.57569 	-0.0504712
7.57809 	-0.0502888
7.58049 	-0.0501071
7.58288 	-0.0499261
7.58528 	-0.0497457
7.58768 	-0.049566
7.59008 	-0.0493869
7.59248 	-0.0492085
7.59487 	-0.0490307
7.59727 	-0.0488536
7.59967 	-0.0486771
7.60207 	-0.0485012
7.60447 	-0.048326
7.60686 	-0.0481514
7.60926 	-0.0479774
7.61166 	-0.0478041
7.61406 	-0.0476314
7.61646 	-0.0474593
7.61885 	-0.0472878
7.62125 	-0.047117
7.62365 	-0.0469467
7.62605 	-0.0467771
7.62845 	-0.0466081
7.63084 	-0.0464397
7.63324 	-0.0462719
7.63564 	-0.0461047
7.63804 	-0.0459382
7.64044 	-0.0457722
7.64283 	-0.0456068
7.64523 	-0.045442
7.64763 	-0.0452778
7.65003 	-0.0451142
7.65243 	-0.0449512
7.65482 	-0.0447888
7.65722 	-0.044627
7.65962 	-0.0444658
7.66202 	-0.0443051
7.66442 	-0.044145
7.66681 	-0.0439855
7.66921 	-0.0438266
7.67161 	-0.0436682
7.67401 	-0.0435104
7.67641 	-0.0433532
7.6788 	-0.0431966
7.6812 	-0.0430405
7.6836 	-0.042885
7.686 	-0.04273
7.6884 	-0.0425756
7.69079 	-0.0424218
7.69319 	-0.0422685
7.69559 	-0.0421158
7.69799 	-0.0419636
7.70039 	-0.041812
7.70278 	-0.0416609
7.70518 	-0.0415104
7.70758 	-0.0413604
7.70998 	-0.0412109
7.71238 	-0.041062
7.71477 	-0.0409137
7.71717 	-0.0407658
7.71957 	-0.0406185
7.72197 	-0.0404718
7.72437 	-0.0403255
7.72676 	-0.0401798
7.72916 	-0.0400346
7.73156 	-0.03989
7.73396 	-0.0397458
7.73636 	-0.0396022
7.73875 	-0.0394591
7.74115 	-0.0393165
7.74355 	-0.0391744
7.74595 	-0.0390329
7.74835 	-0.0388918
7.75074 	-0.0387513
7.75314 	-0.0386113
7.75554 	-0.0384718
7.75794 	-0.0383327
7.76034 	-0.0381942
7.76273 	-0.0380562
7.76513 	-0.0379187
7.76753 	-0.0377817
7.76993 	-0.0376451
7.77233 	-0.0375091
7.77472 	-0.0373736
7.77712 	-0.0372385
7.77952 	-0.037104
7.78192 	-0.0369699
7.78432 	-0.0368363
7.78671 	-0.0367032
7.78911 	-0.0365705
7.79151 	-0.0364384
7.79391 	-0.0363067
7.79631 	-0.0361755
7.7987 	-0.0360448
7.8011 	-0.0359145
7.8035 	-0.0357848
7.8059 	-0.0356554
7.8083 	-0.0355266
7.81069 	-0.0353982
7.81309 	-0.0352703
7.81549 	-0.0351428
7.81789 	-0.0350158
7.82029 	-0.0348893
7.82268 	-0.0347632
7.82508 	-0.0346376
7.82748 	-0.0345124
7.82988 	-0.0343877
7.83228 	-0.0342634
7.83467 	-0.0341396
7.83707 	-0.0340162
7.83947 	-0.0338933
7.84187 	-0.0337708
7.84427 	-0.0336488
7.84666 	-0.0335272
7.84906 	-0.033406
7.85146 	-0.0332853
7.85386 	-0.033165
7.85626 	-0.0330452
7.85865 	-0.0329258
7.86105 	-0.0328068
7.86345 	-0.0326882
7.86585 	-0.0325701
7.86825 	-0.0324524
7.87064 	-0.0323351
7.87304 	-0.0322182
7.87544 	-0.0321018
7.87784 	-0.0319858
7.88024 	-0.0318702
7.88263 	-0.031755
7.88503 	-0.0316403
7.88743 	-0.0315259
7.88983 	-0.031412
7.89223 	-0.0312985
7.89462 	-0.0311854
7.89702 	-0.0310727
7.89942 	-0.0309604
7.90182 	-0.0308485
7.90422 	-0.030737
7.90661 	-0.0306259
7.90901 	-0.0305152
7.91141 	-0.0304049
7.91381 	-0.0302951
7.91621 	-0.0301856
7.9186 	-0.0300765
7.921 	-0.0299678
7.9234 	-0.0298595
7.9258 	-0.0297516
7.9282 	-0.029644
7.93059 	-0.0295369
7.93299 	-0.0294302
7.93539 	-0.0293238
7.93779 	-0.0292178
7.94019 	-0.0291122
7.94258 	-0.029007
7.94498 	-0.0289022
7.94738 	-0.0287977
7.94978 	-0.0286936
7.95218 	-0.0285899
7.95457 	-0.0284866
7.95697 	-0.0283837
7.95937 	-0.0282811
7.96177 	-0.0281789
7.96417 	-0.028077
7.96656 	-0.0279756
7.96896 	-0.0278744
7.97136 	-0.0277737
7.97376 	-0.0276733
7.97616 	-0.0275733
7.97855 	-0.0274737
7.98095 	-0.0273744
7.98335 	-0.0272754
7.98575 	-0.0271768
7.98815 	-0.0270786
7.99054 	-0.0269808
7.99294 	-0.0268832
7.99534 	-0.0267861
7.99774 	-0.0266893
8.00014 	-0.0265928
8.00253 	-0.0264967
8.00493 	-0.0264009
8.00733 	-0.0263055
8.00973 	-0.0262104
8.01213 	-0.0261157
8.01452 	-0.0260213
8.01692 	-0.0259273
8.01932 	-0.0258336
8.02172 	-0.0257402
8.02412 	-0.0256472
8.02651 	-0.0255545
8.02891 	-0.0254621
8.03131 	-0.0253701
8.03371 	-0.0252784
8.03611 	-0.025187
8.0385 	-0.025096
8.0409 	-0.0250053
8.0433 	-0.0249149
8.0457 	-0.0248249
8.0481 	-0.0247351
8.05049 	-0.0246457
8.05289 	-0.0245567
8.05529 	-0.0244679
8.05769 	-0.0243795
8.06009 	-0.0242913
8.06248 	-0.0242036
8.06488 	-0.0241161
8.06728 	-0.0240289
8.06968 	-0.0239421
8.07208 	-0.0238555
8.07447 	-0.0237693
8.07687 	-0.0236834
8.07927 	-0.0235978
8.08167 	-0.0235125
8.08407 	-0.0234275
8.08646 	-0.0233428
8.08886 	-0.0232585
8.09126 	-0.0231744
8.09366 	-0.0230906
8.09606 	-0.0230072
8.09845 	-0.022924
8.10085 	-0.0228412
8.10325 	-0.0227586
8.10565 	-0.0226763
8.10805 	-0.0225944
8.11044 	-0.0225127
8.11284 	-0.0224313
8.11524 	-0.0223503
8.11764 	-0.0222695
8.12004 	-0.022189
8.12243 	-0.0221088
8.12483 	-0.0220289
8.12723 	-0.0219493
8.12963 	-0.0218699
8.13203 	-0.0217909
8.13442 	-0.0217121
8.13682 	-0.0216336
8.13922 	-0.0215554
8.14162 	-0.0214775
8.14402 	-0.0213999
8.14641 	-0.0213225
8.14881 	-0.0212455
8.15121 	-0.0211687
8.15361 	-0.0210922
8.15601 	-0.0210159
8.1584 	-0.02094
8.1608 	-0.0208643
8.1632 	-0.0207889
8.1656 	-0.0207137
8.168 	-0.0206388
8.17039 	-0.0205642
8.17279 	-0.0204899
8.17519 	-0.0204158
8.17759 	-0.0203421
8.17999 	-0.0202685
8.18238 	-0.0201953
8.18478 	-0.0201223
8.18718 	-0.0200495
8.18958 	-0.0199771
8.19198 	-0.0199048
8.19437 	-0.0198329
8.19677 	-0.0197612
8.19917 	-0.0196898
8.20157 	-0.0196186
8.20397 	-0.0195477
8.20636 	-0.019477
8.20876 	-0.0194066
8.21116 	-0.0193365
8.21356 	-0.0192666
8.21596 	-0.019197
8.21835 	-0.0191276
8.22075 	-0.0190584
8.22315 	-0.0189895
8.22555 	-0.0189209
8.22795 	-0.0188525
8.23034 	-0.0187844
8.23274 	-0.0187165
8.23514 	-0.0186488
8.23754 	-0.0185814
8.23994 	-0.0185142
8.24233 	-0.0184473
8.24473 	-0.0183806
8.24713 	-0.0183142
8.24953 	-0.018248
8.25193 	-0.018182
8.25432 	-0.0181163
8.25672 	-0.0180508
8.25912 	-0.0179856
8.26152 	-0.0179205
8.26392 	-0.0178558
8.26631 	-0.0177912
8.26871 	-0.0177269
8.27111 	-0.0176628
8.27351 	-0.017599
8.27591 	-0.0175354
8.2783 	-0.017472
8.2807 	-0.0174088
8.2831 	-0.0173459
8.2855 	-0.0172832
8.2879 	-0.0172207
8.29029 	-0.0171585
8.29269 	-0.0170965
8.29509 	-0.0170347
8.29749 	-0.0169731
8.29989 	-0.0169117
8.30228 	-0.0168506
8.30468 	-0.0167897
8.30708 	-0.016729
8.30948 	-0.0166685
8.31188 	-0.0166083
8.31427 	-0.0165482
8.31667 	-0.0164884
8.31907 	-0.0164288
8.32147 	-0.0163694
8.32387 	-0.0163102
8.32626 	-0.0162513
8.32866 	-0.0161925
8.33106 	-0.016134
8.33346 	-0.0160757
8.33586 	-0.0160176
8.33825 	-0.0159597
8.34065 	-0.015902
8.34305 	-0.0158445
8.34545 	-0.0157872
8.34785 	-0.0157302
8.35024 	-0.0156733
8.35264 	-0.0156166
8.35504 	-0.0155602
8.35744 	-0.0155039
8.35984 	-0.0154479
8.36223 	-0.015392
8.36463 	-0.0153364
8.36703 	-0.015281
8.36943 	-0.0152257
8.37183 	-0.0151707
8.37422 	-0.0151158
8.37662 	-0.0150612
8.37902 	-0.0150068
8.38142 	-0.0149525
8.38382 	-0.0148985
8.38621 	-0.0148446
8.38861 	-0.0147909
8.39101 	-0.0147375
8.39341 	-0.0146842
8.39581 	-0.0146311
8.3982 	-0.0145782
8.4006 	-0.0145255
8.403 	-0.014473
8.4054 	-0.0144207
8.4078 	-0.0143686
8.41019 	-0.0143166
8.41259 	-0.0142649
8.41499 	-0.0142133
8.41739 	-0.0141619
8.41979 	-0.0141107
8.42218 	-0.0140597
8.42458 	-0.0140089
8.42698 	-0.0139583
8.42938 	-0.0139078
8.43178 	-0.0138575
8.43417 	-0.0138074
8.43657 	-0.0137575
8.43897 	-0.0137078
8.44137 	-0.0136582
8.44377 	-0.0136088
8.44616 	-0.0135597
8.44856 	-0.0135106
8.45096 	-0.0134618
8.45336 	-0.0134131
8.45576 	-0.0133646
8.45815 	-0.0133163
8.46055 	-0.0132682
8.46295 	-0.0132202
8.46535 	-0.0131724
8.46775 	-0.0131248
8.47014 	-0.0130774
8.47254 	-0.0130301
8.47494 	-0.012983
8.47734 	-0.0129361
8.47974 	-0.0128893
8.48213 	-0.0128427
8.48453 	-0.0127963
8.48693 	-0.01275
8.48933 	-0.0127039
8.49173 	-0.012658
8.49412 	-0.0126122
8.49652 	-0.0125666
8.49892 	-0.0125212
8.50132 	-0.0124759
8.50372 	-0.0124308
8.50611 	-0.0123859
8.50851 	-0.0123411
8.51091 	-0.0122965
8.51331 	-0.0122521
8.51571 	-0.0122078
8.5181 	-0.0121636
8.5205 	-0.0121197
8.5229 	-0.0120759
8.5253 	-0.0120322
8.5277 	-0.0119887
8.53009 	-0.0119454
8.53249 	-0.0119022
8.53489 	-0.0118591
8.53729 	-0.0118163
8.53969 	-0.0117736
8.54208 	-0.011731
8.54448 	-0.0116886
8.54688 	-0.0116463
8.54928 	-0.0116042
8.55168 	-0.0115623
8.55407 	-0.0115205
8.55647 	-0.0114788
8.55887 	-0.0114373
8.56127 	-0.011396
8.56367 	-0.0113548
8.56606 	-0.0113137
8.56846 	-0.0112728
8.57086 	-0.0112321
8.57326 	-0.0111915
8.57566 	-0.011151
8.57805 	-0.0111107
8.58045 	-0.0110705
8.58285 	-0.0110305
8.58525 	-0.0109906
8.58765 	-0.0109509
8.59004 	-0.0109113
8.59244 	-0.0108719
8.59484 	-0.0108326
8.59724 	-0.0107934
8.59964 	-0.0107544
8.60203 	-0.0107155
8.60443 	-0.0106768
8.60683 	-0.0106382
8.60923 	-0.0105997
8.61163 	-0.0105614
8.61402 	-0.0105232
8.61642 	-0.0104852
8.61882 	-0.0104473
8.62122 	-0.0104095
8.62362 	-0.0103719
8.62601 	-0.0103344
8.62841 	-0.010297
8.63081 	-0.0102598
8.63321 	-0.0102227
8.63561 	-0.0101857
8.638 	-0.0101489
8.6404 	-0.0101122
8.6428 	-0.0100757
8.6452 	-0.0100392
8.6476 	-0.0100029
8.64999 	-0.00996678
8.65239 	-0.00993075
8.65479 	-0.00989485
8.65719 	-0.00985908
8.65959 	-0.00982343
8.66198 	-0.00978792
8.66438 	-0.00975254
8.66678 	-0.00971728
8.66918 	-0.00968215
8.67158 	-0.00964714
8.67397 	-0.00961227
8.67637 	-0.00957752
8.67877 	-0.00954289
8.68117 	-0.00950839
8.68357 	-0.00947402
8.68596 	-0.00943977
8.68836 	-0.00940564
8.69076 	-0.00937164
8.69316 	-0.00933775
8.69556 	-0.009304
8.69795 	-0.00927036
8.70035 	-0.00923685
8.70275 	-0.00920345
8.70515 	-0.00917018
8.70755 	-0.00913703
8.70994 	-0.00910399
8.71234 	-0.00907108
8.71474 	-0.00903829
8.71714 	-0.00900561
8.71954 	-0.00897305
8.72193 	-0.00894061
8.72433 	-0.00890829
8.72673 	-0.00887608
8.72913 	-0.00884399
8.73153 	-0.00881202
8.73392 	-0.00878016
8.73632 	-0.00874842
8.73872 	-0.00871679
8.74112 	-0.00868528
8.74352 	-0.00865388
8.74591 	-0.00862259
8.74831 	-0.00859142
8.75071 	-0.00856036
8.75311 	-0.00852941
8.75551 	-0.00849857
8.7579 	-0.00846785
8.7603 	-0.00843724
8.7627 	-0.00840673
8.7651 	-0.00837634
8.7675 	-0.00834606
8.76989 	-0.00831588
8.77229 	-0.00828582
8.77469 	-0.00825586
8.77709 	-0.00822602
8.77949 	-0.00819628
8.78188 	-0.00816664
8.78428 	-0.00813712
8.78668 	-0.0081077
8.78908 	-0.00807839
8.79148 	-0.00804918
8.79387 	-0.00802008
8.79627 	-0.00799109
8.79867 	-0.0079622
8.80107 	-0.00793341
8.80347 	-0.00790473
8.80586 	-0.00787615
8.80826 	-0.00784768
8.81066 	-0.0078193
8.81306 	-0.00779103
8.81546 	-0.00776287
8.81785 	-0.0077348
8.82025 	-0.00770684
8.82265 	-0.00767898
8.82505 	-0.00765121
8.82745 	-0.00762355
8.82984 	-0.00759599
8.83224 	-0.00756853
8.83464 	-0.00754116
8.83704 	-0.0075139
8.83944 	-0.00748673
8.84183 	-0.00745967
8.84423 	-0.0074327
8.84663 	-0.00740583
8.84903 	-0.00737905
8.85143 	-0.00735237
8.85382 	-0.00732579
8.85622 	-0.00729931
8.85862 	-0.00727292
8.86102 	-0.00724662
8.86342 	-0.00722042
8.86581 	-0.00719432
8.86821 	-0.00716831
8.87061 	-0.00714239
8.87301 	-0.00711657
8.87541 	-0.00709084
8.8778 	-0.00706521
8.8802 	-0.00703966
8.8826 	-0.00701421
8.885 	-0.00698885
8.8874 	-0.00696358
8.88979 	-0.00693841
8.89219 	-0.00691332
8.89459 	-0.00688833
8.89699 	-0.00686342
8.89939 	-0.00683861
8.90178 	-0.00681389
8.90418 	-0.00678925
8.90658 	-0.00676471
8.90898 	-0.00674025
8.91138 	-0.00671588
8.91377 	-0.0066916
8.91617 	-0.00666741
8.91857 	-0.0066433
8.92097 	-0.00661928
8.92337 	-0.00659535
8.92576 	-0.00657151
8.92816 	-0.00654775
8.93056 	-0.00652407
8.93296 	-0.00650049
8.93536 	-0.00647699
8.93775 	-0.00645357
8.94015 	-0.00643024
8.94255 	-0.00640699
8.94495 	-0.00638382
8.94735 	-0.00636074
8.94974 	-0.00633775
8.95214 	-0.00631483
8.95454 	-0.006292
8.95694 	-0.00626925
8.95934 	-0.00624659
8.96173 	-0.006224
8.96413 	-0.0062015
8.96653 	-0.00617908
8.96893 	-0.00615674
8.97133 	-0.00613448
8.97372 	-0.0061123
8.97612 	-0.0060902
8.97852 	-0.00606819
8.98092 	-0.00604625
8.98332 	-0.00602439
8.98571 	-0.00600261
8.98811 	-0.0059809
8.99051 	-0.00595928
8.99291 	-0.00593773
8.99531 	-0.00591627
8.9977 	-0.00589488
9.0001 	-0.00587356
9.0025 	-0.00585233
9.0049 	-0.00583117
9.0073 	-0.00581009
9.00969 	-0.00578908
9.01209 	-0.00576815
9.01449 	-0.0057473
9.01689 	-0.00572652
9.01929 	-0.00570581
9.02168 	-0.00568518
9.02408 	-0.00566463
9.02648 	-0.00564415
9.02888 	-0.00562374
9.03128 	-0.00560341
9.03367 	-0.00558315
9.03607 	-0.00556297
9.03847 	-0.00554285
9.04087 	-0.00552281
9.04327 	-0.00550285
9.04566 	-0.00548295
9.04806 	-0.00546313
9.05046 	-0.00544337
9.05286 	-0.00542369
9.05526 	-0.00540409
9.05765 	-0.00538455
9.06005 	-0.00536508
9.06245 	-0.00534568
9.06485 	-0.00532635
9.06725 	-0.0053071
9.06964 	-0.00528791
9.07204 	-0.00526879
9.07444 	-0.00524974
9.07684 	-0.00523076
9.07924 	-0.00521185
9.08163 	-0.00519301
9.08403 	-0.00517423
9.08643 	-0.00515552
9.08883 	-0.00513688
9.09123 	-0.00511831
9.09362 	-0.00509981
9.09602 	-0.00508137
9.09842 	-0.005063
9.10082 	-0.00504469
9.10322 	-0.00502645
9.10561 	-0.00500828
9.10801 	-0.00499017
9.11041 	-0.00497213
9.11281 	-0.00495415
9.11521 	-0.00493624
9.1176 	-0.00491839
9.12 	-0.00490061
9.1224 	-0.00488289
9.1248 	-0.00486524
9.1272 	-0.00484765
9.12959 	-0.00483012
9.13199 	-0.00481266
9.13439 	-0.00479526
9.13679 	-0.00477792
9.13919 	-0.00476065
9.14158 	-0.00474343
9.14398 	-0.00472628
9.14638 	-0.0047092
9.14878 	-0.00469217
9.15118 	-0.0046752
9.15357 	-0.0046583
9.15597 	-0.00464146
9.15837 	-0.00462468
9.16077 	-0.00460796
9.16317 	-0.0045913
9.16556 	-0.0045747
9.16796 	-0.00455816
9.17036 	-0.00454168
9.17276 	-0.00452526
9.17516 	-0.0045089
9.17755 	-0.00449259
9.17995 	-0.00447635
9.18235 	-0.00446017
9.18475 	-0.00444404
9.18715 	-0.00442797
9.18954 	-0.00441196
9.19194 	-0.00439601
9.19434 	-0.00438012
9.19674 	-0.00436428
9.19914 	-0.0043485
9.20153 	-0.00433278
9.20393 	-0.00431711
9.20633 	-0.00430151
9.20873 	-0.00428595
9.21113 	-0.00427046
9.21352 	-0.00425502
9.21592 	-0.00423963
9.21832 	-0.0042243
9.22072 	-0.00420903
9.22312 	-0.00419381
9.22551 	-0.00417865
9.22791 	-0.00416354
9.23031 	-0.00414849
9.23271 	-0.00413349
9.23511 	-0.00411854
9.2375 	-0.00410365
9.2399 	-0.00408882
9.2423 	-0.00407403
9.2447 	-0.0040593
9.2471 	-0.00404463
9.24949 	-0.00403
9.25189 	-0.00401543
9.25429 	-0.00400091
9.25669 	-0.00398645
9.25909 	-0.00397204
9.26148 	-0.00395767
9.26388 	-0.00394336
9.26628 	-0.00392911
9.26868 	-0.0039149
9.27108 	-0.00390075
9.27347 	-0.00388664
9.27587 	-0.00387259
9.27827 	-0.00385859
9.28067 	-0.00384464
9.28307 	-0.00383074
9.28546 	-0.00381689
9.28786 	-0.00380309
9.29026 	-0.00378934
9.29266 	-0.00377564
9.29506 	-0.00376198
9.29745 	-0.00374838
9.29985 	-0.00373483
9.30225 	-0.00372133
9.30465 	-0.00370787
9.30705 	-0.00369447
9.30944 	-0.00368111
9.31184 	-0.0036678
9.31424 	-0.00365454
9.31664 	-0.00364132
9.31904 	-0.00362816
9.32143 	-0.00361504
9.32383 	-0.00360197
9.32623 	-0.00358895
9.32863 	-0.00357597
9.33103 	-0.00356304
9.33342 	-0.00355016
9.33582 	-0.00353732
9.33822 	-0.00352453
9.34062 	-0.00351179
9.34302 	-0.00349909
9.34541 	-0.00348644
9.34781 	-0.00347384
9.35021 	-0.00346128
9.35261 	-0.00344876
9.35501 	-0.00343629
9.3574 	-0.00342387
9.3598 	-0.00341149
9.3622 	-0.00339915
9.3646 	-0.00338686
9.367 	-0.00337462
9.36939 	-0.00336242
9.37179 	-0.00335026
9.37419 	-0.00333815
9.37659 	-0.00332608
9.37899 	-0.00331405
9.38138 	-0.00330207
9.38378 	-0.00329013
9.38618 	-0.00327824
9.38858 	-0.00326638
9.39098 	-0.00325457
9.39337 	-0.00324281
9.39577 	-0.00323108
9.39817 	-0.0032194
9.40057 	-0.00320776
9.40297 	-0.00319616
9.40536 	-0.0031846
9.40776 	-0.00317309
9.41016 	-0.00316162
9.41256 	-0.00315019
9.41496 	-0.0031388
9.41735 	-0.00312745
9.41975 	-0.00311614
9.42215 	-0.00310487
9.42455 	-0.00309365
9.42695 	-0.00308246
9.42934 	-0.00307132
9.43174 	-0.00306021
9.43414 	-0.00304915
9.43654 	-0.00303812
9.43894 	-0.00302714
9.44133 	-0.00301619
9.44373 	-0.00300529
9.44613 	-0.00299442
9.44853 	-0.00298359
9.45093 	-0.00297281
9.45332 	-0.00296206
9.45572 	-0.00295135
9.45812 	-0.00294068
9.46052 	-0.00293005
9.46292 	-0.00291945
9.46531 	-0.0029089
9.46771 	-0.00289838
9.47011 	-0.0028879
9.47251 	-0.00287746
9.47491 	-0.00286705
9.4773 	-0.00285669
9.4797 	-0.00284636
9.4821 	-0.00283607
9.4845 	-0.00282581
9.4869 	-0.0028156
9.48929 	-0.00280542
9.49169 	-0.00279527
9.49409 	-0.00278517
9.49649 	-0.0027751
9.49889 	-0.00276506
9.50128 	-0.00275506
9.50368 	-0.0027451
9.50608 	-0.00273518
9.50848 	-0.00272529
9.51088 	-0.00271543
9.51327 	-0.00270562
9.51567 	-0.00269583
9.51807 	-0.00268609
9.52047 	-0.00267637
9.52287 	-0.0026667
9.52526 	-0.00265706
9.52766 	-0.00264745
9.53006 	-0.00263788
9.53246 	-0.00262834
9.53486 	-0.00261884
9.53725 	-0.00260937
9.53965 	-0.00259993
9.54205 	-0.00259053
9.54445 	-0.00258117
9.54685 	-0.00257183
9.54924 	-0.00256253
9.55164 	-0.00255327
9.55404 	-0.00254404
9.55644 	-0.00253484
9.55884 	-0.00252567
9.56123 	-0.00251654
9.56363 	-0.00250744
9.56603 	-0.00249838
9.56843 	-0.00248934
9.57083 	-0.00248034
9.57322 	-0.00247138
9.57562 	-0.00246244
9.57802 	-0.00245354
9.58042 	-0.00244467
9.58282 	-0.00243583
9.58521 	-0.00242702
9.58761 	-0.00241824
9.59001 	-0.0024095
9.59241 	-0.00240079
9.59481 	-0.00239211
9.5972 	-0.00238346
9.5996 	-0.00237484
9.602 	-0.00236625
9.6044 	-0.0023577
9.6068 	-0.00234917
9.60919 	-0.00234068
9.61159 	-0.00233222
9.61399 	-0.00232378
9.61639 	-0.00231538
9.61879 	-0.00230701
9.62118 	-0.00229867
9.62358 	-0.00229036
9.62598 	-0.00228208
9.62838 	-0.00227383
9.63078 	-0.0022656
9.63317 	-0.00225741
9.63557 	-0.00224925
9.63797 	-0.00224112
9.64037 	-0.00223302
9.64277 	-0.00222494
9.64516 	-0.0022169
9.64756 	-0.00220888
9.64996 	-0.00220089
9.65236 	-0.00219294
9.65476 	-0.00218501
9.65715 	-0.00217711
9.65955 	-0.00216924
9.66195 	-0.00216139
9.66435 	-0.00215358
9.66675 	-0.00214579
9.66914 	-0.00213803
9.67154 	-0.0021303
9.67394 	-0.0021226
9.67634 	-0.00211492
9.67874 	-0.00210728
9.68113 	-0.00209966
9.68353 	-0.00209207
9.68593 	-0.0020845
9.68833 	-0.00207697
9.69073 	-0.00206946
9.69312 	-0.00206197
9.69552 	-0.00205452
9.69792 	-0.00204709
9.70032 	-0.00203969
9.70272 	-0.00203231
9.70511 	-0.00202497
9.70751 	-0.00201764
9.70991 	-0.00201035
9.71231 	-0.00200308
9.71471 	-0.00199584
9.7171 	-0.00198862
9.7195 	-0.00198143
9.7219 	-0.00197427
9.7243 	-0.00196713
9.7267 	-0.00196002
9.72909 	-0.00195293
9.73149 	-0.00194587
9.73389 	-0.00193883
9.73629 	-0.00193182
9.73869 	-0.00192484
9.74108 	-0.00191788
9.74348 	-0.00191094
9.74588 	-0.00190403
9.74828 	-0.00189715
9.75068 	-0.00189029
9.75307 	-0.00188345
9.75547 	-0.00187664
9.75787 	-0.00186986
9.76027 	-0.0018631
9.76267 	-0.00185636
9.76506 	-0.00184965
9.76746 	-0.00184296
9.76986 	-0.0018363
9.77226 	-0.00182966
9.77466 	-0.00182304
9.77705 	-0.00181645
9.77945 	-0.00180988
9.78185 	-0.00180334
9.78425 	-0.00179682
9.78665 	-0.00179032
9.78904 	-0.00178385
9.79144 	-0.0017774
9.79384 	-0.00177097
9.79624 	-0.00176457
9.79864 	-0.00175819
9.80103 	-0.00175183
9.80343 	-0.0017455
9.80583 	-0.00173919
9.80823 	-0.0017329
9.81063 	-0.00172663
9.81302 	-0.00172039
9.81542 	-0.00171417
9.81782 	-0.00170797
9.82022 	-0.0017018
9.82262 	-0.00169564
9.82501 	-0.00168951
9.82741 	-0.0016834
9.82981 	-0.00167732
9.83221 	-0.00167125
9.83461 	-0.00166521
9.837 	-0.00165919
9.8394 	-0.00165319
9.8418 	-0.00164721
9.8442 	-0.00164126
9.8466 	-0.00163532
9.84899 	-0.00162941
9.85139 	-0.00162352
9.85379 	-0.00161765
9.85619 	-0.0016118
9.85859 	-0.00160597
9.86098 	-0.00160016
9.86338 	-0.00159438
9.86578 	-0.00158861
9.86818 	-0.00158287
9.87058 	-0.00157715
9.87297 	-0.00157144
9.87537 	-0.00156576
9.87777 	-0.0015601
9.88017 	-0.00155446
9.88257 	-0.00154884
9.88496 	-0.00154324
9.88736 	-0.00153766
9.88976 	-0.0015321
9.89216 	-0.00152656
9.89456 	-0.00152104
9.89695 	-0.00151554
9.89935 	-0.00151006
9.90175 	-0.0015046
9.90415 	-0.00149916
9.90655 	-0.00149374
9.90894 	-0.00148834
9.91134 	-0.00148296
9.91374 	-0.0014776
9.91614 	-0.00147225
9.91854 	-0.00146693
9.92093 	-0.00146163
9.92333 	-0.00145634
9.92573 	-0.00145108
9.92813 	-0.00144583
9.93053 	-0.0014406
9.93292 	-0.00143539
9.93532 	-0.0014302
9.93772 	-0.00142503
9.94012 	-0.00141988
9.94252 	-0.00141475
9.94491 	-0.00140963
9.94731 	-0.00140453
9.94971 	-0.00139945
9.95211 	-0.00139439
9.95451 	-0.00138935
9.9569 	-0.00138433
9.9593 	-0.00137932
9.9617 	-0.00137434
9.9641 	-0.00136937
9.9665 	-0.00136442
9.96889 	-0.00135948
9.97129 	-0.00135457
9.97369 	-0.00134967
9.97609 	-0.00134479
9.97849 	-0.00133993
9.98088 	-0.00133508
9.98328 	-0.00133026
9.98568 	-0.00132545
9.98808 	-0.00132065
9.99048 	-0.00131588
9.99287 	-0.00131112
9.99527 	-0.00130638
9.99767 	-0.00130166
10.0001 	-0.00129695
10.0025 	-0.00129226
10.0049 	-0.00128759
10.0073 	-0.00128293
10.0097 	-0.00127829
10.0121 	-0.00127367
10.0145 	-0.00126907
10.0169 	-0.00126448
10.0193 	-0.00125991
10.0216 	-0.00125535
10.024 	-0.00125081
10.0264 	-0.00124629
10.0288 	-0.00124178
10.0312 	-0.00123729
10.0336 	-0.00123282
10.036 	-0.00122836
10.0384 	-0.00122392
10.0408 	-0.00121949
10.0432 	-0.00121508
10.0456 	-0.00121069
10.048 	-0.00120631
10.0504 	-0.00120195
10.0528 	-0.00119761
10.0552 	-0.00119328
10.0576 	-0.00118896
10.06 	-0.00118466
10.0624 	-0.00118038
10.0648 	-0.00117611
10.0672 	-0.00117186
10.0696 	-0.00116762
10.072 	-0.0011634
10.0744 	-0.00115919
10.0768 	-0.001155
10.0792 	-0.00115083
10.0816 	-0.00114666
10.084 	-0.00114252
10.0864 	-0.00113839
10.0888 	-0.00113427
10.0912 	-0.00113017
10.0936 	-0.00112608
10.096 	-0.00112201
10.0984 	-0.00111795
10.1008 	-0.00111391
10.1032 	-0.00110989
10.1056 	-0.00110587
10.108 	-0.00110187
10.1104 	-0.00109789
10.1128 	-0.00109392
10.1152 	-0.00108996
10.1176 	-0.00108602
10.12 	-0.0010821
10.1224 	-0.00107818
10.1248 	-0.00107429
10.1272 	-0.0010704
10.1296 	-0.00106653
10.132 	-0.00106267
10.1344 	-0.00105883
10.1368 	-0.001055
10.1392 	-0.00105119
10.1416 	-0.00104739
10.1439 	-0.0010436
10.1463 	-0.00103983
10.1487 	-0.00103607
10.1511 	-0.00103232
10.1535 	-0.00102859
10.1559 	-0.00102487
10.1583 	-0.00102116
10.1607 	-0.00101747
10.1631 	-0.00101379
10.1655 	-0.00101013
10.1679 	-0.00100648
10.1703 	-0.00100284
10.1727 	-0.00099921
10.1751 	-0.000995597
10.1775 	-0.000991998
10.1799 	-0.000988411
10.1823 	-0.000984837
10.1847 	-0.000981276
10.1871 	-0.000977728
10.1895 	-0.000974193
10.1919 	-0.00097067
10.1943 	-0.000967161
10.1967 	-0.000963664
10.1991 	-0.000960179
10.2015 	-0.000956708
10.2039 	-0.000953248
10.2063 	-0.000949802
10.2087 	-0.000946367
10.2111 	-0.000942946
10.2135 	-0.000939536
10.2159 	-0.000936139
10.2183 	-0.000932754
10.2207 	-0.000929382
10.2231 	-0.000926021
10.2255 	-0.000922673
10.2279 	-0.000919337
10.2303 	-0.000916013
10.2327 	-0.000912701
10.2351 	-0.0009094
10.2375 	-0.000906112
10.2399 	-0.000902836
10.2423 	-0.000899572
10.2447 	-0.000896319
10.2471 	-0.000893078
10.2495 	-0.000889849
10.2519 	-0.000886631
10.2543 	-0.000883426
10.2567 	-0.000880231
10.2591 	-0.000877049
10.2614 	-0.000873877
10.2638 	-0.000870718
10.2662 	-0.000867569
10.2686 	-0.000864433
10.271 	-0.000861307
10.2734 	-0.000858193
10.2758 	-0.00085509
10.2782 	-0.000851998
10.2806 	-0.000848917
10.283 	-0.000845848
10.2854 	-0.000842789
10.2878 	-0.000839742
10.2902 	-0.000836706
10.2926 	-0.00083368
10.295 	-0.000830666
10.2974 	-0.000827663
10.2998 	-0.00082467
10.3022 	-0.000821688
10.3046 	-0.000818717
10.307 	-0.000815757
10.3094 	-0.000812807
10.3118 	-0.000809868
10.3142 	-0.00080694
10.3166 	-0.000804022
10.319 	-0.000801115
10.3214 	-0.000798219
10.3238 	-0.000795332
10.3262 	-0.000792457
10.3286 	-0.000789591
10.331 	-0.000786736
10.3334 	-0.000783892
10.3358 	-0.000781057
10.3382 	-0.000778233
10.3406 	-0.000775419
10.343 	-0.000772616
10.3454 	-0.000769822
10.3478 	-0.000767039
10.3502 	-0.000764265
10.3526 	-0.000761502
10.355 	-0.000758748
10.3574 	-0.000756005
10.3598 	-0.000753271
10.3622 	-0.000750548
10.3646 	-0.000747834
10.367 	-0.00074513
10.3694 	-0.000742436
10.3718 	-0.000739751
10.3742 	-0.000737077
10.3766 	-0.000734411
10.379 	-0.000731756
10.3813 	-0.00072911
10.3837 	-0.000726474
10.3861 	-0.000723847
10.3885 	-0.00072123
10.3909 	-0.000718622
10.3933 	-0.000716024
10.3957 	-0.000713435
10.3981 	-0.000710855
10.4005 	-0.000708285
10.4029 	-0.000705724
10.4053 	-0.000703172
10.4077 	-0.00070063
10.4101 	-0.000698096
10.4125 	-0.000695572
10.4149 	-0.000693057
10.4173 	-0.000690551
10.4197 	-0.000688054
10.4221 	-0.000685566
10.4245 	-0.000683088
10.4269 	-0.000680618
10.4293 	-0.000678157
10.4317 	-0.000675705
10.4341 	-0.000673262
10.4365 	-0.000670827
10.4389 	-0.000668402
10.4413 	-0.000665985
10.4437 	-0.000663577
10.4461 	-0.000661177
10.4485 	-0.000658787
10.4509 	-0.000656405
10.4533 	-0.000654031
10.4557 	-0.000651667
10.4581 	-0.00064931
10.4605 	-0.000646963
10.4629 	-0.000644623
10.4653 	-0.000642292
10.4677 	-0.00063997
10.4701 	-0.000637656
10.4725 	-0.00063535
10.4749 	-0.000633053
10.4773 	-0.000630764
10.4797 	-0.000628484
10.4821 	-0.000626211
10.4845 	-0.000623947
10.4869 	-0.000621691
10.4893 	-0.000619443
10.4917 	-0.000617203
10.4941 	-0.000614971
10.4965 	-0.000612748
10.4989 	-0.000610532
10.5013 	-0.000608325
10.5036 	-0.000606125
10.506 	-0.000603934
10.5084 	-0.00060175
10.5108 	-0.000599574
10.5132 	-0.000597406
10.5156 	-0.000595246
10.518 	-0.000593094
10.5204 	-0.000590949
10.5228 	-0.000588813
10.5252 	-0.000586684
10.5276 	-0.000584562
10.53 	-0.000582449
10.5324 	-0.000580343
10.5348 	-0.000578244
10.5372 	-0.000576154
10.5396 	-0.00057407
10.542 	-0.000571995
10.5444 	-0.000569926
10.5468 	-0.000567866
10.5492 	-0.000565812
10.5516 	-0.000563767
10.554 	-0.000561728
10.5564 	-0.000559697
10.5588 	-0.000557673
10.5612 	-0.000555657
10.5636 	-0.000553648
10.566 	-0.000551646
10.5684 	-0.000549651
10.5708 	-0.000547664
10.5732 	-0.000545684
10.5756 	-0.000543711
10.578 	-0.000541745
10.5804 	-0.000539786
10.5828 	-0.000537834
10.5852 	-0.000535889
10.5876 	-0.000533952
10.59 	-0.000532021
10.5924 	-0.000530097
10.5948 	-0.000528181
10.5972 	-0.000526271
10.5996 	-0.000524368
10.602 	-0.000522472
10.6044 	-0.000520583
10.6068 	-0.000518701
10.6092 	-0.000516825
10.6116 	-0.000514956
10.614 	-0.000513094
10.6164 	-0.000511239
10.6188 	-0.000509391
10.6212 	-0.000507549
10.6235 	-0.000505714
10.6259 	-0.000503885
10.6283 	-0.000502063
10.6307 	-0.000500248
10.6331 	-0.000498439
10.6355 	-0.000496637
10.6379 	-0.000494841
10.6403 	-0.000493052
10.6427 	-0.000491269
10.6451 	-0.000489493
10.6475 	-0.000487723
10.6499 	-0.000485959
10.6523 	-0.000484202
10.6547 	-0.000482451
10.6571 	-0.000480707
10.6595 	-0.000478969
10.6619 	-0.000477237
10.6643 	-0.000475511
10.6667 	-0.000473792
10.6691 	-0.000472079
10.6715 	-0.000470372
10.6739 	-0.000468671
10.6763 	-0.000466977
10.6787 	-0.000465288
10.6811 	-0.000463606
10.6835 	-0.000461929
10.6859 	-0.000460259
10.6883 	-0.000458595
10.6907 	-0.000456937
10.6931 	-0.000455285
10.6955 	-0.000453638
10.6979 	-0.000451998
10.7003 	-0.000450364
10.7027 	-0.000448736
10.7051 	-0.000447113
10.7075 	-0.000445496
10.7099 	-0.000443885
10.7123 	-0.000442281
10.7147 	-0.000440681
10.7171 	-0.000439088
10.7195 	-0.0004375
10.7219 	-0.000435918
10.7243 	-0.000434342
10.7267 	-0.000432772
10.7291 	-0.000431207
10.7315 	-0.000429648
10.7339 	-0.000428094
10.7363 	-0.000426546
10.7387 	-0.000425004
10.741 	-0.000423467
10.7434 	-0.000421936
10.7458 	-0.000420411
10.7482 	-0.00041889
10.7506 	-0.000417376
10.753 	-0.000415867
10.7554 	-0.000414363
10.7578 	-0.000412865
10.7602 	-0.000411372
10.7626 	-0.000409884
10.765 	-0.000408402
10.7674 	-0.000406926
10.7698 	-0.000405454
10.7722 	-0.000403988
10.7746 	-0.000402528
10.777 	-0.000401072
10.7794 	-0.000399622
10.7818 	-0.000398177
10.7842 	-0.000396737
10.7866 	-0.000395303
10.789 	-0.000393873
10.7914 	-0.000392449
10.7938 	-0.00039103
10.7962 	-0.000389616
10.7986 	-0.000388208
10.801 	-0.000386804
10.8034 	-0.000385405
10.8058 	-0.000384012
10.8082 	-0.000382623
10.8106 	-0.00038124
10.813 	-0.000379861
10.8154 	-0.000378488
10.8178 	-0.000377119
10.8202 	-0.000375756
10.8226 	-0.000374397
10.825 	-0.000373043
10.8274 	-0.000371695
10.8298 	-0.000370351
10.8322 	-0.000369011
10.8346 	-0.000367677
10.837 	-0.000366348
10.8394 	-0.000365023
10.8418 	-0.000363703
10.8442 	-0.000362388
10.8466 	-0.000361078
10.849 	-0.000359772
10.8514 	-0.000358471
10.8538 	-0.000357175
10.8562 	-0.000355884
10.8586 	-0.000354597
10.8609 	-0.000353315
10.8633 	-0.000352037
10.8657 	-0.000350764
10.8681 	-0.000349496
10.8705 	-0.000348232
10.8729 	-0.000346973
10.8753 	-0.000345719
10.8777 	-0.000344469
10.8801 	-0.000343223
10.8825 	-0.000341982
10.8849 	-0.000340746
10.8873 	-0.000339514
10.8897 	-0.000338286
10.8921 	-0.000337063
10.8945 	-0.000335844
10.8969 	-0.00033463
10.8993 	-0.00033342
10.9017 	-0.000332214
10.9041 	-0.000331013
10.9065 	-0.000329816
10.9089 	-0.000328624
10.9113 	-0.000327435
10.9137 	-0.000326251
10.9161 	-0.000325072
10.9185 	-0.000323896
10.9209 	-0.000322725
10.9233 	-0.000321558
10.9257 	-0.000320396
10.9281 	-0.000319237
10.9305 	-0.000318083
10.9329 	-0.000316933
10.9353 	-0.000315787
10.9377 	-0.000314645
10.9401 	-0.000313507
10.9425 	-0.000312374
10.9449 	-0.000311244
10.9473 	-0.000310119
10.9497 	-0.000308998
10.9521 	-0.00030788
10.9545 	-0.000306767
10.9569 	-0.000305658
10.9593 	-0.000304553
10.9617 	-0.000303451
10.9641 	-0.000302354
10.9665 	-0.000301261
10.9689 	-0.000300172
10.9713 	-0.000299086
10.9737 	-0.000298005
10.9761 	-0.000296927
10.9785 	-0.000295854
10.9809 	-0.000294784
10.9832 	-0.000293718
10.9856 	-0.000292656
10.988 	-0.000291598
10.9904 	-0.000290544
10.9928 	-0.000289493
10.9952 	-0.000288446
10.9976 	-0.000287403
11 	-0.000286364
11.0024 	-0.000285329
11.0048 	-0.000284297
11.0072 	-0.000283269
11.0096 	-0.000282245
11.012 	-0.000281224
11.0144 	-0.000280207
11.0168 	-0.000279194
11.0192 	-0.000278185
11.0216 	-0.000277179
11.024 	-0.000276177
11.0264 	-0.000275178
11.0288 	-0.000274183
11.0312 	-0.000273192
11.0336 	-0.000272204
11.036 	-0.00027122
11.0384 	-0.000270239
11.0408 	-0.000269262
11.0432 	-0.000268288
11.0456 	-0.000267318
11.048 	-0.000266352
11.0504 	-0.000265389
11.0528 	-0.000264429
11.0552 	-0.000263473
11.0576 	-0.00026252
11.06 	-0.000261571
11.0624 	-0.000260625
11.0648 	-0.000259683
11.0672 	-0.000258744
11.0696 	-0.000257808
11.072 	-0.000256876
11.0744 	-0.000255947
11.0768 	-0.000255022
11.0792 	-0.0002541
11.0816 	-0.000253181
11.084 	-0.000252266
11.0864 	-0.000251353
11.0888 	-0.000250445
11.0912 	-0.000249539
11.0936 	-0.000248637
11.096 	-0.000247738
11.0984 	-0.000246842
11.1007 	-0.000245949
11.1031 	-0.00024506
11.1055 	-0.000244174
11.1079 	-0.000243291
11.1103 	-0.000242411
11.1127 	-0.000241535
11.1151 	-0.000240662
11.1175 	-0.000239791
11.1199 	-0.000238924
11.1223 	-0.00023806
11.1247 	-0.0002372
11.1271 	-0.000236342
11.1295 	-0.000235487
11.1319 	-0.000234636
11.1343 	-0.000233788
11.1367 	-0.000232942
11.1391 	-0.0002321
11.1415 	-0.000231261
11.1439 	-0.000230425
11.1463 	-0.000229591
11.1487 	-0.000228761
11.1511 	-0.000227934
11.1535 	-0.00022711
11.1559 	-0.000226289
11.1583 	-0.000225471
11.1607 	-0.000224655
11.1631 	-0.000223843
11.1655 	-0.000223034
11.1679 	-0.000222227
11.1703 	-0.000221424
11.1727 	-0.000220623
11.1751 	-0.000219825
11.1775 	-0.00021903
11.1799 	-0.000218239
11.1823 	-0.000217449
11.1847 	-0.000216663
11.1871 	-0.00021588
11.1895 	-0.000215099
11.1919 	-0.000214321
11.1943 	-0.000213546
11.1967 	-0.000212774
11.1991 	-0.000212005
11.2015 	-0.000211238
11.2039 	-0.000210475
11.2063 	-0.000209714
11.2087 	-0.000208955
11.2111 	-0.0002082
11.2135 	-0.000207447
11.2159 	-0.000206697
11.2183 	-0.00020595
11.2206 	-0.000205205
11.223 	-0.000204463
11.2254 	-0.000203724
11.2278 	-0.000202987
11.2302 	-0.000202253
11.2326 	-0.000201522
11.235 	-0.000200793
11.2374 	-0.000200067
11.2398 	-0.000199344
11.2422 	-0.000198623
11.2446 	-0.000197905
11.247 	-0.000197189
11.2494 	-0.000196476
11.2518 	-0.000195766
11.2542 	-0.000195058
11.2566 	-0.000194352
11.259 	-0.00019365
11.2614 	-0.00019295
11.2638 	-0.000192252
11.2662 	-0.000191557
11.2686 	-0.000190864
11.271 	-0.000190174
11.2734 	-0.000189486
11.2758 	-0.000188801
11.2782 	-0.000188119
11.2806 	-0.000187438
11.283 	-0.000186761
11.2854 	-0.000186085
11.2878 	-0.000185412
11.2902 	-0.000184742
11.2926 	-0.000184074
11.295 	-0.000183409
11.2974 	-0.000182745
11.2998 	-0.000182085
11.3022 	-0.000181426
11.3046 	-0.00018077
11.307 	-0.000180117
11.3094 	-0.000179465
11.3118 	-0.000178816
11.3142 	-0.00017817
11.3166 	-0.000177526
11.319 	-0.000176884
11.3214 	-0.000176244
11.3238 	-0.000175607
11.3262 	-0.000174972
11.3286 	-0.000174339
11.331 	-0.000173709
11.3334 	-0.000173081
11.3358 	-0.000172455
11.3382 	-0.000171831
11.3406 	-0.00017121
11.3429 	-0.000170591
11.3453 	-0.000169974
11.3477 	-0.00016936
11.3501 	-0.000168747
11.3525 	-0.000168137
11.3549 	-0.000167529
11.3573 	-0.000166923
11.3597 	-0.00016632
11.3621 	-0.000165718
11.3645 	-0.000165119
11.3669 	-0.000164522
11.3693 	-0.000163927
11.3717 	-0.000163335
11.3741 	-0.000162744
11.3765 	-0.000162156
11.3789 	-0.000161569
11.3813 	-0.000160985
11.3837 	-0.000160403
11.3861 	-0.000159823
11.3885 	-0.000159245
11.3909 	-0.000158669
11.3933 	-0.000158096
11.3957 	-0.000157524
11.3981 	-0.000156954
11.4005 	-0.000156387
11.4029 	-0.000155821
11.4053 	-0.000155258
11.4077 	-0.000154697
11.4101 	-0.000154137
11.4125 	-0.00015358
11.4149 	-0.000153025
11.4173 	-0.000152471
11.4197 	-0.00015192
11.4221 	-0.000151371
11.4245 	-0.000150823
11.4269 	-0.000150278
11.4293 	-0.000149735
11.4317 	-0.000149193
11.4341 	-0.000148654
11.4365 	-0.000148116
11.4389 	-0.000147581
11.4413 	-0.000147047
11.4437 	-0.000146515
11.4461 	-0.000145986
11.4485 	-0.000145458
11.4509 	-0.000144932
11.4533 	-0.000144408
11.4557 	-0.000143886
11.4581 	-0.000143365
11.4604 	-0.000142847
11.4628 	-0.00014233
11.4652 	-0.000141816
11.4676 	-0.000141303
11.47 	-0.000140792
11.4724 	-0.000140283
11.4748 	-0.000139776
11.4772 	-0.00013927
11.4796 	-0.000138767
11.482 	-0.000138265
11.4844 	-0.000137765
11.4868 	-0.000137267
11.4892 	-0.000136771
11.4916 	-0.000136276
11.494 	-0.000135783
11.4964 	-0.000135292
11.4988 	-0.000134803
11.5012 	-0.000134316
11.5036 	-0.00013383
11.506 	-0.000133346
11.5084 	-0.000132864
11.5108 	-0.000132384
11.5132 	-0.000131905
11.5156 	-0.000131428
11.518 	-0.000130953
11.5204 	-0.000130479
11.5228 	-0.000130008
11.5252 	-0.000129538
11.5276 	-0.000129069
11.53 	-0.000128602
11.5324 	-0.000128137
11.5348 	-0.000127674
11.5372 	-0.000127212
11.5396 	-0.000126753
11.542 	-0.000126294
11.5444 	-0.000125838
11.5468 	-0.000125383
11.5492 	-0.000124929
11.5516 	-0.000124477
11.554 	-0.000124027
11.5564 	-0.000123579
11.5588 	-0.000123132
11.5612 	-0.000122687
11.5636 	-0.000122243
11.566 	-0.000121801
11.5684 	-0.000121361
11.5708 	-0.000120922
11.5732 	-0.000120485
11.5756 	-0.000120049
11.578 	-0.000119615
11.5803 	-0.000119183
11.5827 	-0.000118752
11.5851 	-0.000118322
11.5875 	-0.000117894
11.5899 	-0.000117468
11.5923 	-0.000117043
11.5947 	-0.00011662
11.5971 	-0.000116199
11.5995 	-0.000115778
11.6019 	-0.00011536
11.6043 	-0.000114943
11.6067 	-0.000114527
11.6091 	-0.000114113
11.6115 	-0.0001137
11.6139 	-0.000113289
11.6163 	-0.00011288
11.6187 	-0.000112471
11.6211 	-0.000112065
11.6235 	-0.00011166
11.6259 	-0.000111256
11.6283 	-0.000110854
11.6307 	-0.000110453
11.6331 	-0.000110053
11.6355 	-0.000109655
11.6379 	-0.000109259
11.6403 	-0.000108864
11.6427 	-0.00010847
11.6451 	-0.000108078
11.6475 	-0.000107687
11.6499 	-0.000107298
11.6523 	-0.00010691
11.6547 	-0.000106523
11.6571 	-0.000106138
11.6595 	-0.000105754
11.6619 	-0.000105372
11.6643 	-0.000104991
11.6667 	-0.000104611
11.6691 	-0.000104233
11.6715 	-0.000103856
11.6739 	-0.000103481
11.6763 	-0.000103107
11.6787 	-0.000102734
11.6811 	-0.000102362
11.6835 	-0.000101992
11.6859 	-0.000101623
11.6883 	-0.000101256
11.6907 	-0.00010089
11.6931 	-0.000100525
11.6955 	-0.000100161
11.6979 	-9.97993e-05
11.7003 	-9.94385e-05
11.7026 	-9.90789e-05
11.705 	-9.87207e-05
11.7074 	-9.83637e-05
11.7098 	-9.80081e-05
11.7122 	-9.76537e-05
11.7146 	-9.73006e-05
11.717 	-9.69488e-05
11.7194 	-9.65982e-05
11.7218 	-9.62489e-05
11.7242 	-9.59009e-05
11.7266 	-9.55542e-05
11.729 	-9.52087e-05
11.7314 	-9.48644e-05
11.7338 	-9.45214e-05
11.7362 	-9.41796e-05
11.7386 	-9.38391e-05
11.741 	-9.34998e-05
11.7434 	-9.31617e-05
11.7458 	-9.28249e-05
11.7482 	-9.24892e-05
11.7506 	-9.21548e-05
11.753 	-9.18216e-05
11.7554 	-9.14896e-05
11.7578 	-9.11588e-05
11.7602 	-9.08292e-05
11.7626 	-9.05007e-05
11.765 	-9.01735e-05
11.7674 	-8.98475e-05
11.7698 	-8.95226e-05
11.7722 	-8.91989e-05
11.7746 	-8.88764e-05
11.777 	-8.8555e-05
11.7794 	-8.82348e-05
11.7818 	-8.79158e-05
11.7842 	-8.75979e-05
11.7866 	-8.72811e-05
11.789 	-8.69656e-05
11.7914 	-8.66511e-05
11.7938 	-8.63378e-05
11.7962 	-8.60256e-05
11.7986 	-8.57146e-05
11.801 	-8.54046e-05
11.8034 	-8.50958e-05
11.8058 	-8.47881e-05
11.8082 	-8.44816e-05
11.8106 	-8.41761e-05
11.813 	-8.38717e-05
11.8154 	-8.35685e-05
11.8178 	-8.32663e-05
11.8201 	-8.29652e-05
11.8225 	-8.26652e-05
11.8249 	-8.23663e-05
11.8273 	-8.20685e-05
11.8297 	-8.17718e-05
11.8321 	-8.14761e-05
11.8345 	-8.11815e-05
11.8369 	-8.0888e-05
11.8393 	-8.05955e-05
11.8417 	-8.03041e-05
11.8441 	-8.00137e-05
11.8465 	-7.97244e-05
11.8489 	-7.94361e-05
11.8513 	-7.91489e-05
11.8537 	-7.88627e-05
11.8561 	-7.85776e-05
11.8585 	-7.82934e-05
11.8609 	-7.80104e-05
11.8633 	-7.77283e-05
11.8657 	-7.74472e-05
11.8681 	-7.71672e-05
11.8705 	-7.68882e-05
11.8729 	-7.66102e-05
11.8753 	-7.63332e-05
11.8777 	-7.60572e-05
11.8801 	-7.57821e-05
11.8825 	-7.55081e-05
11.8849 	-7.52351e-05
11.8873 	-7.49631e-05
11.8897 	-7.4692e-05
11.8921 	-7.4422e-05
11.8945 	-7.41529e-05
11.8969 	-7.38847e-05
11.8993 	-7.36176e-05
11.9017 	-7.33514e-05
11.9041 	-7.30862e-05
11.9065 	-7.28219e-05
11.9089 	-7.25586e-05
11.9113 	-7.22962e-05
11.9137 	-7.20348e-05
11.9161 	-7.17744e-05
11.9185 	-7.15149e-05
11.9209 	-7.12563e-05
11.9233 	-7.09986e-05
11.9257 	-7.07419e-05
11.9281 	-7.04861e-05
11.9305 	-7.02313e-05
11.9329 	-6.99773e-05
11.9353 	-6.97243e-05
11.9377 	-6.94722e-05
11.94 	-6.9221e-05
11.9424 	-6.89707e-05
11.9448 	-6.87213e-05
11.9472 	-6.84728e-05
11.9496 	-6.82252e-05
11.952 	-6.79785e-05
11.9544 	-6.77328e-05
11.9568 	-6.74878e-05
11.9592 	-6.72438e-05
11.9616 	-6.70007e-05
11.964 	-6.67584e-05
11.9664 	-6.6517e-05
11.9688 	-6.62765e-05
11.9712 	-6.60369e-05
11.9736 	-6.57981e-05
11.976 	-6.55602e-05
11.9784 	-6.53231e-05
11.9808 	-6.50869e-05
11.9832 	-6.48516e-05
11.9856 	-6.46171e-05
11.988 	-6.43835e-05
11.9904 	-6.41507e-05
11.9928 	-6.39187e-05
11.9952 	-6.36876e-05
11.9976 	-6.34573e-05
