# Mass = 0.0473265 Mev*(hbarc)^2/2 
# R = 4.82059 fm 
# a = 0.662 fm 
# V0 = 56.2183 MeV 
# RSO = 4.438 fm 
# aSO = 0.662 fm 
# VSO = 28.772 MeV fm^2
# l = 2 
# two_j = 3 
# two_t = 1 
# Energy = -14.6081 MeV
# r 	 V_eff [2m/hbar/hbar]
0.01 	1.26775e+06
0.012398 	824753
0.014796 	579067
0.017194 	428798
0.019592 	330245
0.02199 	262137
0.024388 	213113
0.026786 	176656
0.029184 	148811
0.031582 	127064
0.03398 	109757
0.036378 	95758.2
0.038776 	84275.4
0.041174 	74739.8
0.043572 	66734.8
0.04597 	59949.6
0.048368 	54148.3
0.050766 	49149.5
0.053164 	44811.8
0.055562 	41023.4
0.05796 	37695.5
0.060358 	34756.3
0.062756 	32147.6
0.065154 	29821.5
0.067552 	27738.8
0.06995 	25866.5
0.072348 	24177.4
0.074746 	22648.1
0.077144 	21259.3
0.079542 	19994.1
0.08194 	18838.4
0.084338 	17779.9
0.086736 	16807.9
0.089134 	15913.4
0.091532 	15088.2
0.09393 	14325.4
0.096328 	13618.8
0.098726 	12963.2
0.101124 	12353.6
0.103522 	11785.8
0.10592 	11256.2
0.108318 	10761.4
0.110716 	10298.4
0.113114 	9864.5
0.115512 	9457.35
0.11791 	9074.79
0.120308 	8714.88
0.122706 	8375.86
0.125104 	8056.15
0.127502 	7754.31
0.1299 	7469.03
0.132298 	7199.12
0.134696 	6943.5
0.137094 	6701.17
0.139492 	6471.23
0.14189 	6252.85
0.144288 	6045.27
0.146686 	5847.79
0.149084 	5659.76
0.151482 	5480.58
0.15388 	5309.72
0.156278 	5146.67
0.158676 	4990.94
0.161074 	4842.13
0.163472 	4699.81
0.16587 	4563.62
0.168268 	4433.21
0.170666 	4308.26
0.173064 	4188.47
0.175462 	4073.56
0.17786 	3963.26
0.180258 	3857.33
0.182656 	3755.55
0.185054 	3657.7
0.187452 	3563.58
0.18985 	3473.01
0.192248 	3385.8
0.194646 	3301.8
0.197044 	3220.84
0.199442 	3142.79
0.20184 	3067.5
0.204238 	2994.85
0.206636 	2924.71
0.209034 	2856.98
0.211432 	2791.53
0.21383 	2728.27
0.216228 	2667.11
0.218626 	2607.95
0.221024 	2550.7
0.223422 	2495.29
0.22582 	2441.63
0.228218 	2389.66
0.230616 	2339.3
0.233014 	2290.48
0.235412 	2243.15
0.23781 	2197.24
0.240208 	2152.7
0.242606 	2109.48
0.245004 	2067.52
0.247402 	2026.77
0.2498 	1987.19
0.252198 	1948.74
0.254596 	1911.36
0.256994 	1875.03
0.259392 	1839.7
0.26179 	1805.34
0.264188 	1771.9
0.266586 	1739.37
0.268984 	1707.7
0.271382 	1676.87
0.27378 	1646.84
0.276178 	1617.6
0.278576 	1589.1
0.280974 	1561.33
0.283372 	1534.27
0.28577 	1507.88
0.288168 	1482.15
0.290566 	1457.05
0.292964 	1432.57
0.295362 	1408.68
0.29776 	1385.36
0.300158 	1362.6
0.302556 	1340.39
0.304954 	1318.69
0.307352 	1297.5
0.30975 	1276.8
0.312148 	1256.57
0.314546 	1236.8
0.316944 	1217.49
0.319342 	1198.6
0.32174 	1180.14
0.324138 	1162.08
0.326536 	1144.42
0.328934 	1127.15
0.331332 	1110.25
0.33373 	1093.71
0.336128 	1077.52
0.338526 	1061.68
0.340924 	1046.17
0.343322 	1030.99
0.34572 	1016.12
0.348118 	1001.55
0.350516 	987.285
0.352914 	973.308
0.355312 	959.614
0.35771 	946.194
0.360108 	933.041
0.362506 	920.148
0.364904 	907.508
0.367302 	895.116
0.3697 	882.963
0.372098 	871.045
0.374496 	859.355
0.376894 	847.888
0.379292 	836.637
0.38169 	825.598
0.384088 	814.764
0.386486 	804.132
0.388884 	793.696
0.391282 	783.451
0.39368 	773.393
0.396078 	763.517
0.398476 	753.819
0.400874 	744.294
0.403272 	734.938
0.40567 	725.748
0.408068 	716.72
0.410466 	707.849
0.412864 	699.133
0.415262 	690.567
0.41766 	682.148
0.420058 	673.873
0.422456 	665.738
0.424854 	657.741
0.427252 	649.878
0.42965 	642.146
0.432048 	634.543
0.434446 	627.065
0.436844 	619.711
0.439242 	612.476
0.44164 	605.358
0.444038 	598.356
0.446436 	591.466
0.448834 	584.687
0.451232 	578.015
0.45363 	571.449
0.456028 	564.986
0.458426 	558.624
0.460824 	552.361
0.463222 	546.195
0.46562 	540.125
0.468018 	534.147
0.470416 	528.261
0.472814 	522.463
0.475212 	516.754
0.47761 	511.13
0.480008 	505.59
0.482406 	500.133
0.484804 	494.756
0.487202 	489.459
0.4896 	484.239
0.491998 	479.096
0.494396 	474.027
0.496794 	469.031
0.499192 	464.107
0.50159 	459.254
0.503988 	454.47
0.506386 	449.753
0.508784 	445.103
0.511182 	440.519
0.51358 	435.998
0.515978 	431.54
0.518376 	427.144
0.520774 	422.809
0.523172 	418.533
0.52557 	414.315
0.527968 	410.155
0.530366 	406.051
0.532764 	402.003
0.535162 	398.008
0.53756 	394.067
0.539958 	390.179
0.542356 	386.342
0.544754 	382.555
0.547152 	378.818
0.54955 	375.13
0.551948 	371.49
0.554346 	367.897
0.556744 	364.351
0.559142 	360.85
0.56154 	357.393
0.563938 	353.981
0.566336 	350.612
0.568734 	347.285
0.571132 	344.001
0.57353 	340.757
0.575928 	337.554
0.578326 	334.39
0.580724 	331.266
0.583122 	328.18
0.58552 	325.132
0.587918 	322.121
0.590316 	319.147
0.592714 	316.209
0.595112 	313.307
0.59751 	310.439
0.599908 	307.605
0.602306 	304.806
0.604704 	302.039
0.607102 	299.305
0.6095 	296.604
0.611898 	293.934
0.614296 	291.295
0.616694 	288.687
0.619092 	286.11
0.62149 	283.562
0.623888 	281.043
0.626286 	278.554
0.628684 	276.092
0.631082 	273.659
0.63348 	271.253
0.635878 	268.875
0.638276 	266.523
0.640674 	264.198
0.643072 	261.899
0.64547 	259.625
0.647868 	257.376
0.650266 	255.152
0.652664 	252.953
0.655062 	250.778
0.65746 	248.626
0.659858 	246.498
0.662256 	244.393
0.664654 	242.311
0.667052 	240.251
0.66945 	238.214
0.671848 	236.198
0.674246 	234.203
0.676644 	232.23
0.679042 	230.278
0.68144 	228.346
0.683838 	226.434
0.686236 	224.543
0.688634 	222.671
0.691032 	220.819
0.69343 	218.986
0.695828 	217.171
0.698226 	215.376
0.700624 	213.599
0.703022 	211.84
0.70542 	210.099
0.707818 	208.375
0.710216 	206.669
0.712614 	204.98
0.715012 	203.309
0.71741 	201.653
0.719808 	200.015
0.722206 	198.393
0.724604 	196.786
0.727002 	195.196
0.7294 	193.621
0.731798 	192.062
0.734196 	190.518
0.736594 	188.989
0.738992 	187.475
0.74139 	185.976
0.743788 	184.491
0.746186 	183.021
0.748584 	181.564
0.750982 	180.122
0.75338 	178.693
0.755778 	177.278
0.758176 	175.876
0.760574 	174.487
0.762972 	173.112
0.76537 	171.749
0.767768 	170.399
0.770166 	169.062
0.772564 	167.737
0.774962 	166.425
0.77736 	165.125
0.779758 	163.836
0.782156 	162.56
0.784554 	161.295
0.786952 	160.041
0.78935 	158.799
0.791748 	157.569
0.794146 	156.349
0.796544 	155.141
0.798942 	153.943
0.80134 	152.756
0.803738 	151.58
0.806136 	150.414
0.808534 	149.259
0.810932 	148.114
0.81333 	146.979
0.815728 	145.853
0.818126 	144.738
0.820524 	143.633
0.822922 	142.537
0.82532 	141.451
0.827718 	140.374
0.830116 	139.307
0.832514 	138.248
0.834912 	137.199
0.83731 	136.159
0.839708 	135.128
0.842106 	134.105
0.844504 	133.092
0.846902 	132.086
0.8493 	131.09
0.851698 	130.101
0.854096 	129.122
0.856494 	128.15
0.858892 	127.186
0.86129 	126.231
0.863688 	125.283
0.866086 	124.344
0.868484 	123.412
0.870882 	122.487
0.87328 	121.571
0.875678 	120.662
0.878076 	119.76
0.880474 	118.866
0.882872 	117.979
0.88527 	117.099
0.887668 	116.226
0.890066 	115.36
0.892464 	114.502
0.894862 	113.65
0.89726 	112.805
0.899658 	111.967
0.902056 	111.135
0.904454 	110.31
0.906852 	109.492
0.90925 	108.68
0.911648 	107.875
0.914046 	107.075
0.916444 	106.283
0.918842 	105.496
0.92124 	104.715
0.923638 	103.941
0.926036 	103.172
0.928434 	102.41
0.930832 	101.653
0.93323 	100.903
0.935628 	100.157
0.938026 	99.4182
0.940424 	98.6845
0.942822 	97.9565
0.94522 	97.2339
0.947618 	96.5169
0.950016 	95.8053
0.952414 	95.099
0.954812 	94.3981
0.95721 	93.7025
0.959608 	93.012
0.962006 	92.3267
0.964404 	91.6466
0.966802 	90.9715
0.9692 	90.3013
0.971598 	89.6362
0.973996 	88.976
0.976394 	88.3206
0.978792 	87.6701
0.98119 	87.0243
0.983588 	86.3832
0.985986 	85.7468
0.988384 	85.1151
0.990782 	84.4879
0.99318 	83.8653
0.995578 	83.2472
0.997976 	82.6335
1.00037 	82.0242
1.00277 	81.4194
1.00517 	80.8188
1.00757 	80.2225
1.00997 	79.6305
1.01236 	79.0427
1.01476 	78.459
1.01716 	77.8795
1.01956 	77.3041
1.02196 	76.7327
1.02435 	76.1653
1.02675 	75.602
1.02915 	75.0425
1.03155 	74.487
1.03395 	73.9353
1.03634 	73.3874
1.03874 	72.8434
1.04114 	72.3031
1.04354 	71.7665
1.04594 	71.2336
1.04833 	70.7044
1.05073 	70.1788
1.05313 	69.6568
1.05553 	69.1383
1.05793 	68.6234
1.06032 	68.112
1.06272 	67.604
1.06512 	67.0995
1.06752 	66.5984
1.06992 	66.1006
1.07231 	65.6062
1.07471 	65.1151
1.07711 	64.6273
1.07951 	64.1427
1.08191 	63.6614
1.0843 	63.1832
1.0867 	62.7083
1.0891 	62.2364
1.0915 	61.7677
1.0939 	61.3021
1.09629 	60.8395
1.09869 	60.3799
1.10109 	59.9234
1.10349 	59.4698
1.10589 	59.0192
1.10828 	58.5715
1.11068 	58.1267
1.11308 	57.6848
1.11548 	57.2458
1.11788 	56.8095
1.12027 	56.3761
1.12267 	55.9455
1.12507 	55.5176
1.12747 	55.0924
1.12987 	54.67
1.13226 	54.2503
1.13466 	53.8332
1.13706 	53.4187
1.13946 	53.0069
1.14186 	52.5977
1.14425 	52.191
1.14665 	51.7869
1.14905 	51.3854
1.15145 	50.9863
1.15385 	50.5898
1.15624 	50.1957
1.15864 	49.804
1.16104 	49.4148
1.16344 	49.0281
1.16584 	48.6436
1.16823 	48.2616
1.17063 	47.8819
1.17303 	47.5046
1.17543 	47.1296
1.17783 	46.7568
1.18022 	46.3864
1.18262 	46.0182
1.18502 	45.6522
1.18742 	45.2885
1.18982 	44.9269
1.19221 	44.5676
1.19461 	44.2104
1.19701 	43.8554
1.19941 	43.5025
1.20181 	43.1517
1.2042 	42.803
1.2066 	42.4564
1.209 	42.1119
1.2114 	41.7694
1.2138 	41.429
1.21619 	41.0906
1.21859 	40.7541
1.22099 	40.4197
1.22339 	40.0873
1.22579 	39.7568
1.22818 	39.4282
1.23058 	39.1016
1.23298 	38.7768
1.23538 	38.454
1.23778 	38.1331
1.24017 	37.814
1.24257 	37.4968
1.24497 	37.1814
1.24737 	36.8678
1.24977 	36.5561
1.25216 	36.2461
1.25456 	35.938
1.25696 	35.6316
1.25936 	35.3269
1.26176 	35.024
1.26415 	34.7228
1.26655 	34.4234
1.26895 	34.1256
1.27135 	33.8296
1.27375 	33.5352
1.27614 	33.2425
1.27854 	32.9514
1.28094 	32.662
1.28334 	32.3742
1.28574 	32.0881
1.28813 	31.8035
1.29053 	31.5205
1.29293 	31.2391
1.29533 	30.9593
1.29773 	30.681
1.30012 	30.4043
1.30252 	30.1291
1.30492 	29.8555
1.30732 	29.5833
1.30972 	29.3127
1.31211 	29.0435
1.31451 	28.7758
1.31691 	28.5096
1.31931 	28.2449
1.32171 	27.9816
1.3241 	27.7197
1.3265 	27.4593
1.3289 	27.2003
1.3313 	26.9427
1.3337 	26.6865
1.33609 	26.4317
1.33849 	26.1782
1.34089 	25.9261
1.34329 	25.6754
1.34569 	25.426
1.34808 	25.178
1.35048 	24.9313
1.35288 	24.6859
1.35528 	24.4418
1.35768 	24.1991
1.36007 	23.9576
1.36247 	23.7174
1.36487 	23.4785
1.36727 	23.2408
1.36967 	23.0044
1.37206 	22.7692
1.37446 	22.5353
1.37686 	22.3026
1.37926 	22.0712
1.38166 	21.8409
1.38405 	21.6119
1.38645 	21.384
1.38885 	21.1574
1.39125 	20.9319
1.39365 	20.7076
1.39604 	20.4845
1.39844 	20.2625
1.40084 	20.0416
1.40324 	19.8219
1.40564 	19.6034
1.40803 	19.3859
1.41043 	19.1696
1.41283 	18.9544
1.41523 	18.7403
1.41763 	18.5273
1.42002 	18.3154
1.42242 	18.1045
1.42482 	17.8948
1.42722 	17.6861
1.42962 	17.4784
1.43201 	17.2719
1.43441 	17.0663
1.43681 	16.8618
1.43921 	16.6583
1.44161 	16.4559
1.444 	16.2545
1.4464 	16.0541
1.4488 	15.8546
1.4512 	15.6562
1.4536 	15.4588
1.45599 	15.2624
1.45839 	15.0669
1.46079 	14.8724
1.46319 	14.6789
1.46559 	14.4863
1.46798 	14.2947
1.47038 	14.1041
1.47278 	13.9144
1.47518 	13.7256
1.47758 	13.5377
1.47997 	13.3508
1.48237 	13.1648
1.48477 	12.9797
1.48717 	12.7955
1.48957 	12.6122
1.49196 	12.4298
1.49436 	12.2483
1.49676 	12.0677
1.49916 	11.8879
1.50156 	11.7091
1.50395 	11.531
1.50635 	11.3539
1.50875 	11.1776
1.51115 	11.0022
1.51355 	10.8276
1.51594 	10.6538
1.51834 	10.4809
1.52074 	10.3088
1.52314 	10.1375
1.52554 	9.96705
1.52793 	9.79741
1.53033 	9.62858
1.53273 	9.46056
1.53513 	9.29333
1.53753 	9.12689
1.53992 	8.96125
1.54232 	8.79639
1.54472 	8.63231
1.54712 	8.469
1.54952 	8.30646
1.55191 	8.14469
1.55431 	7.98368
1.55671 	7.82342
1.55911 	7.66392
1.56151 	7.50516
1.5639 	7.34715
1.5663 	7.18987
1.5687 	7.03332
1.5711 	6.87751
1.5735 	6.72242
1.57589 	6.56805
1.57829 	6.4144
1.58069 	6.26145
1.58309 	6.10922
1.58549 	5.95769
1.58788 	5.80685
1.59028 	5.65671
1.59268 	5.50727
1.59508 	5.35851
1.59748 	5.21043
1.59987 	5.06303
1.60227 	4.9163
1.60467 	4.77025
1.60707 	4.62486
1.60947 	4.48014
1.61186 	4.33607
1.61426 	4.19266
1.61666 	4.0499
1.61906 	3.90779
1.62146 	3.76632
1.62385 	3.62549
1.62625 	3.4853
1.62865 	3.34574
1.63105 	3.20681
1.63345 	3.0685
1.63584 	2.93082
1.63824 	2.79376
1.64064 	2.65731
1.64304 	2.52147
1.64544 	2.38623
1.64783 	2.25161
1.65023 	2.11758
1.65263 	1.98415
1.65503 	1.85131
1.65743 	1.71907
1.65982 	1.58741
1.66222 	1.45634
1.66462 	1.32584
1.66702 	1.19593
1.66942 	1.06659
1.67181 	0.937815
1.67421 	0.809612
1.67661 	0.681973
1.67901 	0.554896
1.68141 	0.428377
1.6838 	0.302413
1.6862 	0.177001
1.6886 	0.052138
1.691 	-0.072179
1.6934 	-0.195953
1.69579 	-0.319187
1.69819 	-0.441884
1.70059 	-0.564047
1.70299 	-0.685679
1.70539 	-0.806783
1.70778 	-0.927361
1.71018 	-1.04742
1.71258 	-1.16695
1.71498 	-1.28597
1.71738 	-1.40448
1.71977 	-1.52247
1.72217 	-1.63996
1.72457 	-1.75694
1.72697 	-1.87342
1.72937 	-1.9894
1.73176 	-2.10488
1.73416 	-2.21986
1.73656 	-2.33435
1.73896 	-2.44836
1.74136 	-2.56187
1.74375 	-2.67491
1.74615 	-2.78746
1.74855 	-2.89953
1.75095 	-3.01112
1.75335 	-3.12224
1.75574 	-3.23289
1.75814 	-3.34307
1.76054 	-3.45278
1.76294 	-3.56203
1.76534 	-3.67082
1.76773 	-3.77915
1.77013 	-3.88702
1.77253 	-3.99443
1.77493 	-4.1014
1.77733 	-4.20791
1.77972 	-4.31398
1.78212 	-4.4196
1.78452 	-4.52478
1.78692 	-4.62952
1.78932 	-4.73382
1.79171 	-4.83768
1.79411 	-4.94111
1.79651 	-5.04411
1.79891 	-5.14668
1.80131 	-5.24882
1.8037 	-5.35054
1.8061 	-5.45184
1.8085 	-5.55271
1.8109 	-5.65317
1.8133 	-5.75321
1.81569 	-5.85283
1.81809 	-5.95205
1.82049 	-6.05085
1.82289 	-6.14925
1.82529 	-6.24723
1.82768 	-6.34482
1.83008 	-6.442
1.83248 	-6.53879
1.83488 	-6.63517
1.83728 	-6.73117
1.83967 	-6.82676
1.84207 	-6.92197
1.84447 	-7.01678
1.84687 	-7.11121
1.84927 	-7.20525
1.85166 	-7.29891
1.85406 	-7.39218
1.85646 	-7.48508
1.85886 	-7.57759
1.86126 	-7.66973
1.86365 	-7.76149
1.86605 	-7.85289
1.86845 	-7.94391
1.87085 	-8.03456
1.87325 	-8.12484
1.87564 	-8.21476
1.87804 	-8.30431
1.88044 	-8.3935
1.88284 	-8.48233
1.88524 	-8.57081
1.88763 	-8.65892
1.89003 	-8.74668
1.89243 	-8.83409
1.89483 	-8.92114
1.89723 	-9.00785
1.89962 	-9.09421
1.90202 	-9.18022
1.90442 	-9.26588
1.90682 	-9.3512
1.90922 	-9.43618
1.91161 	-9.52082
1.91401 	-9.60512
1.91641 	-9.68908
1.91881 	-9.77271
1.92121 	-9.856
1.9236 	-9.93897
1.926 	-10.0216
1.9284 	-10.1039
1.9308 	-10.1859
1.9332 	-10.2675
1.93559 	-10.3488
1.93799 	-10.4298
1.94039 	-10.5105
1.94279 	-10.5909
1.94519 	-10.6709
1.94758 	-10.7506
1.94998 	-10.83
1.95238 	-10.9091
1.95478 	-10.9879
1.95718 	-11.0664
1.95957 	-11.1445
1.96197 	-11.2224
1.96437 	-11.2999
1.96677 	-11.3772
1.96917 	-11.4541
1.97156 	-11.5307
1.97396 	-11.6071
1.97636 	-11.6831
1.97876 	-11.7588
1.98116 	-11.8343
1.98355 	-11.9094
1.98595 	-11.9842
1.98835 	-12.0588
1.99075 	-12.133
1.99315 	-12.207
1.99554 	-12.2807
1.99794 	-12.3541
2.00034 	-12.4272
2.00274 	-12.5
2.00514 	-12.5725
2.00753 	-12.6448
2.00993 	-12.7167
2.01233 	-12.7884
2.01473 	-12.8598
2.01713 	-12.9309
2.01952 	-13.0018
2.02192 	-13.0723
2.02432 	-13.1426
2.02672 	-13.2127
2.02912 	-13.2824
2.03151 	-13.3519
2.03391 	-13.4211
2.03631 	-13.4901
2.03871 	-13.5587
2.04111 	-13.6271
2.0435 	-13.6953
2.0459 	-13.7632
2.0483 	-13.8308
2.0507 	-13.8981
2.0531 	-13.9652
2.05549 	-14.0321
2.05789 	-14.0986
2.06029 	-14.1649
2.06269 	-14.231
2.06509 	-14.2968
2.06748 	-14.3624
2.06988 	-14.4277
2.07228 	-14.4927
2.07468 	-14.5575
2.07708 	-14.622
2.07947 	-14.6863
2.08187 	-14.7504
2.08427 	-14.8142
2.08667 	-14.8777
2.08907 	-14.941
2.09146 	-15.0041
2.09386 	-15.0669
2.09626 	-15.1295
2.09866 	-15.1919
2.10106 	-15.254
2.10345 	-15.3158
2.10585 	-15.3774
2.10825 	-15.4388
2.11065 	-15.5
2.11305 	-15.5609
2.11544 	-15.6216
2.11784 	-15.682
2.12024 	-15.7422
2.12264 	-15.8022
2.12504 	-15.862
2.12743 	-15.9215
2.12983 	-15.9808
2.13223 	-16.0399
2.13463 	-16.0987
2.13703 	-16.1573
2.13942 	-16.2157
2.14182 	-16.2739
2.14422 	-16.3318
2.14662 	-16.3895
2.14902 	-16.447
2.15141 	-16.5043
2.15381 	-16.5614
2.15621 	-16.6182
2.15861 	-16.6749
2.16101 	-16.7313
2.1634 	-16.7874
2.1658 	-16.8434
2.1682 	-16.8992
2.1706 	-16.9547
2.173 	-17.0101
2.17539 	-17.0652
2.17779 	-17.1201
2.18019 	-17.1748
2.18259 	-17.2293
2.18499 	-17.2836
2.18738 	-17.3376
2.18978 	-17.3915
2.19218 	-17.4452
2.19458 	-17.4986
2.19698 	-17.5519
2.19937 	-17.6049
2.20177 	-17.6578
2.20417 	-17.7104
2.20657 	-17.7628
2.20897 	-17.8151
2.21136 	-17.8671
2.21376 	-17.9189
2.21616 	-17.9706
2.21856 	-18.022
2.22096 	-18.0732
2.22335 	-18.1243
2.22575 	-18.1751
2.22815 	-18.2258
2.23055 	-18.2762
2.23295 	-18.3265
2.23534 	-18.3766
2.23774 	-18.4265
2.24014 	-18.4761
2.24254 	-18.5256
2.24494 	-18.5749
2.24733 	-18.6241
2.24973 	-18.673
2.25213 	-18.7217
2.25453 	-18.7703
2.25693 	-18.8186
2.25932 	-18.8668
2.26172 	-18.9148
2.26412 	-18.9626
2.26652 	-19.0102
2.26892 	-19.0577
2.27131 	-19.1049
2.27371 	-19.152
2.27611 	-19.1989
2.27851 	-19.2456
2.28091 	-19.2921
2.2833 	-19.3385
2.2857 	-19.3846
2.2881 	-19.4306
2.2905 	-19.4765
2.2929 	-19.5221
2.29529 	-19.5675
2.29769 	-19.6128
2.30009 	-19.6579
2.30249 	-19.7029
2.30489 	-19.7476
2.30728 	-19.7922
2.30968 	-19.8366
2.31208 	-19.8809
2.31448 	-19.9249
2.31688 	-19.9688
2.31927 	-20.0125
2.32167 	-20.0561
2.32407 	-20.0995
2.32647 	-20.1427
2.32887 	-20.1857
2.33126 	-20.2286
2.33366 	-20.2713
2.33606 	-20.3138
2.33846 	-20.3562
2.34086 	-20.3984
2.34325 	-20.4405
2.34565 	-20.4824
2.34805 	-20.5241
2.35045 	-20.5656
2.35285 	-20.607
2.35524 	-20.6482
2.35764 	-20.6893
2.36004 	-20.7302
2.36244 	-20.7709
2.36484 	-20.8115
2.36723 	-20.8519
2.36963 	-20.8922
2.37203 	-20.9323
2.37443 	-20.9722
2.37683 	-21.012
2.37922 	-21.0516
2.38162 	-21.0911
2.38402 	-21.1304
2.38642 	-21.1695
2.38882 	-21.2085
2.39121 	-21.2474
2.39361 	-21.2861
2.39601 	-21.3246
2.39841 	-21.363
2.40081 	-21.4012
2.4032 	-21.4393
2.4056 	-21.4772
2.408 	-21.515
2.4104 	-21.5526
2.4128 	-21.5901
2.41519 	-21.6274
2.41759 	-21.6645
2.41999 	-21.7015
2.42239 	-21.7384
2.42479 	-21.7751
2.42718 	-21.8117
2.42958 	-21.8481
2.43198 	-21.8844
2.43438 	-21.9205
2.43678 	-21.9565
2.43917 	-21.9923
2.44157 	-22.028
2.44397 	-22.0635
2.44637 	-22.0989
2.44877 	-22.1342
2.45116 	-22.1693
2.45356 	-22.2043
2.45596 	-22.2391
2.45836 	-22.2738
2.46076 	-22.3083
2.46315 	-22.3427
2.46555 	-22.3769
2.46795 	-22.411
2.47035 	-22.445
2.47275 	-22.4788
2.47514 	-22.5125
2.47754 	-22.5461
2.47994 	-22.5795
2.48234 	-22.6127
2.48474 	-22.6459
2.48713 	-22.6789
2.48953 	-22.7117
2.49193 	-22.7444
2.49433 	-22.777
2.49673 	-22.8094
2.49912 	-22.8417
2.50152 	-22.8739
2.50392 	-22.9059
2.50632 	-22.9378
2.50872 	-22.9696
2.51111 	-23.0012
2.51351 	-23.0327
2.51591 	-23.0641
2.51831 	-23.0953
2.52071 	-23.1264
2.5231 	-23.1574
2.5255 	-23.1882
2.5279 	-23.2189
2.5303 	-23.2494
2.5327 	-23.2799
2.53509 	-23.3102
2.53749 	-23.3403
2.53989 	-23.3704
2.54229 	-23.4003
2.54469 	-23.4301
2.54708 	-23.4597
2.54948 	-23.4892
2.55188 	-23.5186
2.55428 	-23.5479
2.55668 	-23.577
2.55907 	-23.606
2.56147 	-23.6349
2.56387 	-23.6637
2.56627 	-23.6923
2.56867 	-23.7208
2.57106 	-23.7491
2.57346 	-23.7774
2.57586 	-23.8055
2.57826 	-23.8335
2.58066 	-23.8614
2.58305 	-23.8891
2.58545 	-23.9167
2.58785 	-23.9442
2.59025 	-23.9716
2.59265 	-23.9988
2.59504 	-24.026
2.59744 	-24.053
2.59984 	-24.0798
2.60224 	-24.1066
2.60464 	-24.1332
2.60703 	-24.1597
2.60943 	-24.1861
2.61183 	-24.2124
2.61423 	-24.2385
2.61663 	-24.2645
2.61902 	-24.2904
2.62142 	-24.3162
2.62382 	-24.3419
2.62622 	-24.3674
2.62862 	-24.3928
2.63101 	-24.4181
2.63341 	-24.4433
2.63581 	-24.4684
2.63821 	-24.4933
2.64061 	-24.5182
2.643 	-24.5429
2.6454 	-24.5675
2.6478 	-24.5919
2.6502 	-24.6163
2.6526 	-24.6405
2.65499 	-24.6647
2.65739 	-24.6887
2.65979 	-24.7125
2.66219 	-24.7363
2.66459 	-24.76
2.66698 	-24.7835
2.66938 	-24.8069
2.67178 	-24.8303
2.67418 	-24.8535
2.67658 	-24.8765
2.67897 	-24.8995
2.68137 	-24.9223
2.68377 	-24.9451
2.68617 	-24.9677
2.68857 	-24.9902
2.69096 	-25.0126
2.69336 	-25.0349
2.69576 	-25.0571
2.69816 	-25.0791
2.70056 	-25.1011
2.70295 	-25.1229
2.70535 	-25.1446
2.70775 	-25.1662
2.71015 	-25.1877
2.71255 	-25.2091
2.71494 	-25.2304
2.71734 	-25.2516
2.71974 	-25.2726
2.72214 	-25.2936
2.72454 	-25.3144
2.72693 	-25.3351
2.72933 	-25.3557
2.73173 	-25.3762
2.73413 	-25.3966
2.73653 	-25.4169
2.73892 	-25.4371
2.74132 	-25.4572
2.74372 	-25.4771
2.74612 	-25.497
2.74852 	-25.5167
2.75091 	-25.5363
2.75331 	-25.5559
2.75571 	-25.5753
2.75811 	-25.5946
2.76051 	-25.6138
2.7629 	-25.6329
2.7653 	-25.6519
2.7677 	-25.6707
2.7701 	-25.6895
2.7725 	-25.7082
2.77489 	-25.7267
2.77729 	-25.7452
2.77969 	-25.7635
2.78209 	-25.7818
2.78449 	-25.7999
2.78688 	-25.8179
2.78928 	-25.8359
2.79168 	-25.8537
2.79408 	-25.8714
2.79648 	-25.889
2.79887 	-25.9065
2.80127 	-25.9239
2.80367 	-25.9412
2.80607 	-25.9584
2.80847 	-25.9755
2.81086 	-25.9925
2.81326 	-26.0094
2.81566 	-26.0261
2.81806 	-26.0428
2.82046 	-26.0594
2.82285 	-26.0758
2.82525 	-26.0922
2.82765 	-26.1085
2.83005 	-26.1246
2.83245 	-26.1407
2.83484 	-26.1566
2.83724 	-26.1725
2.83964 	-26.1882
2.84204 	-26.2039
2.84444 	-26.2194
2.84683 	-26.2349
2.84923 	-26.2502
2.85163 	-26.2655
2.85403 	-26.2806
2.85643 	-26.2957
2.85882 	-26.3106
2.86122 	-26.3254
2.86362 	-26.3402
2.86602 	-26.3548
2.86842 	-26.3694
2.87081 	-26.3838
2.87321 	-26.3981
2.87561 	-26.4124
2.87801 	-26.4265
2.88041 	-26.4405
2.8828 	-26.4545
2.8852 	-26.4683
2.8876 	-26.4821
2.89 	-26.4957
2.8924 	-26.5092
2.89479 	-26.5227
2.89719 	-26.536
2.89959 	-26.5493
2.90199 	-26.5624
2.90439 	-26.5755
2.90678 	-26.5884
2.90918 	-26.6013
2.91158 	-26.614
2.91398 	-26.6267
2.91638 	-26.6393
2.91877 	-26.6517
2.92117 	-26.6641
2.92357 	-26.6764
2.92597 	-26.6885
2.92837 	-26.7006
2.93076 	-26.7126
2.93316 	-26.7245
2.93556 	-26.7362
2.93796 	-26.7479
2.94036 	-26.7595
2.94275 	-26.771
2.94515 	-26.7824
2.94755 	-26.7937
2.94995 	-26.8049
2.95235 	-26.816
2.95474 	-26.827
2.95714 	-26.8379
2.95954 	-26.8488
2.96194 	-26.8595
2.96434 	-26.8701
2.96673 	-26.8807
2.96913 	-26.8911
2.97153 	-26.9014
2.97393 	-26.9117
2.97633 	-26.9218
2.97872 	-26.9319
2.98112 	-26.9419
2.98352 	-26.9517
2.98592 	-26.9615
2.98832 	-26.9712
2.99071 	-26.9808
2.99311 	-26.9903
2.99551 	-26.9997
2.99791 	-27.009
3.00031 	-27.0182
3.0027 	-27.0273
3.0051 	-27.0363
3.0075 	-27.0452
3.0099 	-27.0541
3.0123 	-27.0628
3.01469 	-27.0715
3.01709 	-27.08
3.01949 	-27.0885
3.02189 	-27.0968
3.02429 	-27.1051
3.02668 	-27.1133
3.02908 	-27.1214
3.03148 	-27.1294
3.03388 	-27.1373
3.03628 	-27.1451
3.03867 	-27.1528
3.04107 	-27.1604
3.04347 	-27.168
3.04587 	-27.1754
3.04827 	-27.1828
3.05066 	-27.19
3.05306 	-27.1972
3.05546 	-27.2043
3.05786 	-27.2112
3.06026 	-27.2181
3.06265 	-27.2249
3.06505 	-27.2316
3.06745 	-27.2382
3.06985 	-27.2448
3.07225 	-27.2512
3.07464 	-27.2575
3.07704 	-27.2638
3.07944 	-27.2699
3.08184 	-27.276
3.08424 	-27.282
3.08663 	-27.2878
3.08903 	-27.2936
3.09143 	-27.2993
3.09383 	-27.3049
3.09623 	-27.3105
3.09862 	-27.3159
3.10102 	-27.3212
3.10342 	-27.3265
3.10582 	-27.3316
3.10822 	-27.3367
3.11061 	-27.3417
3.11301 	-27.3466
3.11541 	-27.3514
3.11781 	-27.3561
3.12021 	-27.3607
3.1226 	-27.3652
3.125 	-27.3696
3.1274 	-27.374
3.1298 	-27.3782
3.1322 	-27.3824
3.13459 	-27.3865
3.13699 	-27.3905
3.13939 	-27.3944
3.14179 	-27.3982
3.14419 	-27.4019
3.14658 	-27.4055
3.14898 	-27.4091
3.15138 	-27.4125
3.15378 	-27.4159
3.15618 	-27.4191
3.15857 	-27.4223
3.16097 	-27.4254
3.16337 	-27.4284
3.16577 	-27.4313
3.16817 	-27.4342
3.17056 	-27.4369
3.17296 	-27.4396
3.17536 	-27.4421
3.17776 	-27.4446
3.18016 	-27.447
3.18255 	-27.4493
3.18495 	-27.4515
3.18735 	-27.4536
3.18975 	-27.4556
3.19215 	-27.4576
3.19454 	-27.4594
3.19694 	-27.4612
3.19934 	-27.4629
3.20174 	-27.4645
3.20414 	-27.466
3.20653 	-27.4674
3.20893 	-27.4687
3.21133 	-27.4699
3.21373 	-27.4711
3.21613 	-27.4722
3.21852 	-27.4731
3.22092 	-27.474
3.22332 	-27.4748
3.22572 	-27.4755
3.22812 	-27.4762
3.23051 	-27.4767
3.23291 	-27.4771
3.23531 	-27.4775
3.23771 	-27.4778
3.24011 	-27.478
3.2425 	-27.4781
3.2449 	-27.4781
3.2473 	-27.478
3.2497 	-27.4779
3.2521 	-27.4776
3.25449 	-27.4773
3.25689 	-27.4768
3.25929 	-27.4763
3.26169 	-27.4757
3.26409 	-27.4751
3.26648 	-27.4743
3.26888 	-27.4734
3.27128 	-27.4725
3.27368 	-27.4715
3.27608 	-27.4704
3.27847 	-27.4692
3.28087 	-27.4679
3.28327 	-27.4665
3.28567 	-27.465
3.28807 	-27.4635
3.29046 	-27.4619
3.29286 	-27.4601
3.29526 	-27.4583
3.29766 	-27.4564
3.30006 	-27.4545
3.30245 	-27.4524
3.30485 	-27.4503
3.30725 	-27.448
3.30965 	-27.4457
3.31205 	-27.4433
3.31444 	-27.4408
3.31684 	-27.4382
3.31924 	-27.4356
3.32164 	-27.4328
3.32404 	-27.43
3.32643 	-27.427
3.32883 	-27.424
3.33123 	-27.4209
3.33363 	-27.4178
3.33603 	-27.4145
3.33842 	-27.4112
3.34082 	-27.4077
3.34322 	-27.4042
3.34562 	-27.4006
3.34802 	-27.3969
3.35041 	-27.3931
3.35281 	-27.3893
3.35521 	-27.3853
3.35761 	-27.3813
3.36001 	-27.3772
3.3624 	-27.373
3.3648 	-27.3687
3.3672 	-27.3643
3.3696 	-27.3599
3.372 	-27.3553
3.37439 	-27.3507
3.37679 	-27.346
3.37919 	-27.3412
3.38159 	-27.3363
3.38399 	-27.3314
3.38638 	-27.3263
3.38878 	-27.3212
3.39118 	-27.316
3.39358 	-27.3107
3.39598 	-27.3053
3.39837 	-27.2998
3.40077 	-27.2943
3.40317 	-27.2886
3.40557 	-27.2829
3.40797 	-27.2771
3.41036 	-27.2712
3.41276 	-27.2652
3.41516 	-27.2592
3.41756 	-27.253
3.41996 	-27.2468
3.42235 	-27.2405
3.42475 	-27.2341
3.42715 	-27.2276
3.42955 	-27.2211
3.43195 	-27.2144
3.43434 	-27.2077
3.43674 	-27.2009
3.43914 	-27.194
3.44154 	-27.187
3.44394 	-27.1799
3.44633 	-27.1728
3.44873 	-27.1656
3.45113 	-27.1582
3.45353 	-27.1508
3.45593 	-27.1434
3.45832 	-27.1358
3.46072 	-27.1282
3.46312 	-27.1204
3.46552 	-27.1126
3.46792 	-27.1047
3.47031 	-27.0967
3.47271 	-27.0887
3.47511 	-27.0805
3.47751 	-27.0723
3.47991 	-27.064
3.4823 	-27.0556
3.4847 	-27.0471
3.4871 	-27.0385
3.4895 	-27.0299
3.4919 	-27.0212
3.49429 	-27.0124
3.49669 	-27.0035
3.49909 	-26.9945
3.50149 	-26.9854
3.50389 	-26.9763
3.50628 	-26.9671
3.50868 	-26.9578
3.51108 	-26.9484
3.51348 	-26.9389
3.51588 	-26.9294
3.51827 	-26.9197
3.52067 	-26.91
3.52307 	-26.9002
3.52547 	-26.8903
3.52787 	-26.8804
3.53026 	-26.8703
3.53266 	-26.8602
3.53506 	-26.85
3.53746 	-26.8397
3.53986 	-26.8293
3.54225 	-26.8189
3.54465 	-26.8083
3.54705 	-26.7977
3.54945 	-26.787
3.55185 	-26.7762
3.55424 	-26.7654
3.55664 	-26.7544
3.55904 	-26.7434
3.56144 	-26.7323
3.56384 	-26.7211
3.56623 	-26.7098
3.56863 	-26.6985
3.57103 	-26.6871
3.57343 	-26.6756
3.57583 	-26.664
3.57822 	-26.6523
3.58062 	-26.6405
3.58302 	-26.6287
3.58542 	-26.6168
3.58782 	-26.6048
3.59021 	-26.5927
3.59261 	-26.5805
3.59501 	-26.5683
3.59741 	-26.556
3.59981 	-26.5436
3.6022 	-26.5311
3.6046 	-26.5185
3.607 	-26.5059
3.6094 	-26.4931
3.6118 	-26.4803
3.61419 	-26.4675
3.61659 	-26.4545
3.61899 	-26.4414
3.62139 	-26.4283
3.62379 	-26.4151
3.62618 	-26.4018
3.62858 	-26.3885
3.63098 	-26.375
3.63338 	-26.3615
3.63578 	-26.3479
3.63817 	-26.3342
3.64057 	-26.3204
3.64297 	-26.3066
3.64537 	-26.2927
3.64777 	-26.2786
3.65016 	-26.2646
3.65256 	-26.2504
3.65496 	-26.2362
3.65736 	-26.2218
3.65976 	-26.2074
3.66215 	-26.193
3.66455 	-26.1784
3.66695 	-26.1638
3.66935 	-26.149
3.67175 	-26.1342
3.67414 	-26.1194
3.67654 	-26.1044
3.67894 	-26.0894
3.68134 	-26.0743
3.68374 	-26.0591
3.68613 	-26.0438
3.68853 	-26.0284
3.69093 	-26.013
3.69333 	-25.9975
3.69573 	-25.9819
3.69812 	-25.9663
3.70052 	-25.9505
3.70292 	-25.9347
3.70532 	-25.9188
3.70772 	-25.9028
3.71011 	-25.8868
3.71251 	-25.8707
3.71491 	-25.8544
3.71731 	-25.8382
3.71971 	-25.8218
3.7221 	-25.8054
3.7245 	-25.7888
3.7269 	-25.7722
3.7293 	-25.7556
3.7317 	-25.7388
3.73409 	-25.722
3.73649 	-25.7051
3.73889 	-25.6881
3.74129 	-25.671
3.74369 	-25.6539
3.74608 	-25.6367
3.74848 	-25.6194
3.75088 	-25.602
3.75328 	-25.5846
3.75568 	-25.5671
3.75807 	-25.5495
3.76047 	-25.5318
3.76287 	-25.514
3.76527 	-25.4962
3.76767 	-25.4783
3.77006 	-25.4603
3.77246 	-25.4423
3.77486 	-25.4241
3.77726 	-25.4059
3.77966 	-25.3876
3.78205 	-25.3693
3.78445 	-25.3508
3.78685 	-25.3323
3.78925 	-25.3137
3.79165 	-25.2951
3.79404 	-25.2763
3.79644 	-25.2575
3.79884 	-25.2386
3.80124 	-25.2197
3.80364 	-25.2006
3.80603 	-25.1815
3.80843 	-25.1623
3.81083 	-25.143
3.81323 	-25.1237
3.81563 	-25.1043
3.81802 	-25.0848
3.82042 	-25.0652
3.82282 	-25.0456
3.82522 	-25.0259
3.82762 	-25.0061
3.83001 	-24.9862
3.83241 	-24.9663
3.83481 	-24.9463
3.83721 	-24.9262
3.83961 	-24.906
3.842 	-24.8858
3.8444 	-24.8655
3.8468 	-24.8451
3.8492 	-24.8247
3.8516 	-24.8041
3.85399 	-24.7835
3.85639 	-24.7629
3.85879 	-24.7421
3.86119 	-24.7213
3.86359 	-24.7004
3.86598 	-24.6794
3.86838 	-24.6584
3.87078 	-24.6373
3.87318 	-24.6161
3.87558 	-24.5948
3.87797 	-24.5735
3.88037 	-24.5521
3.88277 	-24.5306
3.88517 	-24.5091
3.88757 	-24.4875
3.88996 	-24.4658
3.89236 	-24.444
3.89476 	-24.4222
3.89716 	-24.4003
3.89956 	-24.3783
3.90195 	-24.3563
3.90435 	-24.3341
3.90675 	-24.3119
3.90915 	-24.2897
3.91155 	-24.2674
3.91394 	-24.2449
3.91634 	-24.2225
3.91874 	-24.1999
3.92114 	-24.1773
3.92354 	-24.1546
3.92593 	-24.1319
3.92833 	-24.109
3.93073 	-24.0861
3.93313 	-24.0632
3.93553 	-24.0401
3.93792 	-24.017
3.94032 	-23.9938
3.94272 	-23.9706
3.94512 	-23.9473
3.94752 	-23.9239
3.94991 	-23.9004
3.95231 	-23.8769
3.95471 	-23.8533
3.95711 	-23.8296
3.95951 	-23.8059
3.9619 	-23.7821
3.9643 	-23.7582
3.9667 	-23.7343
3.9691 	-23.7103
3.9715 	-23.6862
3.97389 	-23.6621
3.97629 	-23.6378
3.97869 	-23.6136
3.98109 	-23.5892
3.98349 	-23.5648
3.98588 	-23.5403
3.98828 	-23.5158
3.99068 	-23.4911
3.99308 	-23.4664
3.99548 	-23.4417
3.99787 	-23.4169
4.00027 	-23.392
4.00267 	-23.367
4.00507 	-23.342
4.00747 	-23.3169
4.00986 	-23.2918
4.01226 	-23.2665
4.01466 	-23.2412
4.01706 	-23.2159
4.01946 	-23.1905
4.02185 	-23.165
4.02425 	-23.1394
4.02665 	-23.1138
4.02905 	-23.0881
4.03145 	-23.0624
4.03384 	-23.0366
4.03624 	-23.0107
4.03864 	-22.9847
4.04104 	-22.9587
4.04344 	-22.9327
4.04583 	-22.9065
4.04823 	-22.8803
4.05063 	-22.8541
4.05303 	-22.8277
4.05543 	-22.8013
4.05782 	-22.7749
4.06022 	-22.7483
4.06262 	-22.7218
4.06502 	-22.6951
4.06742 	-22.6684
4.06981 	-22.6416
4.07221 	-22.6148
4.07461 	-22.5879
4.07701 	-22.5609
4.07941 	-22.5339
4.0818 	-22.5068
4.0842 	-22.4796
4.0866 	-22.4524
4.089 	-22.4251
4.0914 	-22.3978
4.09379 	-22.3704
4.09619 	-22.3429
4.09859 	-22.3154
4.10099 	-22.2878
4.10339 	-22.2602
4.10578 	-22.2325
4.10818 	-22.2047
4.11058 	-22.1769
4.11298 	-22.149
4.11538 	-22.121
4.11777 	-22.093
4.12017 	-22.0649
4.12257 	-22.0368
4.12497 	-22.0086
4.12737 	-21.9803
4.12976 	-21.952
4.13216 	-21.9237
4.13456 	-21.8952
4.13696 	-21.8667
4.13936 	-21.8382
4.14175 	-21.8096
4.14415 	-21.7809
4.14655 	-21.7522
4.14895 	-21.7234
4.15135 	-21.6946
4.15374 	-21.6657
4.15614 	-21.6367
4.15854 	-21.6077
4.16094 	-21.5786
4.16334 	-21.5495
4.16573 	-21.5203
4.16813 	-21.491
4.17053 	-21.4617
4.17293 	-21.4324
4.17533 	-21.403
4.17772 	-21.3735
4.18012 	-21.344
4.18252 	-21.3144
4.18492 	-21.2847
4.18732 	-21.255
4.18971 	-21.2253
4.19211 	-21.1955
4.19451 	-21.1656
4.19691 	-21.1357
4.19931 	-21.1057
4.2017 	-21.0757
4.2041 	-21.0456
4.2065 	-21.0155
4.2089 	-20.9853
4.2113 	-20.955
4.21369 	-20.9247
4.21609 	-20.8944
4.21849 	-20.864
4.22089 	-20.8335
4.22329 	-20.803
4.22568 	-20.7724
4.22808 	-20.7418
4.23048 	-20.7111
4.23288 	-20.6804
4.23528 	-20.6496
4.23767 	-20.6188
4.24007 	-20.5879
4.24247 	-20.557
4.24487 	-20.526
4.24727 	-20.495
4.24966 	-20.4639
4.25206 	-20.4327
4.25446 	-20.4015
4.25686 	-20.3703
4.25926 	-20.339
4.26165 	-20.3077
4.26405 	-20.2763
4.26645 	-20.2448
4.26885 	-20.2133
4.27125 	-20.1818
4.27364 	-20.1502
4.27604 	-20.1185
4.27844 	-20.0869
4.28084 	-20.0551
4.28324 	-20.0233
4.28563 	-19.9915
4.28803 	-19.9596
4.29043 	-19.9277
4.29283 	-19.8957
4.29523 	-19.8637
4.29762 	-19.8316
4.30002 	-19.7995
4.30242 	-19.7673
4.30482 	-19.7351
4.30722 	-19.7028
4.30961 	-19.6705
4.31201 	-19.6381
4.31441 	-19.6057
4.31681 	-19.5733
4.31921 	-19.5408
4.3216 	-19.5082
4.324 	-19.4756
4.3264 	-19.443
4.3288 	-19.4103
4.3312 	-19.3776
4.33359 	-19.3448
4.33599 	-19.312
4.33839 	-19.2792
4.34079 	-19.2463
4.34319 	-19.2133
4.34558 	-19.1803
4.34798 	-19.1473
4.35038 	-19.1142
4.35278 	-19.0811
4.35518 	-19.0479
4.35757 	-19.0147
4.35997 	-18.9815
4.36237 	-18.9482
4.36477 	-18.9149
4.36717 	-18.8815
4.36956 	-18.8481
4.37196 	-18.8146
4.37436 	-18.7811
4.37676 	-18.7476
4.37916 	-18.714
4.38155 	-18.6804
4.38395 	-18.6467
4.38635 	-18.613
4.38875 	-18.5793
4.39115 	-18.5455
4.39354 	-18.5117
4.39594 	-18.4778
4.39834 	-18.4439
4.40074 	-18.41
4.40314 	-18.376
4.40553 	-18.342
4.40793 	-18.308
4.41033 	-18.2739
4.41273 	-18.2397
4.41513 	-18.2056
4.41752 	-18.1714
4.41992 	-18.1371
4.42232 	-18.1029
4.42472 	-18.0685
4.42712 	-18.0342
4.42951 	-17.9998
4.43191 	-17.9654
4.43431 	-17.9309
4.43671 	-17.8964
4.43911 	-17.8619
4.4415 	-17.8273
4.4439 	-17.7927
4.4463 	-17.7581
4.4487 	-17.7234
4.4511 	-17.6887
4.45349 	-17.654
4.45589 	-17.6192
4.45829 	-17.5844
4.46069 	-17.5496
4.46309 	-17.5147
4.46548 	-17.4798
4.46788 	-17.4449
4.47028 	-17.4099
4.47268 	-17.3749
4.47508 	-17.3399
4.47747 	-17.3048
4.47987 	-17.2697
4.48227 	-17.2346
4.48467 	-17.1994
4.48707 	-17.1643
4.48946 	-17.129
4.49186 	-17.0938
4.49426 	-17.0585
4.49666 	-17.0232
4.49906 	-16.9879
4.50145 	-16.9525
4.50385 	-16.9171
4.50625 	-16.8817
4.50865 	-16.8462
4.51105 	-16.8107
4.51344 	-16.7752
4.51584 	-16.7397
4.51824 	-16.7041
4.52064 	-16.6685
4.52304 	-16.6329
4.52543 	-16.5973
4.52783 	-16.5616
4.53023 	-16.5259
4.53263 	-16.4901
4.53503 	-16.4544
4.53742 	-16.4186
4.53982 	-16.3828
4.54222 	-16.347
4.54462 	-16.3111
4.54702 	-16.2752
4.54941 	-16.2393
4.55181 	-16.2034
4.55421 	-16.1674
4.55661 	-16.1315
4.55901 	-16.0955
4.5614 	-16.0594
4.5638 	-16.0234
4.5662 	-15.9873
4.5686 	-15.9512
4.571 	-15.9151
4.57339 	-15.879
4.57579 	-15.8428
4.57819 	-15.8066
4.58059 	-15.7704
4.58299 	-15.7342
4.58538 	-15.698
4.58778 	-15.6617
4.59018 	-15.6254
4.59258 	-15.5891
4.59498 	-15.5528
4.59737 	-15.5164
4.59977 	-15.4801
4.60217 	-15.4437
4.60457 	-15.4073
4.60697 	-15.3708
4.60936 	-15.3344
4.61176 	-15.2979
4.61416 	-15.2615
4.61656 	-15.225
4.61896 	-15.1885
4.62135 	-15.1519
4.62375 	-15.1154
4.62615 	-15.0788
4.62855 	-15.0422
4.63095 	-15.0056
4.63334 	-14.969
4.63574 	-14.9324
4.63814 	-14.8958
4.64054 	-14.8591
4.64294 	-14.8224
4.64533 	-14.7857
4.64773 	-14.749
4.65013 	-14.7123
4.65253 	-14.6756
4.65493 	-14.6389
4.65732 	-14.6021
4.65972 	-14.5653
4.66212 	-14.5285
4.66452 	-14.4917
4.66692 	-14.4549
4.66931 	-14.4181
4.67171 	-14.3813
4.67411 	-14.3444
4.67651 	-14.3076
4.67891 	-14.2707
4.6813 	-14.2338
4.6837 	-14.197
4.6861 	-14.1601
4.6885 	-14.1232
4.6909 	-14.0862
4.69329 	-14.0493
4.69569 	-14.0124
4.69809 	-13.9754
4.70049 	-13.9385
4.70289 	-13.9015
4.70528 	-13.8646
4.70768 	-13.8276
4.71008 	-13.7906
4.71248 	-13.7536
4.71488 	-13.7166
4.71727 	-13.6796
4.71967 	-13.6426
4.72207 	-13.6056
4.72447 	-13.5685
4.72687 	-13.5315
4.72926 	-13.4945
4.73166 	-13.4574
4.73406 	-13.4204
4.73646 	-13.3833
4.73886 	-13.3463
4.74125 	-13.3092
4.74365 	-13.2721
4.74605 	-13.2351
4.74845 	-13.198
4.75085 	-13.1609
4.75324 	-13.1238
4.75564 	-13.0868
4.75804 	-13.0497
4.76044 	-13.0126
4.76284 	-12.9755
4.76523 	-12.9384
4.76763 	-12.9013
4.77003 	-12.8642
4.77243 	-12.8271
4.77483 	-12.79
4.77722 	-12.753
4.77962 	-12.7159
4.78202 	-12.6788
4.78442 	-12.6417
4.78682 	-12.6046
4.78921 	-12.5675
4.79161 	-12.5304
4.79401 	-12.4933
4.79641 	-12.4562
4.79881 	-12.4191
4.8012 	-12.3821
4.8036 	-12.345
4.806 	-12.3079
4.8084 	-12.2708
4.8108 	-12.2337
4.81319 	-12.1967
4.81559 	-12.1596
4.81799 	-12.1226
4.82039 	-12.0855
4.82279 	-12.0484
4.82518 	-12.0114
4.82758 	-11.9743
4.82998 	-11.9373
4.83238 	-11.9002
4.83478 	-11.8632
4.83717 	-11.8261
4.83957 	-11.7891
4.84197 	-11.752
4.84437 	-11.715
4.84677 	-11.6779
4.84916 	-11.6409
4.85156 	-11.6038
4.85396 	-11.5668
4.85636 	-11.5298
4.85876 	-11.4927
4.86115 	-11.4557
4.86355 	-11.4187
4.86595 	-11.3816
4.86835 	-11.3446
4.87075 	-11.3076
4.87314 	-11.2706
4.87554 	-11.2336
4.87794 	-11.1966
4.88034 	-11.1596
4.88274 	-11.1226
4.88513 	-11.0856
4.88753 	-11.0486
4.88993 	-11.0117
4.89233 	-10.9747
4.89473 	-10.9377
4.89712 	-10.9008
4.89952 	-10.8638
4.90192 	-10.8269
4.90432 	-10.79
4.90672 	-10.7531
4.90911 	-10.7161
4.91151 	-10.6792
4.91391 	-10.6424
4.91631 	-10.6055
4.91871 	-10.5686
4.9211 	-10.5317
4.9235 	-10.4949
4.9259 	-10.458
4.9283 	-10.4212
4.9307 	-10.3844
4.93309 	-10.3476
4.93549 	-10.3108
4.93789 	-10.274
4.94029 	-10.2372
4.94269 	-10.2004
4.94508 	-10.1637
4.94748 	-10.1269
4.94988 	-10.0902
4.95228 	-10.0535
4.95468 	-10.0168
4.95707 	-9.98012
4.95947 	-9.94345
4.96187 	-9.90679
4.96427 	-9.87015
4.96667 	-9.83352
4.96906 	-9.7969
4.97146 	-9.7603
4.97386 	-9.72372
4.97626 	-9.68715
4.97866 	-9.6506
4.98105 	-9.61406
4.98345 	-9.57754
4.98585 	-9.54104
4.98825 	-9.50456
4.99065 	-9.46809
4.99304 	-9.43163
4.99544 	-9.3952
4.99784 	-9.35878
5.00024 	-9.32239
5.00264 	-9.28601
5.00503 	-9.24965
5.00743 	-9.2133
5.00983 	-9.17698
5.01223 	-9.14068
5.01463 	-9.10439
5.01702 	-9.06813
5.01942 	-9.03188
5.02182 	-8.99566
5.02422 	-8.95945
5.02662 	-8.92327
5.02901 	-8.88711
5.03141 	-8.85097
5.03381 	-8.81485
5.03621 	-8.77875
5.03861 	-8.74268
5.041 	-8.70662
5.0434 	-8.67059
5.0458 	-8.63458
5.0482 	-8.5986
5.0506 	-8.56263
5.05299 	-8.5267
5.05539 	-8.49078
5.05779 	-8.45489
5.06019 	-8.41902
5.06259 	-8.38318
5.06498 	-8.34736
5.06738 	-8.31156
5.06978 	-8.27579
5.07218 	-8.24005
5.07458 	-8.20433
5.07697 	-8.16864
5.07937 	-8.13297
5.08177 	-8.09733
5.08417 	-8.06171
5.08657 	-8.02612
5.08896 	-7.99056
5.09136 	-7.95503
5.09376 	-7.91952
5.09616 	-7.88404
5.09856 	-7.84859
5.10095 	-7.81316
5.10335 	-7.77777
5.10575 	-7.7424
5.10815 	-7.70706
5.11055 	-7.67175
5.11294 	-7.63646
5.11534 	-7.60121
5.11774 	-7.56599
5.12014 	-7.53079
5.12254 	-7.49563
5.12493 	-7.46049
5.12733 	-7.42539
5.12973 	-7.39031
5.13213 	-7.35527
5.13453 	-7.32026
5.13692 	-7.28528
5.13932 	-7.25033
5.14172 	-7.21541
5.14412 	-7.18052
5.14652 	-7.14566
5.14891 	-7.11084
5.15131 	-7.07605
5.15371 	-7.04129
5.15611 	-7.00657
5.15851 	-6.97187
5.1609 	-6.93721
5.1633 	-6.90259
5.1657 	-6.86799
5.1681 	-6.83343
5.1705 	-6.79891
5.17289 	-6.76442
5.17529 	-6.72996
5.17769 	-6.69554
5.18009 	-6.66115
5.18249 	-6.6268
5.18488 	-6.59248
5.18728 	-6.5582
5.18968 	-6.52395
5.19208 	-6.48974
5.19448 	-6.45556
5.19687 	-6.42142
5.19927 	-6.38732
5.20167 	-6.35325
5.20407 	-6.31922
5.20647 	-6.28522
5.20886 	-6.25127
5.21126 	-6.21735
5.21366 	-6.18346
5.21606 	-6.14962
5.21846 	-6.11581
5.22085 	-6.08204
5.22325 	-6.04831
5.22565 	-6.01462
5.22805 	-5.98096
5.23045 	-5.94735
5.23284 	-5.91377
5.23524 	-5.88023
5.23764 	-5.84673
5.24004 	-5.81327
5.24244 	-5.77985
5.24483 	-5.74647
5.24723 	-5.71312
5.24963 	-5.67982
5.25203 	-5.64656
5.25443 	-5.61334
5.25682 	-5.58016
5.25922 	-5.54702
5.26162 	-5.51392
5.26402 	-5.48086
5.26642 	-5.44784
5.26881 	-5.41487
5.27121 	-5.38193
5.27361 	-5.34904
5.27601 	-5.31619
5.27841 	-5.28338
5.2808 	-5.25061
5.2832 	-5.21789
5.2856 	-5.1852
5.288 	-5.15256
5.2904 	-5.11997
5.29279 	-5.08741
5.29519 	-5.0549
5.29759 	-5.02243
5.29999 	-4.99001
5.30239 	-4.95763
5.30478 	-4.92529
5.30718 	-4.893
5.30958 	-4.86075
5.31198 	-4.82854
5.31438 	-4.79638
5.31677 	-4.76426
5.31917 	-4.73219
5.32157 	-4.70016
5.32397 	-4.66818
5.32637 	-4.63624
5.32876 	-4.60434
5.33116 	-4.5725
5.33356 	-4.54069
5.33596 	-4.50894
5.33836 	-4.47722
5.34075 	-4.44556
5.34315 	-4.41394
5.34555 	-4.38236
5.34795 	-4.35084
5.35035 	-4.31935
5.35274 	-4.28792
5.35514 	-4.25653
5.35754 	-4.22519
5.35994 	-4.19389
5.36234 	-4.16265
5.36473 	-4.13144
5.36713 	-4.10029
5.36953 	-4.06918
5.37193 	-4.03813
5.37433 	-4.00711
5.37672 	-3.97615
5.37912 	-3.94523
5.38152 	-3.91437
5.38392 	-3.88355
5.38632 	-3.85277
5.38871 	-3.82205
5.39111 	-3.79138
5.39351 	-3.76075
5.39591 	-3.73017
5.39831 	-3.69964
5.4007 	-3.66916
5.4031 	-3.63873
5.4055 	-3.60835
5.4079 	-3.57801
5.4103 	-3.54773
5.41269 	-3.5175
5.41509 	-3.48731
5.41749 	-3.45718
5.41989 	-3.42709
5.42229 	-3.39706
5.42468 	-3.36707
5.42708 	-3.33713
5.42948 	-3.30725
5.43188 	-3.27741
5.43428 	-3.24763
5.43667 	-3.21789
5.43907 	-3.18821
5.44147 	-3.15858
5.44387 	-3.12899
5.44627 	-3.09946
5.44866 	-3.06998
5.45106 	-3.04055
5.45346 	-3.01117
5.45586 	-2.98184
5.45826 	-2.95257
5.46065 	-2.92334
5.46305 	-2.89417
5.46545 	-2.86505
5.46785 	-2.83598
5.47025 	-2.80696
5.47264 	-2.77799
5.47504 	-2.74907
5.47744 	-2.72021
5.47984 	-2.6914
5.48224 	-2.66264
5.48463 	-2.63393
5.48703 	-2.60528
5.48943 	-2.57668
5.49183 	-2.54813
5.49423 	-2.51963
5.49662 	-2.49119
5.49902 	-2.4628
5.50142 	-2.43446
5.50382 	-2.40617
5.50622 	-2.37794
5.50861 	-2.34976
5.51101 	-2.32163
5.51341 	-2.29355
5.51581 	-2.26553
5.51821 	-2.23756
5.5206 	-2.20965
5.523 	-2.18179
5.5254 	-2.15398
5.5278 	-2.12623
5.5302 	-2.09852
5.53259 	-2.07088
5.53499 	-2.04328
5.53739 	-2.01574
5.53979 	-1.98826
5.54219 	-1.96082
5.54458 	-1.93345
5.54698 	-1.90612
5.54938 	-1.87885
5.55178 	-1.85163
5.55418 	-1.82447
5.55657 	-1.79736
5.55897 	-1.77031
5.56137 	-1.74331
5.56377 	-1.71636
5.56617 	-1.68947
5.56856 	-1.66264
5.57096 	-1.63585
5.57336 	-1.60913
5.57576 	-1.58245
5.57816 	-1.55583
5.58055 	-1.52927
5.58295 	-1.50276
5.58535 	-1.47631
5.58775 	-1.44991
5.59015 	-1.42356
5.59254 	-1.39727
5.59494 	-1.37104
5.59734 	-1.34486
5.59974 	-1.31873
5.60214 	-1.29266
5.60453 	-1.26664
5.60693 	-1.24068
5.60933 	-1.21478
5.61173 	-1.18893
5.61413 	-1.16313
5.61652 	-1.13739
5.61892 	-1.11171
5.62132 	-1.08608
5.62372 	-1.06051
5.62612 	-1.03499
5.62851 	-1.00952
5.63091 	-0.984116
5.63331 	-0.958763
5.63571 	-0.933466
5.63811 	-0.908224
5.6405 	-0.883038
5.6429 	-0.857907
5.6453 	-0.832831
5.6477 	-0.807811
5.6501 	-0.782847
5.65249 	-0.757938
5.65489 	-0.733084
5.65729 	-0.708287
5.65969 	-0.683545
5.66209 	-0.658858
5.66448 	-0.634227
5.66688 	-0.609652
5.66928 	-0.585132
5.67168 	-0.560668
5.67408 	-0.53626
5.67647 	-0.511908
5.67887 	-0.487611
5.68127 	-0.46337
5.68367 	-0.439184
5.68607 	-0.415054
5.68846 	-0.39098
5.69086 	-0.366962
5.69326 	-0.343
5.69566 	-0.319093
5.69806 	-0.295242
5.70045 	-0.271447
5.70285 	-0.247707
5.70525 	-0.224023
5.70765 	-0.200395
5.71005 	-0.176823
5.71244 	-0.153307
5.71484 	-0.129846
5.71724 	-0.106441
5.71964 	-0.0830916
5.72204 	-0.0597982
5.72443 	-0.0365604
5.72683 	-0.0133784
5.72923 	0.00974782
5.73163 	0.0328183
5.73403 	0.0558332
5.73642 	0.0787923
5.73882 	0.101696
5.74122 	0.124543
5.74362 	0.147335
5.74602 	0.170072
5.74841 	0.192752
5.75081 	0.215377
5.75321 	0.237947
5.75561 	0.260461
5.75801 	0.282919
5.7604 	0.305321
5.7628 	0.327668
5.7652 	0.34996
5.7676 	0.372196
5.77 	0.394376
5.77239 	0.416501
5.77479 	0.43857
5.77719 	0.460584
5.77959 	0.482543
5.78199 	0.504446
5.78438 	0.526293
5.78678 	0.548085
5.78918 	0.569822
5.79158 	0.591504
5.79398 	0.61313
5.79637 	0.634701
5.79877 	0.656216
5.80117 	0.677677
5.80357 	0.699082
5.80597 	0.720432
5.80836 	0.741726
5.81076 	0.762966
5.81316 	0.78415
5.81556 	0.80528
5.81796 	0.826354
5.82035 	0.847374
5.82275 	0.868338
5.82515 	0.889247
5.82755 	0.910102
5.82995 	0.930901
5.83234 	0.951646
5.83474 	0.972336
5.83714 	0.992971
5.83954 	1.01355
5.84194 	1.03408
5.84433 	1.05455
5.84673 	1.07496
5.84913 	1.09533
5.85153 	1.11563
5.85393 	1.13589
5.85632 	1.15608
5.85872 	1.17623
5.86112 	1.19632
5.86352 	1.21635
5.86592 	1.23633
5.86831 	1.25626
5.87071 	1.27613
5.87311 	1.29595
5.87551 	1.31571
5.87791 	1.33542
5.8803 	1.35508
5.8827 	1.37468
5.8851 	1.39423
5.8875 	1.41372
5.8899 	1.43316
5.89229 	1.45254
5.89469 	1.47188
5.89709 	1.49115
5.89949 	1.51038
5.90189 	1.52955
5.90428 	1.54867
5.90668 	1.56773
5.90908 	1.58674
5.91148 	1.6057
5.91388 	1.6246
5.91627 	1.64345
5.91867 	1.66225
5.92107 	1.68099
5.92347 	1.69968
5.92587 	1.71832
5.92826 	1.7369
5.93066 	1.75543
5.93306 	1.77391
5.93546 	1.79234
5.93786 	1.81071
5.94025 	1.82903
5.94265 	1.84729
5.94505 	1.86551
5.94745 	1.88367
5.94985 	1.90178
5.95224 	1.91983
5.95464 	1.93784
5.95704 	1.95579
5.95944 	1.97369
5.96184 	1.99153
5.96423 	2.00933
5.96663 	2.02707
5.96903 	2.04476
5.97143 	2.0624
5.97383 	2.07999
5.97622 	2.09752
5.97862 	2.115
5.98102 	2.13243
5.98342 	2.14981
5.98582 	2.16714
5.98821 	2.18441
5.99061 	2.20164
5.99301 	2.21881
5.99541 	2.23593
5.99781 	2.253
6.0002 	2.27002
6.0026 	2.28699
6.005 	2.3039
6.0074 	2.32077
6.0098 	2.33758
6.01219 	2.35434
6.01459 	2.37106
6.01699 	2.38772
6.01939 	2.40433
6.02179 	2.42089
6.02418 	2.4374
6.02658 	2.45386
6.02898 	2.47026
6.03138 	2.48662
6.03378 	2.50293
6.03617 	2.51919
6.03857 	2.53539
6.04097 	2.55155
6.04337 	2.56766
6.04577 	2.58371
6.04816 	2.59972
6.05056 	2.61568
6.05296 	2.63159
6.05536 	2.64744
6.05776 	2.66325
6.06015 	2.67901
6.06255 	2.69472
6.06495 	2.71038
6.06735 	2.72599
6.06975 	2.74155
6.07214 	2.75706
6.07454 	2.77253
6.07694 	2.78794
6.07934 	2.80331
6.08174 	2.81862
6.08413 	2.83389
6.08653 	2.84911
6.08893 	2.86428
6.09133 	2.8794
6.09373 	2.89447
6.09612 	2.9095
6.09852 	2.92448
6.10092 	2.9394
6.10332 	2.95428
6.10572 	2.96912
6.10811 	2.9839
6.11051 	2.99864
6.11291 	3.01332
6.11531 	3.02796
6.11771 	3.04256
6.1201 	3.0571
6.1225 	3.0716
6.1249 	3.08605
6.1273 	3.10045
6.1297 	3.11481
6.13209 	3.12912
6.13449 	3.14338
6.13689 	3.15759
6.13929 	3.17176
6.14169 	3.18588
6.14408 	3.19995
6.14648 	3.21398
6.14888 	3.22796
6.15128 	3.24189
6.15368 	3.25578
6.15607 	3.26962
6.15847 	3.28342
6.16087 	3.29716
6.16327 	3.31087
6.16567 	3.32452
6.16806 	3.33813
6.17046 	3.3517
6.17286 	3.36522
6.17526 	3.37869
6.17766 	3.39212
6.18005 	3.4055
6.18245 	3.41883
6.18485 	3.43212
6.18725 	3.44537
6.18965 	3.45857
6.19204 	3.47172
6.19444 	3.48483
6.19684 	3.4979
6.19924 	3.51092
6.20164 	3.5239
6.20403 	3.53683
6.20643 	3.54971
6.20883 	3.56255
6.21123 	3.57535
6.21363 	3.5881
6.21602 	3.60081
6.21842 	3.61348
6.22082 	3.6261
6.22322 	3.63867
6.22562 	3.65121
6.22801 	3.6637
6.23041 	3.67614
6.23281 	3.68854
6.23521 	3.7009
6.23761 	3.71321
6.24 	3.72548
6.2424 	3.73771
6.2448 	3.7499
6.2472 	3.76204
6.2496 	3.77413
6.25199 	3.78619
6.25439 	3.7982
6.25679 	3.81017
6.25919 	3.8221
6.26159 	3.83398
6.26398 	3.84582
6.26638 	3.85762
6.26878 	3.86938
6.27118 	3.88109
6.27358 	3.89277
6.27597 	3.9044
6.27837 	3.91599
6.28077 	3.92753
6.28317 	3.93904
6.28557 	3.9505
6.28796 	3.96192
6.29036 	3.9733
6.29276 	3.98464
6.29516 	3.99594
6.29756 	4.00719
6.29995 	4.01841
6.30235 	4.02958
6.30475 	4.04071
6.30715 	4.0518
6.30955 	4.06286
6.31194 	4.07387
6.31434 	4.08483
6.31674 	4.09576
6.31914 	4.10665
6.32154 	4.1175
6.32393 	4.12831
6.32633 	4.13907
6.32873 	4.1498
6.33113 	4.16049
6.33353 	4.17114
6.33592 	4.18174
6.33832 	4.19231
6.34072 	4.20284
6.34312 	4.21333
6.34552 	4.22378
6.34791 	4.23419
6.35031 	4.24456
6.35271 	4.25489
6.35511 	4.26518
6.35751 	4.27543
6.3599 	4.28565
6.3623 	4.29582
6.3647 	4.30596
6.3671 	4.31606
6.3695 	4.32612
6.37189 	4.33614
6.37429 	4.34612
6.37669 	4.35606
6.37909 	4.36597
6.38149 	4.37584
6.38388 	4.38567
6.38628 	4.39546
6.38868 	4.40521
6.39108 	4.41493
6.39348 	4.42461
6.39587 	4.43425
6.39827 	4.44385
6.40067 	4.45342
6.40307 	4.46295
6.40547 	4.47244
6.40786 	4.48189
6.41026 	4.49131
6.41266 	4.50069
6.41506 	4.51003
6.41746 	4.51934
6.41985 	4.52861
6.42225 	4.53784
6.42465 	4.54704
6.42705 	4.5562
6.42945 	4.56532
6.43184 	4.57441
6.43424 	4.58346
6.43664 	4.59248
6.43904 	4.60145
6.44144 	4.6104
6.44383 	4.61931
6.44623 	4.62818
6.44863 	4.63701
6.45103 	4.64581
6.45343 	4.65458
6.45582 	4.66331
6.45822 	4.672
6.46062 	4.68066
6.46302 	4.68929
6.46542 	4.69788
6.46781 	4.70643
6.47021 	4.71495
6.47261 	4.72344
6.47501 	4.73189
6.47741 	4.7403
6.4798 	4.74868
6.4822 	4.75703
6.4846 	4.76534
6.487 	4.77362
6.4894 	4.78186
6.49179 	4.79007
6.49419 	4.79825
6.49659 	4.80639
6.49899 	4.8145
6.50139 	4.82257
6.50378 	4.83062
6.50618 	4.83862
6.50858 	4.8466
6.51098 	4.85454
6.51338 	4.86245
6.51577 	4.87032
6.51817 	4.87816
6.52057 	4.88597
6.52297 	4.89375
6.52537 	4.90149
6.52776 	4.9092
6.53016 	4.91687
6.53256 	4.92452
6.53496 	4.93213
6.53736 	4.93971
6.53975 	4.94726
6.54215 	4.95477
6.54455 	4.96226
6.54695 	4.96971
6.54935 	4.97713
6.55174 	4.98451
6.55414 	4.99187
6.55654 	4.99919
6.55894 	5.00649
6.56134 	5.01375
6.56373 	5.02098
6.56613 	5.02817
6.56853 	5.03534
6.57093 	5.04248
6.57333 	5.04958
6.57572 	5.05665
6.57812 	5.0637
6.58052 	5.07071
6.58292 	5.07769
6.58532 	5.08464
6.58771 	5.09156
6.59011 	5.09845
6.59251 	5.1053
6.59491 	5.11213
6.59731 	5.11893
6.5997 	5.1257
6.6021 	5.13244
6.6045 	5.13914
6.6069 	5.14582
6.6093 	5.15247
6.61169 	5.15909
6.61409 	5.16568
6.61649 	5.17223
6.61889 	5.17876
6.62129 	5.18526
6.62368 	5.19173
6.62608 	5.19818
6.62848 	5.20459
6.63088 	5.21097
6.63328 	5.21732
6.63567 	5.22365
6.63807 	5.22995
6.64047 	5.23621
6.64287 	5.24245
6.64527 	5.24866
6.64766 	5.25484
6.65006 	5.261
6.65246 	5.26712
6.65486 	5.27322
6.65726 	5.27929
6.65965 	5.28533
6.66205 	5.29134
6.66445 	5.29732
6.66685 	5.30328
6.66925 	5.30921
6.67164 	5.31511
6.67404 	5.32098
6.67644 	5.32683
6.67884 	5.33264
6.68124 	5.33844
6.68363 	5.3442
6.68603 	5.34993
6.68843 	5.35564
6.69083 	5.36133
6.69323 	5.36698
6.69562 	5.37261
6.69802 	5.37821
6.70042 	5.38378
6.70282 	5.38933
6.70522 	5.39485
6.70761 	5.40035
6.71001 	5.40582
6.71241 	5.41126
6.71481 	5.41667
6.71721 	5.42206
6.7196 	5.42742
6.722 	5.43276
6.7244 	5.43807
6.7268 	5.44336
6.7292 	5.44862
6.73159 	5.45385
6.73399 	5.45906
6.73639 	5.46424
6.73879 	5.4694
6.74119 	5.47453
6.74358 	5.47964
6.74598 	5.48472
6.74838 	5.48977
6.75078 	5.4948
6.75318 	5.49981
6.75557 	5.50479
6.75797 	5.50974
6.76037 	5.51467
6.76277 	5.51958
6.76517 	5.52446
6.76756 	5.52932
6.76996 	5.53415
6.77236 	5.53895
6.77476 	5.54374
6.77716 	5.5485
6.77955 	5.55323
6.78195 	5.55794
6.78435 	5.56263
6.78675 	5.56729
6.78915 	5.57193
6.79154 	5.57654
6.79394 	5.58113
6.79634 	5.5857
6.79874 	5.59024
6.80114 	5.59476
6.80353 	5.59926
6.80593 	5.60373
6.80833 	5.60818
6.81073 	5.61261
6.81313 	5.61701
6.81552 	5.62139
6.81792 	5.62574
6.82032 	5.63008
6.82272 	5.63439
6.82512 	5.63868
6.82751 	5.64294
6.82991 	5.64718
6.83231 	5.6514
6.83471 	5.6556
6.83711 	5.65977
6.8395 	5.66393
6.8419 	5.66806
6.8443 	5.67216
6.8467 	5.67625
6.8491 	5.68031
6.85149 	5.68435
6.85389 	5.68837
6.85629 	5.69237
6.85869 	5.69634
6.86109 	5.7003
6.86348 	5.70423
6.86588 	5.70814
6.86828 	5.71202
6.87068 	5.71589
6.87308 	5.71974
6.87547 	5.72356
6.87787 	5.72736
6.88027 	5.73114
6.88267 	5.7349
6.88507 	5.73864
6.88746 	5.74236
6.88986 	5.74606
6.89226 	5.74973
6.89466 	5.75339
6.89706 	5.75702
6.89945 	5.76064
6.90185 	5.76423
6.90425 	5.7678
6.90665 	5.77135
6.90905 	5.77488
6.91144 	5.7784
6.91384 	5.78189
6.91624 	5.78536
6.91864 	5.78881
6.92104 	5.79224
6.92343 	5.79565
6.92583 	5.79904
6.92823 	5.80241
6.93063 	5.80576
6.93303 	5.80909
6.93542 	5.8124
6.93782 	5.81569
6.94022 	5.81896
6.94262 	5.82221
6.94502 	5.82544
6.94741 	5.82866
6.94981 	5.83185
6.95221 	5.83502
6.95461 	5.83818
6.95701 	5.84131
6.9594 	5.84443
6.9618 	5.84753
6.9642 	5.85061
6.9666 	5.85367
6.969 	5.85671
6.97139 	5.85973
6.97379 	5.86273
6.97619 	5.86572
6.97859 	5.86868
6.98099 	5.87163
6.98338 	5.87456
6.98578 	5.87747
6.98818 	5.88036
6.99058 	5.88324
6.99298 	5.88609
6.99537 	5.88893
6.99777 	5.89175
7.00017 	5.89455
7.00257 	5.89734
7.00497 	5.9001
7.00736 	5.90285
7.00976 	5.90558
7.01216 	5.90829
7.01456 	5.91099
7.01696 	5.91366
7.01935 	5.91632
7.02175 	5.91896
7.02415 	5.92159
7.02655 	5.9242
7.02895 	5.92678
7.03134 	5.92936
7.03374 	5.93191
7.03614 	5.93445
7.03854 	5.93697
7.04094 	5.93947
7.04333 	5.94196
7.04573 	5.94443
7.04813 	5.94688
7.05053 	5.94932
7.05293 	5.95174
7.05532 	5.95414
7.05772 	5.95653
7.06012 	5.9589
7.06252 	5.96125
7.06492 	5.96359
7.06731 	5.96591
7.06971 	5.96821
7.07211 	5.9705
7.07451 	5.97277
7.07691 	5.97502
7.0793 	5.97726
7.0817 	5.97948
7.0841 	5.98169
7.0865 	5.98388
7.0889 	5.98606
7.09129 	5.98821
7.09369 	5.99036
7.09609 	5.99248
7.09849 	5.9946
7.10089 	5.99669
7.10328 	5.99877
7.10568 	6.00084
7.10808 	6.00289
7.11048 	6.00492
7.11288 	6.00694
7.11527 	6.00894
7.11767 	6.01093
7.12007 	6.0129
7.12247 	6.01486
7.12487 	6.0168
7.12726 	6.01873
7.12966 	6.02064
7.13206 	6.02254
7.13446 	6.02442
7.13686 	6.02629
7.13925 	6.02814
7.14165 	6.02998
7.14405 	6.0318
7.14645 	6.03361
7.14885 	6.03541
7.15124 	6.03719
7.15364 	6.03895
7.15604 	6.0407
7.15844 	6.04244
7.16084 	6.04416
7.16323 	6.04587
7.16563 	6.04756
7.16803 	6.04924
7.17043 	6.05091
7.17283 	6.05256
7.17522 	6.05419
7.17762 	6.05582
7.18002 	6.05743
7.18242 	6.05902
7.18482 	6.0606
7.18721 	6.06217
7.18961 	6.06373
7.19201 	6.06527
7.19441 	6.06679
7.19681 	6.06831
7.1992 	6.0698
7.2016 	6.07129
7.204 	6.07276
7.2064 	6.07422
7.2088 	6.07567
7.21119 	6.0771
7.21359 	6.07852
7.21599 	6.07993
7.21839 	6.08132
7.22079 	6.0827
7.22318 	6.08407
7.22558 	6.08542
7.22798 	6.08676
7.23038 	6.08809
7.23278 	6.0894
7.23517 	6.0907
7.23757 	6.09199
7.23997 	6.09327
7.24237 	6.09453
7.24477 	6.09579
7.24716 	6.09702
7.24956 	6.09825
7.25196 	6.09946
7.25436 	6.10067
7.25676 	6.10185
7.25915 	6.10303
7.26155 	6.10419
7.26395 	6.10535
7.26635 	6.10649
7.26875 	6.10761
7.27114 	6.10873
7.27354 	6.10983
7.27594 	6.11092
7.27834 	6.112
7.28074 	6.11307
7.28313 	6.11412
7.28553 	6.11517
7.28793 	6.1162
7.29033 	6.11722
7.29273 	6.11823
7.29512 	6.11922
7.29752 	6.12021
7.29992 	6.12118
7.30232 	6.12214
7.30472 	6.12309
7.30711 	6.12403
7.30951 	6.12496
7.31191 	6.12587
7.31431 	6.12678
7.31671 	6.12767
7.3191 	6.12855
7.3215 	6.12942
7.3239 	6.13028
7.3263 	6.13113
7.3287 	6.13196
7.33109 	6.13279
7.33349 	6.1336
7.33589 	6.13441
7.33829 	6.1352
7.34069 	6.13598
7.34308 	6.13675
7.34548 	6.13751
7.34788 	6.13826
7.35028 	6.139
7.35268 	6.13973
7.35507 	6.14045
7.35747 	6.14115
7.35987 	6.14185
7.36227 	6.14254
7.36467 	6.14321
7.36706 	6.14387
7.36946 	6.14453
7.37186 	6.14517
7.37426 	6.14581
7.37666 	6.14643
7.37905 	6.14704
7.38145 	6.14764
7.38385 	6.14824
7.38625 	6.14882
7.38865 	6.14939
7.39104 	6.14995
7.39344 	6.15051
7.39584 	6.15105
7.39824 	6.15158
7.40064 	6.1521
7.40303 	6.15261
7.40543 	6.15312
7.40783 	6.15361
7.41023 	6.15409
7.41263 	6.15456
7.41502 	6.15503
7.41742 	6.15548
7.41982 	6.15593
7.42222 	6.15636
7.42462 	6.15678
7.42701 	6.1572
7.42941 	6.15761
7.43181 	6.158
7.43421 	6.15839
7.43661 	6.15877
7.439 	6.15914
7.4414 	6.1595
7.4438 	6.15985
7.4462 	6.16019
7.4486 	6.16052
7.45099 	6.16084
7.45339 	6.16115
7.45579 	6.16146
7.45819 	6.16175
7.46059 	6.16204
7.46298 	6.16232
7.46538 	6.16258
7.46778 	6.16284
7.47018 	6.16309
7.47258 	6.16333
7.47497 	6.16357
7.47737 	6.16379
7.47977 	6.16401
7.48217 	6.16421
7.48457 	6.16441
7.48696 	6.1646
7.48936 	6.16478
7.49176 	6.16495
7.49416 	6.16512
7.49656 	6.16527
7.49895 	6.16542
7.50135 	6.16556
7.50375 	6.16569
7.50615 	6.16581
7.50855 	6.16592
7.51094 	6.16602
7.51334 	6.16612
7.51574 	6.16621
7.51814 	6.16629
7.52054 	6.16636
7.52293 	6.16642
7.52533 	6.16648
7.52773 	6.16653
7.53013 	6.16657
7.53253 	6.1666
7.53492 	6.16662
7.53732 	6.16664
7.53972 	6.16665
7.54212 	6.16665
7.54452 	6.16664
7.54691 	6.16662
7.54931 	6.1666
7.55171 	6.16657
7.55411 	6.16653
7.55651 	6.16648
7.5589 	6.16643
7.5613 	6.16636
7.5637 	6.16629
7.5661 	6.16622
7.5685 	6.16613
7.57089 	6.16604
7.57329 	6.16594
7.57569 	6.16583
7.57809 	6.16572
7.58049 	6.1656
7.58288 	6.16547
7.58528 	6.16533
7.58768 	6.16519
7.59008 	6.16503
7.59248 	6.16488
7.59487 	6.16471
7.59727 	6.16454
7.59967 	6.16436
7.60207 	6.16417
7.60447 	6.16397
7.60686 	6.16377
7.60926 	6.16356
7.61166 	6.16335
7.61406 	6.16313
7.61646 	6.1629
7.61885 	6.16266
7.62125 	6.16242
7.62365 	6.16217
7.62605 	6.16191
7.62845 	6.16165
7.63084 	6.16138
7.63324 	6.1611
7.63564 	6.16081
7.63804 	6.16052
7.64044 	6.16023
7.64283 	6.15992
7.64523 	6.15961
7.64763 	6.15929
7.65003 	6.15897
7.65243 	6.15864
7.65482 	6.1583
7.65722 	6.15796
7.65962 	6.15761
7.66202 	6.15725
7.66442 	6.15689
7.66681 	6.15652
7.66921 	6.15615
7.67161 	6.15577
7.67401 	6.15538
7.67641 	6.15498
7.6788 	6.15458
7.6812 	6.15418
7.6836 	6.15376
7.686 	6.15334
7.6884 	6.15292
7.69079 	6.15249
7.69319 	6.15205
7.69559 	6.15161
7.69799 	6.15116
7.70039 	6.1507
7.70278 	6.15024
7.70518 	6.14977
7.70758 	6.1493
7.70998 	6.14882
7.71238 	6.14833
7.71477 	6.14784
7.71717 	6.14735
7.71957 	6.14684
7.72197 	6.14633
7.72437 	6.14582
7.72676 	6.1453
7.72916 	6.14477
7.73156 	6.14424
7.73396 	6.14371
7.73636 	6.14316
7.73875 	6.14261
7.74115 	6.14206
7.74355 	6.1415
7.74595 	6.14094
7.74835 	6.14037
7.75074 	6.13979
7.75314 	6.13921
7.75554 	6.13862
7.75794 	6.13803
7.76034 	6.13743
7.76273 	6.13683
7.76513 	6.13622
7.76753 	6.1356
7.76993 	6.13499
7.77233 	6.13436
7.77472 	6.13373
7.77712 	6.1331
7.77952 	6.13246
7.78192 	6.13181
7.78432 	6.13116
7.78671 	6.1305
7.78911 	6.12984
7.79151 	6.12918
7.79391 	6.12851
7.79631 	6.12783
7.7987 	6.12715
7.8011 	6.12646
7.8035 	6.12577
7.8059 	6.12507
7.8083 	6.12437
7.81069 	6.12367
7.81309 	6.12296
7.81549 	6.12224
7.81789 	6.12152
7.82029 	6.12079
7.82268 	6.12006
7.82508 	6.11933
7.82748 	6.11859
7.82988 	6.11784
7.83228 	6.11709
7.83467 	6.11634
7.83707 	6.11558
7.83947 	6.11482
7.84187 	6.11405
7.84427 	6.11327
7.84666 	6.1125
7.84906 	6.11171
7.85146 	6.11093
7.85386 	6.11014
7.85626 	6.10934
7.85865 	6.10854
7.86105 	6.10774
7.86345 	6.10693
7.86585 	6.10611
7.86825 	6.10529
7.87064 	6.10447
7.87304 	6.10364
7.87544 	6.10281
7.87784 	6.10198
7.88024 	6.10114
7.88263 	6.10029
7.88503 	6.09944
7.88743 	6.09859
7.88983 	6.09773
7.89223 	6.09687
7.89462 	6.09601
7.89702 	6.09514
7.89942 	6.09426
7.90182 	6.09338
7.90422 	6.0925
7.90661 	6.09162
7.90901 	6.09072
7.91141 	6.08983
7.91381 	6.08893
7.91621 	6.08803
7.9186 	6.08712
7.921 	6.08621
7.9234 	6.0853
7.9258 	6.08438
7.9282 	6.08345
7.93059 	6.08253
7.93299 	6.0816
7.93539 	6.08066
7.93779 	6.07972
7.94019 	6.07878
7.94258 	6.07784
7.94498 	6.07688
7.94738 	6.07593
7.94978 	6.07497
7.95218 	6.07401
7.95457 	6.07305
7.95697 	6.07208
7.95937 	6.07111
7.96177 	6.07013
7.96417 	6.06915
7.96656 	6.06817
7.96896 	6.06718
7.97136 	6.06619
7.97376 	6.06519
7.97616 	6.06419
7.97855 	6.06319
7.98095 	6.06219
7.98335 	6.06118
7.98575 	6.06017
7.98815 	6.05915
7.99054 	6.05813
7.99294 	6.05711
7.99534 	6.05608
7.99774 	6.05505
8.00014 	6.05402
8.00253 	6.05298
8.00493 	6.05194
8.00733 	6.0509
8.00973 	6.04985
8.01213 	6.0488
8.01452 	6.04775
8.01692 	6.04669
8.01932 	6.04563
8.02172 	6.04457
8.02412 	6.0435
8.02651 	6.04243
8.02891 	6.04135
8.03131 	6.04028
8.03371 	6.0392
8.03611 	6.03812
8.0385 	6.03703
8.0409 	6.03594
8.0433 	6.03485
8.0457 	6.03375
8.0481 	6.03265
8.05049 	6.03155
8.05289 	6.03045
8.05529 	6.02934
8.05769 	6.02823
8.06009 	6.02711
8.06248 	6.026
8.06488 	6.02488
8.06728 	6.02375
8.06968 	6.02263
8.07208 	6.0215
8.07447 	6.02037
8.07687 	6.01923
8.07927 	6.01809
8.08167 	6.01695
8.08407 	6.01581
8.08646 	6.01466
8.08886 	6.01351
8.09126 	6.01236
8.09366 	6.0112
8.09606 	6.01005
8.09845 	6.00888
8.10085 	6.00772
8.10325 	6.00655
8.10565 	6.00539
8.10805 	6.00421
8.11044 	6.00304
8.11284 	6.00186
8.11524 	6.00068
8.11764 	5.9995
8.12004 	5.99831
8.12243 	5.99712
8.12483 	5.99593
8.12723 	5.99474
8.12963 	5.99354
8.13203 	5.99235
8.13442 	5.99114
8.13682 	5.98994
8.13922 	5.98873
8.14162 	5.98752
8.14402 	5.98631
8.14641 	5.9851
8.14881 	5.98388
8.15121 	5.98266
8.15361 	5.98144
8.15601 	5.98022
8.1584 	5.97899
8.1608 	5.97776
8.1632 	5.97653
8.1656 	5.9753
8.168 	5.97406
8.17039 	5.97282
8.17279 	5.97158
8.17519 	5.97034
8.17759 	5.96909
8.17999 	5.96784
8.18238 	5.96659
8.18478 	5.96534
8.18718 	5.96408
8.18958 	5.96282
8.19198 	5.96156
8.19437 	5.9603
8.19677 	5.95904
8.19917 	5.95777
8.20157 	5.9565
8.20397 	5.95523
8.20636 	5.95396
8.20876 	5.95268
8.21116 	5.9514
8.21356 	5.95012
8.21596 	5.94884
8.21835 	5.94756
8.22075 	5.94627
8.22315 	5.94498
8.22555 	5.94369
8.22795 	5.9424
8.23034 	5.9411
8.23274 	5.9398
8.23514 	5.9385
8.23754 	5.9372
8.23994 	5.9359
8.24233 	5.93459
8.24473 	5.93329
8.24713 	5.93198
8.24953 	5.93067
8.25193 	5.92935
8.25432 	5.92804
8.25672 	5.92672
8.25912 	5.9254
8.26152 	5.92408
8.26392 	5.92276
8.26631 	5.92143
8.26871 	5.9201
8.27111 	5.91877
8.27351 	5.91744
8.27591 	5.91611
8.2783 	5.91477
8.2807 	5.91344
8.2831 	5.9121
8.2855 	5.91076
8.2879 	5.90942
8.29029 	5.90807
8.29269 	5.90673
8.29509 	5.90538
8.29749 	5.90403
8.29989 	5.90268
8.30228 	5.90132
8.30468 	5.89997
8.30708 	5.89861
8.30948 	5.89725
8.31188 	5.89589
8.31427 	5.89453
8.31667 	5.89317
8.31907 	5.8918
8.32147 	5.89044
8.32387 	5.88907
8.32626 	5.8877
8.32866 	5.88633
8.33106 	5.88495
8.33346 	5.88358
8.33586 	5.8822
8.33825 	5.88082
8.34065 	5.87944
8.34305 	5.87806
8.34545 	5.87668
8.34785 	5.87529
8.35024 	5.8739
8.35264 	5.87252
8.35504 	5.87113
8.35744 	5.86973
8.35984 	5.86834
8.36223 	5.86695
8.36463 	5.86555
8.36703 	5.86415
8.36943 	5.86276
8.37183 	5.86136
8.37422 	5.85995
8.37662 	5.85855
8.37902 	5.85715
8.38142 	5.85574
8.38382 	5.85433
8.38621 	5.85292
8.38861 	5.85151
8.39101 	5.8501
8.39341 	5.84869
8.39581 	5.84727
8.3982 	5.84586
8.4006 	5.84444
8.403 	5.84302
8.4054 	5.8416
8.4078 	5.84018
8.41019 	5.83875
8.41259 	5.83733
8.41499 	5.8359
8.41739 	5.83448
8.41979 	5.83305
8.42218 	5.83162
8.42458 	5.83019
8.42698 	5.82876
8.42938 	5.82732
8.43178 	5.82589
8.43417 	5.82445
8.43657 	5.82301
8.43897 	5.82157
8.44137 	5.82013
8.44377 	5.81869
8.44616 	5.81725
8.44856 	5.81581
8.45096 	5.81436
8.45336 	5.81292
8.45576 	5.81147
8.45815 	5.81002
8.46055 	5.80857
8.46295 	5.80712
8.46535 	5.80567
8.46775 	5.80422
8.47014 	5.80276
8.47254 	5.80131
8.47494 	5.79985
8.47734 	5.79839
8.47974 	5.79694
8.48213 	5.79548
8.48453 	5.79401
8.48693 	5.79255
8.48933 	5.79109
8.49173 	5.78963
8.49412 	5.78816
8.49652 	5.78669
8.49892 	5.78523
8.50132 	5.78376
8.50372 	5.78229
8.50611 	5.78082
8.50851 	5.77935
8.51091 	5.77788
8.51331 	5.7764
8.51571 	5.77493
8.5181 	5.77345
8.5205 	5.77198
8.5229 	5.7705
8.5253 	5.76902
8.5277 	5.76754
8.53009 	5.76606
8.53249 	5.76458
8.53489 	5.7631
8.53729 	5.76162
8.53969 	5.76013
8.54208 	5.75865
8.54448 	5.75716
8.54688 	5.75567
8.54928 	5.75419
8.55168 	5.7527
8.55407 	5.75121
8.55647 	5.74972
8.55887 	5.74823
8.56127 	5.74674
8.56367 	5.74524
8.56606 	5.74375
8.56846 	5.74225
8.57086 	5.74076
8.57326 	5.73926
8.57566 	5.73777
8.57805 	5.73627
8.58045 	5.73477
8.58285 	5.73327
8.58525 	5.73177
8.58765 	5.73027
8.59004 	5.72877
8.59244 	5.72726
8.59484 	5.72576
8.59724 	5.72426
8.59964 	5.72275
8.60203 	5.72125
8.60443 	5.71974
8.60683 	5.71823
8.60923 	5.71673
8.61163 	5.71522
8.61402 	5.71371
8.61642 	5.7122
8.61882 	5.71069
8.62122 	5.70918
8.62362 	5.70766
8.62601 	5.70615
8.62841 	5.70464
8.63081 	5.70312
8.63321 	5.70161
8.63561 	5.70009
8.638 	5.69858
8.6404 	5.69706
8.6428 	5.69554
8.6452 	5.69402
8.6476 	5.69251
8.64999 	5.69099
8.65239 	5.68947
8.65479 	5.68795
8.65719 	5.68642
8.65959 	5.6849
8.66198 	5.68338
8.66438 	5.68186
8.66678 	5.68033
8.66918 	5.67881
8.67158 	5.67728
8.67397 	5.67576
8.67637 	5.67423
8.67877 	5.67271
8.68117 	5.67118
8.68357 	5.66965
8.68596 	5.66812
8.68836 	5.66659
8.69076 	5.66507
8.69316 	5.66354
8.69556 	5.66201
8.69795 	5.66048
8.70035 	5.65894
8.70275 	5.65741
8.70515 	5.65588
8.70755 	5.65435
8.70994 	5.65281
8.71234 	5.65128
8.71474 	5.64975
8.71714 	5.64821
8.71954 	5.64668
8.72193 	5.64514
8.72433 	5.6436
8.72673 	5.64207
8.72913 	5.64053
8.73153 	5.63899
8.73392 	5.63746
8.73632 	5.63592
8.73872 	5.63438
8.74112 	5.63284
8.74352 	5.6313
8.74591 	5.62976
8.74831 	5.62822
8.75071 	5.62668
8.75311 	5.62514
8.75551 	5.6236
8.7579 	5.62205
8.7603 	5.62051
8.7627 	5.61897
8.7651 	5.61743
8.7675 	5.61588
8.76989 	5.61434
8.77229 	5.61279
8.77469 	5.61125
8.77709 	5.6097
8.77949 	5.60816
8.78188 	5.60661
8.78428 	5.60507
8.78668 	5.60352
8.78908 	5.60197
8.79148 	5.60043
8.79387 	5.59888
8.79627 	5.59733
8.79867 	5.59578
8.80107 	5.59424
8.80347 	5.59269
8.80586 	5.59114
8.80826 	5.58959
8.81066 	5.58804
8.81306 	5.58649
8.81546 	5.58494
8.81785 	5.58339
8.82025 	5.58184
8.82265 	5.58029
8.82505 	5.57874
8.82745 	5.57719
8.82984 	5.57564
8.83224 	5.57408
8.83464 	5.57253
8.83704 	5.57098
8.83944 	5.56943
8.84183 	5.56788
8.84423 	5.56632
8.84663 	5.56477
8.84903 	5.56322
8.85143 	5.56166
8.85382 	5.56011
8.85622 	5.55856
8.85862 	5.557
8.86102 	5.55545
8.86342 	5.55389
8.86581 	5.55234
8.86821 	5.55078
8.87061 	5.54923
8.87301 	5.54767
8.87541 	5.54612
8.8778 	5.54456
8.8802 	5.54301
8.8826 	5.54145
8.885 	5.53989
8.8874 	5.53834
8.88979 	5.53678
8.89219 	5.53522
8.89459 	5.53367
8.89699 	5.53211
8.89939 	5.53055
8.90178 	5.529
8.90418 	5.52744
8.90658 	5.52588
8.90898 	5.52433
8.91138 	5.52277
8.91377 	5.52121
8.91617 	5.51965
8.91857 	5.5181
8.92097 	5.51654
8.92337 	5.51498
8.92576 	5.51342
8.92816 	5.51186
8.93056 	5.5103
8.93296 	5.50875
8.93536 	5.50719
8.93775 	5.50563
8.94015 	5.50407
8.94255 	5.50251
8.94495 	5.50095
8.94735 	5.49939
8.94974 	5.49784
8.95214 	5.49628
8.95454 	5.49472
8.95694 	5.49316
8.95934 	5.4916
8.96173 	5.49004
8.96413 	5.48848
8.96653 	5.48692
8.96893 	5.48536
8.97133 	5.4838
8.97372 	5.48225
8.97612 	5.48069
8.97852 	5.47913
8.98092 	5.47757
8.98332 	5.47601
8.98571 	5.47445
8.98811 	5.47289
8.99051 	5.47133
8.99291 	5.46977
8.99531 	5.46821
8.9977 	5.46665
9.0001 	5.46509
9.0025 	5.46354
9.0049 	5.46198
9.0073 	5.46042
9.00969 	5.45886
9.01209 	5.4573
9.01449 	5.45574
9.01689 	5.45418
9.01929 	5.45262
9.02168 	5.45106
9.02408 	5.4495
9.02648 	5.44794
9.02888 	5.44639
9.03128 	5.44483
9.03367 	5.44327
9.03607 	5.44171
9.03847 	5.44015
9.04087 	5.43859
9.04327 	5.43703
9.04566 	5.43548
9.04806 	5.43392
9.05046 	5.43236
9.05286 	5.4308
9.05526 	5.42924
9.05765 	5.42769
9.06005 	5.42613
9.06245 	5.42457
9.06485 	5.42301
9.06725 	5.42146
9.06964 	5.4199
9.07204 	5.41834
9.07444 	5.41678
9.07684 	5.41523
9.07924 	5.41367
9.08163 	5.41211
9.08403 	5.41056
9.08643 	5.409
9.08883 	5.40744
9.09123 	5.40589
9.09362 	5.40433
9.09602 	5.40277
9.09842 	5.40122
9.10082 	5.39966
9.10322 	5.39811
9.10561 	5.39655
9.10801 	5.395
9.11041 	5.39344
9.11281 	5.39188
9.11521 	5.39033
9.1176 	5.38877
9.12 	5.38722
9.1224 	5.38567
9.1248 	5.38411
9.1272 	5.38256
9.12959 	5.381
9.13199 	5.37945
9.13439 	5.3779
9.13679 	5.37634
9.13919 	5.37479
9.14158 	5.37324
9.14398 	5.37168
9.14638 	5.37013
9.14878 	5.36858
9.15118 	5.36702
9.15357 	5.36547
9.15597 	5.36392
9.15837 	5.36237
9.16077 	5.36082
9.16317 	5.35927
9.16556 	5.35771
9.16796 	5.35616
9.17036 	5.35461
9.17276 	5.35306
9.17516 	5.35151
9.17755 	5.34996
9.17995 	5.34841
9.18235 	5.34686
9.18475 	5.34531
9.18715 	5.34376
9.18954 	5.34221
9.19194 	5.34067
9.19434 	5.33912
9.19674 	5.33757
9.19914 	5.33602
9.20153 	5.33447
9.20393 	5.33293
9.20633 	5.33138
9.20873 	5.32983
9.21113 	5.32828
9.21352 	5.32674
9.21592 	5.32519
9.21832 	5.32364
9.22072 	5.3221
9.22312 	5.32055
9.22551 	5.31901
9.22791 	5.31746
9.23031 	5.31592
9.23271 	5.31437
9.23511 	5.31283
9.2375 	5.31128
9.2399 	5.30974
9.2423 	5.3082
9.2447 	5.30665
9.2471 	5.30511
9.24949 	5.30357
9.25189 	5.30203
9.25429 	5.30048
9.25669 	5.29894
9.25909 	5.2974
9.26148 	5.29586
9.26388 	5.29432
9.26628 	5.29278
9.26868 	5.29124
9.27108 	5.2897
9.27347 	5.28816
9.27587 	5.28662
9.27827 	5.28508
9.28067 	5.28354
9.28307 	5.282
9.28546 	5.28046
9.28786 	5.27893
9.29026 	5.27739
9.29266 	5.27585
9.29506 	5.27431
9.29745 	5.27278
9.29985 	5.27124
9.30225 	5.2697
9.30465 	5.26817
9.30705 	5.26663
9.30944 	5.2651
9.31184 	5.26356
9.31424 	5.26203
9.31664 	5.2605
9.31904 	5.25896
9.32143 	5.25743
9.32383 	5.2559
9.32623 	5.25436
9.32863 	5.25283
9.33103 	5.2513
9.33342 	5.24977
9.33582 	5.24824
9.33822 	5.2467
9.34062 	5.24517
9.34302 	5.24364
9.34541 	5.24211
9.34781 	5.24058
9.35021 	5.23905
9.35261 	5.23753
9.35501 	5.236
9.3574 	5.23447
9.3598 	5.23294
9.3622 	5.23141
9.3646 	5.22989
9.367 	5.22836
9.36939 	5.22683
9.37179 	5.22531
9.37419 	5.22378
9.37659 	5.22226
9.37899 	5.22073
9.38138 	5.21921
9.38378 	5.21768
9.38618 	5.21616
9.38858 	5.21464
9.39098 	5.21311
9.39337 	5.21159
9.39577 	5.21007
9.39817 	5.20855
9.40057 	5.20703
9.40297 	5.2055
9.40536 	5.20398
9.40776 	5.20246
9.41016 	5.20094
9.41256 	5.19942
9.41496 	5.19791
9.41735 	5.19639
9.41975 	5.19487
9.42215 	5.19335
9.42455 	5.19183
9.42695 	5.19032
9.42934 	5.1888
9.43174 	5.18728
9.43414 	5.18577
9.43654 	5.18425
9.43894 	5.18274
9.44133 	5.18122
9.44373 	5.17971
9.44613 	5.17819
9.44853 	5.17668
9.45093 	5.17517
9.45332 	5.17365
9.45572 	5.17214
9.45812 	5.17063
9.46052 	5.16912
9.46292 	5.16761
9.46531 	5.1661
9.46771 	5.16459
9.47011 	5.16308
9.47251 	5.16157
9.47491 	5.16006
9.4773 	5.15855
9.4797 	5.15704
9.4821 	5.15554
9.4845 	5.15403
9.4869 	5.15252
9.48929 	5.15102
9.49169 	5.14951
9.49409 	5.14801
9.49649 	5.1465
9.49889 	5.145
9.50128 	5.14349
9.50368 	5.14199
9.50608 	5.14049
9.50848 	5.13898
9.51088 	5.13748
9.51327 	5.13598
9.51567 	5.13448
9.51807 	5.13298
9.52047 	5.13148
9.52287 	5.12998
9.52526 	5.12848
9.52766 	5.12698
9.53006 	5.12548
9.53246 	5.12398
9.53486 	5.12249
9.53725 	5.12099
9.53965 	5.11949
9.54205 	5.118
9.54445 	5.1165
9.54685 	5.115
9.54924 	5.11351
9.55164 	5.11202
9.55404 	5.11052
9.55644 	5.10903
9.55884 	5.10753
9.56123 	5.10604
9.56363 	5.10455
9.56603 	5.10306
9.56843 	5.10157
9.57083 	5.10008
9.57322 	5.09859
9.57562 	5.0971
9.57802 	5.09561
9.58042 	5.09412
9.58282 	5.09263
9.58521 	5.09114
9.58761 	5.08966
9.59001 	5.08817
9.59241 	5.08668
9.59481 	5.0852
9.5972 	5.08371
9.5996 	5.08223
9.602 	5.08074
9.6044 	5.07926
9.6068 	5.07777
9.60919 	5.07629
9.61159 	5.07481
9.61399 	5.07333
9.61639 	5.07185
9.61879 	5.07036
9.62118 	5.06888
9.62358 	5.0674
9.62598 	5.06592
9.62838 	5.06445
9.63078 	5.06297
9.63317 	5.06149
9.63557 	5.06001
9.63797 	5.05853
9.64037 	5.05706
9.64277 	5.05558
9.64516 	5.05411
9.64756 	5.05263
9.64996 	5.05116
9.65236 	5.04968
9.65476 	5.04821
9.65715 	5.04674
9.65955 	5.04526
9.66195 	5.04379
9.66435 	5.04232
9.66675 	5.04085
9.66914 	5.03938
9.67154 	5.03791
9.67394 	5.03644
9.67634 	5.03497
9.67874 	5.0335
9.68113 	5.03204
9.68353 	5.03057
9.68593 	5.0291
9.68833 	5.02763
9.69073 	5.02617
9.69312 	5.0247
9.69552 	5.02324
9.69792 	5.02177
9.70032 	5.02031
9.70272 	5.01885
9.70511 	5.01738
9.70751 	5.01592
9.70991 	5.01446
9.71231 	5.013
9.71471 	5.01154
9.7171 	5.01008
9.7195 	5.00862
9.7219 	5.00716
9.7243 	5.0057
9.7267 	5.00424
9.72909 	5.00279
9.73149 	5.00133
9.73389 	4.99987
9.73629 	4.99842
9.73869 	4.99696
9.74108 	4.99551
9.74348 	4.99405
9.74588 	4.9926
9.74828 	4.99115
9.75068 	4.98969
9.75307 	4.98824
9.75547 	4.98679
9.75787 	4.98534
9.76027 	4.98389
9.76267 	4.98244
9.76506 	4.98099
9.76746 	4.97954
9.76986 	4.97809
9.77226 	4.97664
9.77466 	4.97519
9.77705 	4.97375
9.77945 	4.9723
9.78185 	4.97086
9.78425 	4.96941
9.78665 	4.96797
9.78904 	4.96652
9.79144 	4.96508
9.79384 	4.96364
9.79624 	4.96219
9.79864 	4.96075
9.80103 	4.95931
9.80343 	4.95787
9.80583 	4.95643
9.80823 	4.95499
9.81063 	4.95355
9.81302 	4.95211
9.81542 	4.95067
9.81782 	4.94924
9.82022 	4.9478
9.82262 	4.94636
9.82501 	4.94493
9.82741 	4.94349
9.82981 	4.94206
9.83221 	4.94062
9.83461 	4.93919
9.837 	4.93776
9.8394 	4.93632
9.8418 	4.93489
9.8442 	4.93346
9.8466 	4.93203
9.84899 	4.9306
9.85139 	4.92917
9.85379 	4.92774
9.85619 	4.92631
9.85859 	4.92488
9.86098 	4.92345
9.86338 	4.92203
9.86578 	4.9206
9.86818 	4.91917
9.87058 	4.91775
9.87297 	4.91632
9.87537 	4.9149
9.87777 	4.91348
9.88017 	4.91205
9.88257 	4.91063
9.88496 	4.90921
9.88736 	4.90779
9.88976 	4.90637
9.89216 	4.90495
9.89456 	4.90353
9.89695 	4.90211
9.89935 	4.90069
9.90175 	4.89927
9.90415 	4.89785
9.90655 	4.89644
9.90894 	4.89502
9.91134 	4.8936
9.91374 	4.89219
9.91614 	4.89077
9.91854 	4.88936
9.92093 	4.88795
9.92333 	4.88653
9.92573 	4.88512
9.92813 	4.88371
9.93053 	4.8823
9.93292 	4.88089
9.93532 	4.87948
9.93772 	4.87807
9.94012 	4.87666
9.94252 	4.87525
9.94491 	4.87384
9.94731 	4.87244
9.94971 	4.87103
9.95211 	4.86962
9.95451 	4.86822
9.9569 	4.86681
9.9593 	4.86541
9.9617 	4.864
9.9641 	4.8626
9.9665 	4.8612
9.96889 	4.8598
9.97129 	4.85839
9.97369 	4.85699
9.97609 	4.85559
9.97849 	4.85419
9.98088 	4.85279
9.98328 	4.8514
9.98568 	4.85
9.98808 	4.8486
9.99048 	4.8472
9.99287 	4.84581
9.99527 	4.84441
9.99767 	4.84302
10.0001 	4.84162
10.0025 	4.84023
10.0049 	4.83883
10.0073 	4.83744
10.0097 	4.83605
10.0121 	4.83466
10.0145 	4.83327
10.0169 	4.83188
10.0193 	4.83049
10.0216 	4.8291
10.024 	4.82771
10.0264 	4.82632
10.0288 	4.82493
10.0312 	4.82354
10.0336 	4.82216
10.036 	4.82077
10.0384 	4.81939
10.0408 	4.818
10.0432 	4.81662
10.0456 	4.81523
10.048 	4.81385
10.0504 	4.81247
10.0528 	4.81109
10.0552 	4.80971
10.0576 	4.80833
10.06 	4.80695
10.0624 	4.80557
10.0648 	4.80419
10.0672 	4.80281
10.0696 	4.80143
10.072 	4.80005
10.0744 	4.79868
10.0768 	4.7973
10.0792 	4.79593
10.0816 	4.79455
10.084 	4.79318
10.0864 	4.7918
10.0888 	4.79043
10.0912 	4.78906
10.0936 	4.78769
10.096 	4.78631
10.0984 	4.78494
10.1008 	4.78357
10.1032 	4.7822
10.1056 	4.78083
10.108 	4.77947
10.1104 	4.7781
10.1128 	4.77673
10.1152 	4.77536
10.1176 	4.774
10.12 	4.77263
10.1224 	4.77127
10.1248 	4.7699
10.1272 	4.76854
10.1296 	4.76718
10.132 	4.76582
10.1344 	4.76445
10.1368 	4.76309
10.1392 	4.76173
10.1416 	4.76037
10.1439 	4.75901
10.1463 	4.75765
10.1487 	4.75629
10.1511 	4.75494
10.1535 	4.75358
10.1559 	4.75222
10.1583 	4.75087
10.1607 	4.74951
10.1631 	4.74816
10.1655 	4.7468
10.1679 	4.74545
10.1703 	4.7441
10.1727 	4.74274
10.1751 	4.74139
10.1775 	4.74004
10.1799 	4.73869
10.1823 	4.73734
10.1847 	4.73599
10.1871 	4.73464
10.1895 	4.73329
10.1919 	4.73194
10.1943 	4.7306
10.1967 	4.72925
10.1991 	4.72791
10.2015 	4.72656
10.2039 	4.72521
10.2063 	4.72387
10.2087 	4.72253
10.2111 	4.72118
10.2135 	4.71984
10.2159 	4.7185
10.2183 	4.71716
10.2207 	4.71582
10.2231 	4.71448
10.2255 	4.71314
10.2279 	4.7118
10.2303 	4.71046
10.2327 	4.70912
10.2351 	4.70779
10.2375 	4.70645
10.2399 	4.70511
10.2423 	4.70378
10.2447 	4.70244
10.2471 	4.70111
10.2495 	4.69978
10.2519 	4.69844
10.2543 	4.69711
10.2567 	4.69578
10.2591 	4.69445
10.2614 	4.69312
10.2638 	4.69179
10.2662 	4.69046
10.2686 	4.68913
10.271 	4.6878
10.2734 	4.68647
10.2758 	4.68515
10.2782 	4.68382
10.2806 	4.68249
10.283 	4.68117
10.2854 	4.67985
10.2878 	4.67852
10.2902 	4.6772
10.2926 	4.67587
10.295 	4.67455
10.2974 	4.67323
10.2998 	4.67191
10.3022 	4.67059
10.3046 	4.66927
10.307 	4.66795
10.3094 	4.66663
10.3118 	4.66531
10.3142 	4.664
10.3166 	4.66268
10.319 	4.66136
10.3214 	4.66005
10.3238 	4.65873
10.3262 	4.65742
10.3286 	4.6561
10.331 	4.65479
10.3334 	4.65348
10.3358 	4.65216
10.3382 	4.65085
10.3406 	4.64954
10.343 	4.64823
10.3454 	4.64692
10.3478 	4.64561
10.3502 	4.6443
10.3526 	4.643
10.355 	4.64169
10.3574 	4.64038
10.3598 	4.63908
10.3622 	4.63777
10.3646 	4.63647
10.367 	4.63516
10.3694 	4.63386
10.3718 	4.63255
10.3742 	4.63125
10.3766 	4.62995
10.379 	4.62865
10.3813 	4.62735
10.3837 	4.62605
10.3861 	4.62475
10.3885 	4.62345
10.3909 	4.62215
10.3933 	4.62085
10.3957 	4.61955
10.3981 	4.61826
10.4005 	4.61696
10.4029 	4.61566
10.4053 	4.61437
10.4077 	4.61308
10.4101 	4.61178
10.4125 	4.61049
10.4149 	4.6092
10.4173 	4.6079
10.4197 	4.60661
10.4221 	4.60532
10.4245 	4.60403
10.4269 	4.60274
10.4293 	4.60145
10.4317 	4.60016
10.4341 	4.59888
10.4365 	4.59759
10.4389 	4.5963
10.4413 	4.59502
10.4437 	4.59373
10.4461 	4.59245
10.4485 	4.59116
10.4509 	4.58988
10.4533 	4.58859
10.4557 	4.58731
10.4581 	4.58603
10.4605 	4.58475
10.4629 	4.58347
10.4653 	4.58219
10.4677 	4.58091
10.4701 	4.57963
10.4725 	4.57835
10.4749 	4.57707
10.4773 	4.57579
10.4797 	4.57452
10.4821 	4.57324
10.4845 	4.57197
10.4869 	4.57069
10.4893 	4.56942
10.4917 	4.56814
10.4941 	4.56687
10.4965 	4.5656
10.4989 	4.56433
10.5013 	4.56305
10.5036 	4.56178
10.506 	4.56051
10.5084 	4.55924
10.5108 	4.55797
10.5132 	4.55671
10.5156 	4.55544
10.518 	4.55417
10.5204 	4.5529
10.5228 	4.55164
10.5252 	4.55037
10.5276 	4.54911
10.53 	4.54784
10.5324 	4.54658
10.5348 	4.54532
10.5372 	4.54405
10.5396 	4.54279
10.542 	4.54153
10.5444 	4.54027
10.5468 	4.53901
10.5492 	4.53775
10.5516 	4.53649
10.554 	4.53523
10.5564 	4.53397
10.5588 	4.53272
10.5612 	4.53146
10.5636 	4.5302
10.566 	4.52895
10.5684 	4.52769
10.5708 	4.52644
10.5732 	4.52519
10.5756 	4.52393
10.578 	4.52268
10.5804 	4.52143
10.5828 	4.52018
10.5852 	4.51893
10.5876 	4.51767
10.59 	4.51643
10.5924 	4.51518
10.5948 	4.51393
10.5972 	4.51268
10.5996 	4.51143
10.602 	4.51019
10.6044 	4.50894
10.6068 	4.50769
10.6092 	4.50645
10.6116 	4.5052
10.614 	4.50396
10.6164 	4.50272
10.6188 	4.50147
10.6212 	4.50023
10.6235 	4.49899
10.6259 	4.49775
10.6283 	4.49651
10.6307 	4.49527
10.6331 	4.49403
10.6355 	4.49279
10.6379 	4.49155
10.6403 	4.49032
10.6427 	4.48908
10.6451 	4.48784
10.6475 	4.48661
10.6499 	4.48537
10.6523 	4.48414
10.6547 	4.4829
10.6571 	4.48167
10.6595 	4.48044
10.6619 	4.4792
10.6643 	4.47797
10.6667 	4.47674
10.6691 	4.47551
10.6715 	4.47428
10.6739 	4.47305
10.6763 	4.47182
10.6787 	4.47059
10.6811 	4.46937
10.6835 	4.46814
10.6859 	4.46691
10.6883 	4.46569
10.6907 	4.46446
10.6931 	4.46324
10.6955 	4.46201
10.6979 	4.46079
10.7003 	4.45957
10.7027 	4.45834
10.7051 	4.45712
10.7075 	4.4559
10.7099 	4.45468
10.7123 	4.45346
10.7147 	4.45224
10.7171 	4.45102
10.7195 	4.4498
10.7219 	4.44858
10.7243 	4.44737
10.7267 	4.44615
10.7291 	4.44493
10.7315 	4.44372
10.7339 	4.4425
10.7363 	4.44129
10.7387 	4.44008
10.741 	4.43886
10.7434 	4.43765
10.7458 	4.43644
10.7482 	4.43523
10.7506 	4.43402
10.753 	4.4328
10.7554 	4.43159
10.7578 	4.43039
10.7602 	4.42918
10.7626 	4.42797
10.765 	4.42676
10.7674 	4.42555
10.7698 	4.42435
10.7722 	4.42314
10.7746 	4.42194
10.777 	4.42073
10.7794 	4.41953
10.7818 	4.41832
10.7842 	4.41712
10.7866 	4.41592
10.789 	4.41472
10.7914 	4.41352
10.7938 	4.41232
10.7962 	4.41111
10.7986 	4.40992
10.801 	4.40872
10.8034 	4.40752
10.8058 	4.40632
10.8082 	4.40512
10.8106 	4.40393
10.813 	4.40273
10.8154 	4.40153
10.8178 	4.40034
10.8202 	4.39914
10.8226 	4.39795
10.825 	4.39676
10.8274 	4.39556
10.8298 	4.39437
10.8322 	4.39318
10.8346 	4.39199
10.837 	4.3908
10.8394 	4.38961
10.8418 	4.38842
10.8442 	4.38723
10.8466 	4.38604
10.849 	4.38485
10.8514 	4.38367
10.8538 	4.38248
10.8562 	4.38129
10.8586 	4.38011
10.8609 	4.37892
10.8633 	4.37774
10.8657 	4.37656
10.8681 	4.37537
10.8705 	4.37419
10.8729 	4.37301
10.8753 	4.37183
10.8777 	4.37065
10.8801 	4.36947
10.8825 	4.36829
10.8849 	4.36711
10.8873 	4.36593
10.8897 	4.36475
10.8921 	4.36357
10.8945 	4.36239
10.8969 	4.36122
10.8993 	4.36004
10.9017 	4.35887
10.9041 	4.35769
10.9065 	4.35652
10.9089 	4.35534
10.9113 	4.35417
10.9137 	4.353
10.9161 	4.35183
10.9185 	4.35066
10.9209 	4.34948
10.9233 	4.34831
10.9257 	4.34714
10.9281 	4.34597
10.9305 	4.34481
10.9329 	4.34364
10.9353 	4.34247
10.9377 	4.3413
10.9401 	4.34014
10.9425 	4.33897
10.9449 	4.33781
10.9473 	4.33664
10.9497 	4.33548
10.9521 	4.33431
10.9545 	4.33315
10.9569 	4.33199
10.9593 	4.33082
10.9617 	4.32966
10.9641 	4.3285
10.9665 	4.32734
10.9689 	4.32618
10.9713 	4.32502
10.9737 	4.32386
10.9761 	4.32271
10.9785 	4.32155
10.9809 	4.32039
10.9832 	4.31923
10.9856 	4.31808
10.988 	4.31692
10.9904 	4.31577
10.9928 	4.31461
10.9952 	4.31346
10.9976 	4.31231
11 	4.31115
11.0024 	4.31
11.0048 	4.30885
11.0072 	4.3077
11.0096 	4.30655
11.012 	4.3054
11.0144 	4.30425
11.0168 	4.3031
11.0192 	4.30195
11.0216 	4.30081
11.024 	4.29966
11.0264 	4.29851
11.0288 	4.29737
11.0312 	4.29622
11.0336 	4.29507
11.036 	4.29393
11.0384 	4.29279
11.0408 	4.29164
11.0432 	4.2905
11.0456 	4.28936
11.048 	4.28822
11.0504 	4.28707
11.0528 	4.28593
11.0552 	4.28479
11.0576 	4.28365
11.06 	4.28252
11.0624 	4.28138
11.0648 	4.28024
11.0672 	4.2791
11.0696 	4.27796
11.072 	4.27683
11.0744 	4.27569
11.0768 	4.27456
11.0792 	4.27342
11.0816 	4.27229
11.084 	4.27115
11.0864 	4.27002
11.0888 	4.26889
11.0912 	4.26776
11.0936 	4.26663
11.096 	4.26549
11.0984 	4.26436
11.1007 	4.26323
11.1031 	4.26211
11.1055 	4.26098
11.1079 	4.25985
11.1103 	4.25872
11.1127 	4.25759
11.1151 	4.25647
11.1175 	4.25534
11.1199 	4.25422
11.1223 	4.25309
11.1247 	4.25197
11.1271 	4.25084
11.1295 	4.24972
11.1319 	4.2486
11.1343 	4.24747
11.1367 	4.24635
11.1391 	4.24523
11.1415 	4.24411
11.1439 	4.24299
11.1463 	4.24187
11.1487 	4.24075
11.1511 	4.23963
11.1535 	4.23851
11.1559 	4.2374
11.1583 	4.23628
11.1607 	4.23516
11.1631 	4.23405
11.1655 	4.23293
11.1679 	4.23182
11.1703 	4.2307
11.1727 	4.22959
11.1751 	4.22847
11.1775 	4.22736
11.1799 	4.22625
11.1823 	4.22514
11.1847 	4.22403
11.1871 	4.22292
11.1895 	4.22181
11.1919 	4.2207
11.1943 	4.21959
11.1967 	4.21848
11.1991 	4.21737
11.2015 	4.21626
11.2039 	4.21516
11.2063 	4.21405
11.2087 	4.21294
11.2111 	4.21184
11.2135 	4.21073
11.2159 	4.20963
11.2183 	4.20853
11.2206 	4.20742
11.223 	4.20632
11.2254 	4.20522
11.2278 	4.20412
11.2302 	4.20302
11.2326 	4.20191
11.235 	4.20081
11.2374 	4.19971
11.2398 	4.19862
11.2422 	4.19752
11.2446 	4.19642
11.247 	4.19532
11.2494 	4.19422
11.2518 	4.19313
11.2542 	4.19203
11.2566 	4.19094
11.259 	4.18984
11.2614 	4.18875
11.2638 	4.18765
11.2662 	4.18656
11.2686 	4.18547
11.271 	4.18438
11.2734 	4.18328
11.2758 	4.18219
11.2782 	4.1811
11.2806 	4.18001
11.283 	4.17892
11.2854 	4.17783
11.2878 	4.17674
11.2902 	4.17566
11.2926 	4.17457
11.295 	4.17348
11.2974 	4.17239
11.2998 	4.17131
11.3022 	4.17022
11.3046 	4.16914
11.307 	4.16805
11.3094 	4.16697
11.3118 	4.16589
11.3142 	4.1648
11.3166 	4.16372
11.319 	4.16264
11.3214 	4.16156
11.3238 	4.16048
11.3262 	4.1594
11.3286 	4.15832
11.331 	4.15724
11.3334 	4.15616
11.3358 	4.15508
11.3382 	4.154
11.3406 	4.15292
11.3429 	4.15185
11.3453 	4.15077
11.3477 	4.14969
11.3501 	4.14862
11.3525 	4.14754
11.3549 	4.14647
11.3573 	4.1454
11.3597 	4.14432
11.3621 	4.14325
11.3645 	4.14218
11.3669 	4.14111
11.3693 	4.14004
11.3717 	4.13896
11.3741 	4.13789
11.3765 	4.13682
11.3789 	4.13576
11.3813 	4.13469
11.3837 	4.13362
11.3861 	4.13255
11.3885 	4.13148
11.3909 	4.13042
11.3933 	4.12935
11.3957 	4.12829
11.3981 	4.12722
11.4005 	4.12616
11.4029 	4.12509
11.4053 	4.12403
11.4077 	4.12296
11.4101 	4.1219
11.4125 	4.12084
11.4149 	4.11978
11.4173 	4.11872
11.4197 	4.11766
11.4221 	4.1166
11.4245 	4.11554
11.4269 	4.11448
11.4293 	4.11342
11.4317 	4.11236
11.4341 	4.1113
11.4365 	4.11025
11.4389 	4.10919
11.4413 	4.10813
11.4437 	4.10708
11.4461 	4.10602
11.4485 	4.10497
11.4509 	4.10391
11.4533 	4.10286
11.4557 	4.10181
11.4581 	4.10075
11.4604 	4.0997
11.4628 	4.09865
11.4652 	4.0976
11.4676 	4.09655
11.47 	4.0955
11.4724 	4.09445
11.4748 	4.0934
11.4772 	4.09235
11.4796 	4.0913
11.482 	4.09026
11.4844 	4.08921
11.4868 	4.08816
11.4892 	4.08712
11.4916 	4.08607
11.494 	4.08503
11.4964 	4.08398
11.4988 	4.08294
11.5012 	4.08189
11.5036 	4.08085
11.506 	4.07981
11.5084 	4.07876
11.5108 	4.07772
11.5132 	4.07668
11.5156 	4.07564
11.518 	4.0746
11.5204 	4.07356
11.5228 	4.07252
11.5252 	4.07148
11.5276 	4.07044
11.53 	4.06941
11.5324 	4.06837
11.5348 	4.06733
11.5372 	4.0663
11.5396 	4.06526
11.542 	4.06423
11.5444 	4.06319
11.5468 	4.06216
11.5492 	4.06112
11.5516 	4.06009
11.554 	4.05906
11.5564 	4.05802
11.5588 	4.05699
11.5612 	4.05596
11.5636 	4.05493
11.566 	4.0539
11.5684 	4.05287
11.5708 	4.05184
11.5732 	4.05081
11.5756 	4.04978
11.578 	4.04875
11.5803 	4.04773
11.5827 	4.0467
11.5851 	4.04567
11.5875 	4.04465
11.5899 	4.04362
11.5923 	4.0426
11.5947 	4.04157
11.5971 	4.04055
11.5995 	4.03952
11.6019 	4.0385
11.6043 	4.03748
11.6067 	4.03646
11.6091 	4.03543
11.6115 	4.03441
11.6139 	4.03339
11.6163 	4.03237
11.6187 	4.03135
11.6211 	4.03033
11.6235 	4.02931
11.6259 	4.02829
11.6283 	4.02728
11.6307 	4.02626
11.6331 	4.02524
11.6355 	4.02423
11.6379 	4.02321
11.6403 	4.02219
11.6427 	4.02118
11.6451 	4.02016
11.6475 	4.01915
11.6499 	4.01814
11.6523 	4.01712
11.6547 	4.01611
11.6571 	4.0151
11.6595 	4.01409
11.6619 	4.01308
11.6643 	4.01207
11.6667 	4.01105
11.6691 	4.01004
11.6715 	4.00904
11.6739 	4.00803
11.6763 	4.00702
11.6787 	4.00601
11.6811 	4.005
11.6835 	4.004
11.6859 	4.00299
11.6883 	4.00198
11.6907 	4.00098
11.6931 	3.99997
11.6955 	3.99897
11.6979 	3.99796
11.7003 	3.99696
11.7026 	3.99596
11.705 	3.99495
11.7074 	3.99395
11.7098 	3.99295
11.7122 	3.99195
11.7146 	3.99095
11.717 	3.98995
11.7194 	3.98895
11.7218 	3.98795
11.7242 	3.98695
11.7266 	3.98595
11.729 	3.98495
11.7314 	3.98395
11.7338 	3.98296
11.7362 	3.98196
11.7386 	3.98097
11.741 	3.97997
11.7434 	3.97897
11.7458 	3.97798
11.7482 	3.97698
11.7506 	3.97599
11.753 	3.975
11.7554 	3.974
11.7578 	3.97301
11.7602 	3.97202
11.7626 	3.97103
11.765 	3.97004
11.7674 	3.96905
11.7698 	3.96806
11.7722 	3.96707
11.7746 	3.96608
11.777 	3.96509
11.7794 	3.9641
11.7818 	3.96311
11.7842 	3.96213
11.7866 	3.96114
11.789 	3.96015
11.7914 	3.95917
11.7938 	3.95818
11.7962 	3.9572
11.7986 	3.95621
11.801 	3.95523
11.8034 	3.95424
11.8058 	3.95326
11.8082 	3.95228
11.8106 	3.95129
11.813 	3.95031
11.8154 	3.94933
11.8178 	3.94835
11.8201 	3.94737
11.8225 	3.94639
11.8249 	3.94541
11.8273 	3.94443
11.8297 	3.94345
11.8321 	3.94247
11.8345 	3.9415
11.8369 	3.94052
11.8393 	3.93954
11.8417 	3.93857
11.8441 	3.93759
11.8465 	3.93661
11.8489 	3.93564
11.8513 	3.93466
11.8537 	3.93369
11.8561 	3.93272
11.8585 	3.93174
11.8609 	3.93077
11.8633 	3.9298
11.8657 	3.92883
11.8681 	3.92786
11.8705 	3.92688
11.8729 	3.92591
11.8753 	3.92494
11.8777 	3.92397
11.8801 	3.92301
11.8825 	3.92204
11.8849 	3.92107
11.8873 	3.9201
11.8897 	3.91913
11.8921 	3.91817
11.8945 	3.9172
11.8969 	3.91623
11.8993 	3.91527
11.9017 	3.9143
11.9041 	3.91334
11.9065 	3.91237
11.9089 	3.91141
11.9113 	3.91045
11.9137 	3.90948
11.9161 	3.90852
11.9185 	3.90756
11.9209 	3.9066
11.9233 	3.90564
11.9257 	3.90468
11.9281 	3.90372
11.9305 	3.90276
11.9329 	3.9018
11.9353 	3.90084
11.9377 	3.89988
11.94 	3.89892
11.9424 	3.89796
11.9448 	3.89701
11.9472 	3.89605
11.9496 	3.89509
11.952 	3.89414
11.9544 	3.89318
11.9568 	3.89223
11.9592 	3.89127
11.9616 	3.89032
11.964 	3.88937
11.9664 	3.88841
11.9688 	3.88746
11.9712 	3.88651
11.9736 	3.88556
11.976 	3.8846
11.9784 	3.88365
11.9808 	3.8827
11.9832 	3.88175
11.9856 	3.8808
11.988 	3.87985
11.9904 	3.87891
11.9928 	3.87796
11.9952 	3.87701
11.9976 	3.87606
