# Mass = 0.0480256 Mev*(hbarc)^2/2 
# R = 7.46549 fm 
# a = 0.662 fm 
# V0 = 45.1828 MeV 
# RSO = 6.87299 fm 
# aSO = 0.662 fm 
# VSO = 27.9403 MeV fm^2
# l = 4 
# two_j = 7 
# two_t = -1 
# Energy = -18.2077 MeV
# r 	 V_eff [2m/hbar/hbar]
0.01 	4.1644e+06
0.012398 	2.70923e+06
0.014796 	1.90221e+06
0.017194 	1.4086e+06
0.019592 	1.08488e+06
0.02199 	861160
0.024388 	700126
0.026786 	580373
0.029184 	488908
0.031582 	417475
0.03398 	360625
0.036378 	314642
0.038776 	276924
0.041174 	245601
0.043572 	219307
0.04597 	197019
0.048368 	177963
0.050766 	161544
0.053164 	147295
0.055562 	134852
0.05796 	123920
0.060358 	114266
0.062756 	105697
0.065154 	98056.1
0.067552 	91214.9
0.06995 	85065
0.072348 	79516.5
0.074746 	74493.4
0.077144 	69931.4
0.079542 	65775.8
0.08194 	61979.6
0.084338 	58502.6
0.086736 	55310
0.089134 	52371.6
0.091532 	49661.1
0.09393 	47155.5
0.096328 	44834.7
0.098726 	42681
0.101124 	40678.7
0.103522 	38813.8
0.10592 	37074.2
0.108318 	35448.9
0.110716 	33928
0.113114 	32502.8
0.115512 	31165.5
0.11791 	29908.9
0.120308 	28726.7
0.122706 	27613.1
0.125104 	26563
0.127502 	25571.5
0.1299 	24634.5
0.132298 	23747.9
0.134696 	22908.3
0.137094 	22112.3
0.139492 	21357
0.14189 	20639.7
0.144288 	19957.9
0.146686 	19309.2
0.149084 	18691.6
0.151482 	18103.1
0.15388 	17541.9
0.156278 	17006.3
0.158676 	16494.8
0.161074 	16006
0.163472 	15538.5
0.16587 	15091.2
0.168268 	14662.8
0.170666 	14252.4
0.173064 	13859
0.175462 	13481.5
0.17786 	13119.2
0.180258 	12771.3
0.182656 	12437
0.185054 	12115.6
0.187452 	11806.4
0.18985 	11508.9
0.192248 	11222.5
0.194646 	10946.6
0.197044 	10680.7
0.199442 	10424.3
0.20184 	10177
0.204238 	9938.36
0.206636 	9707.99
0.209034 	9485.5
0.211432 	9270.54
0.21383 	9062.77
0.216228 	8861.87
0.218626 	8667.55
0.221024 	8479.52
0.223422 	8297.51
0.22582 	8121.26
0.228218 	7950.55
0.230616 	7785.13
0.233014 	7624.79
0.235412 	7469.33
0.23781 	7318.55
0.240208 	7172.26
0.242606 	7030.28
0.245004 	6892.46
0.247402 	6758.62
0.2498 	6628.62
0.252198 	6502.31
0.254596 	6379.55
0.256994 	6260.21
0.259392 	6144.17
0.26179 	6031.3
0.264188 	5921.49
0.266586 	5814.63
0.268984 	5710.61
0.271382 	5609.34
0.27378 	5510.72
0.276178 	5414.66
0.278576 	5321.07
0.280974 	5229.86
0.283372 	5140.96
0.28577 	5054.29
0.288168 	4969.77
0.290566 	4887.34
0.292964 	4806.92
0.295362 	4728.45
0.29776 	4651.87
0.300158 	4577.12
0.302556 	4504.14
0.304954 	4432.88
0.307352 	4363.27
0.30975 	4295.28
0.312148 	4228.85
0.314546 	4163.93
0.316944 	4100.48
0.319342 	4038.45
0.32174 	3977.8
0.324138 	3918.5
0.326536 	3860.5
0.328934 	3803.76
0.331332 	3748.25
0.33373 	3693.93
0.336128 	3640.77
0.338526 	3588.73
0.340924 	3537.79
0.343322 	3487.91
0.34572 	3439.07
0.348118 	3391.24
0.350516 	3344.38
0.352914 	3298.47
0.355312 	3253.49
0.35771 	3209.41
0.360108 	3166.21
0.362506 	3123.86
0.364904 	3082.35
0.367302 	3041.65
0.3697 	3001.73
0.372098 	2962.59
0.374496 	2924.19
0.376894 	2886.53
0.379292 	2849.57
0.38169 	2813.31
0.384088 	2777.73
0.386486 	2742.81
0.388884 	2708.53
0.391282 	2674.88
0.39368 	2641.85
0.396078 	2609.41
0.398476 	2577.56
0.400874 	2546.27
0.403272 	2515.54
0.40567 	2485.36
0.408068 	2455.71
0.410466 	2426.57
0.412864 	2397.94
0.415262 	2369.81
0.41766 	2342.16
0.420058 	2314.98
0.422456 	2288.26
0.424854 	2261.99
0.427252 	2236.17
0.42965 	2210.77
0.432048 	2185.8
0.434446 	2161.24
0.436844 	2137.08
0.439242 	2113.32
0.44164 	2089.94
0.444038 	2066.94
0.446436 	2044.31
0.448834 	2022.05
0.451232 	2000.13
0.45363 	1978.57
0.456028 	1957.34
0.458426 	1936.44
0.460824 	1915.87
0.463222 	1895.62
0.46562 	1875.68
0.468018 	1856.05
0.470416 	1836.72
0.472814 	1817.68
0.475212 	1798.92
0.47761 	1780.45
0.480008 	1762.26
0.482406 	1744.33
0.484804 	1726.67
0.487202 	1709.27
0.4896 	1692.13
0.491998 	1675.24
0.494396 	1658.59
0.496794 	1642.18
0.499192 	1626.01
0.50159 	1610.07
0.503988 	1594.35
0.506386 	1578.86
0.508784 	1563.59
0.511182 	1548.53
0.51358 	1533.68
0.515978 	1519.04
0.518376 	1504.6
0.520774 	1490.36
0.523172 	1476.32
0.52557 	1462.47
0.527968 	1448.8
0.530366 	1435.32
0.532764 	1422.02
0.535162 	1408.91
0.53756 	1395.96
0.539958 	1383.19
0.542356 	1370.59
0.544754 	1358.15
0.547152 	1345.88
0.54955 	1333.76
0.551948 	1321.81
0.554346 	1310.01
0.556744 	1298.36
0.559142 	1286.86
0.56154 	1275.51
0.563938 	1264.3
0.566336 	1253.23
0.568734 	1242.31
0.571132 	1231.52
0.57353 	1220.86
0.575928 	1210.34
0.578326 	1199.95
0.580724 	1189.69
0.583122 	1179.56
0.58552 	1169.54
0.587918 	1159.66
0.590316 	1149.89
0.592714 	1140.24
0.595112 	1130.7
0.59751 	1121.28
0.599908 	1111.98
0.602306 	1102.78
0.604704 	1093.69
0.607102 	1084.72
0.6095 	1075.84
0.611898 	1067.07
0.614296 	1058.41
0.616694 	1049.84
0.619092 	1041.37
0.62149 	1033.01
0.623888 	1024.73
0.626286 	1016.56
0.628684 	1008.47
0.631082 	1000.48
0.63348 	992.578
0.635878 	984.766
0.638276 	977.041
0.640674 	969.404
0.643072 	961.851
0.64547 	954.383
0.647868 	946.997
0.650266 	939.693
0.652664 	932.469
0.655062 	925.324
0.65746 	918.258
0.659858 	911.268
0.662256 	904.354
0.664654 	897.515
0.667052 	890.749
0.66945 	884.056
0.671848 	877.435
0.674246 	870.884
0.676644 	864.403
0.679042 	857.99
0.68144 	851.645
0.683838 	845.366
0.686236 	839.153
0.688634 	833.005
0.691032 	826.921
0.69343 	820.899
0.695828 	814.94
0.698226 	809.043
0.700624 	803.205
0.703022 	797.427
0.70542 	791.709
0.707818 	786.048
0.710216 	780.444
0.712614 	774.897
0.715012 	769.406
0.71741 	763.969
0.719808 	758.587
0.722206 	753.258
0.724604 	747.982
0.727002 	742.759
0.7294 	737.586
0.731798 	732.465
0.734196 	727.393
0.736594 	722.371
0.738992 	717.398
0.74139 	712.473
0.743788 	707.596
0.746186 	702.765
0.748584 	697.981
0.750982 	693.243
0.75338 	688.55
0.755778 	683.901
0.758176 	679.296
0.760574 	674.735
0.762972 	670.217
0.76537 	665.741
0.767768 	661.308
0.770166 	656.915
0.772564 	652.563
0.774962 	648.252
0.77736 	643.981
0.779758 	639.748
0.782156 	635.555
0.784554 	631.4
0.786952 	627.283
0.78935 	623.204
0.791748 	619.161
0.794146 	615.155
0.796544 	611.185
0.798942 	607.251
0.80134 	603.352
0.803738 	599.488
0.806136 	595.659
0.808534 	591.863
0.810932 	588.101
0.81333 	584.373
0.815728 	580.677
0.818126 	577.013
0.820524 	573.382
0.822922 	569.782
0.82532 	566.214
0.827718 	562.677
0.830116 	559.17
0.832514 	555.694
0.834912 	552.247
0.83731 	548.83
0.839708 	545.442
0.842106 	542.083
0.844504 	538.753
0.846902 	535.451
0.8493 	532.177
0.851698 	528.931
0.854096 	525.711
0.856494 	522.519
0.858892 	519.354
0.86129 	516.215
0.863688 	513.102
0.866086 	510.014
0.868484 	506.953
0.870882 	503.917
0.87328 	500.905
0.875678 	497.918
0.878076 	494.956
0.880474 	492.018
0.882872 	489.104
0.88527 	486.214
0.887668 	483.346
0.890066 	480.502
0.892464 	477.681
0.894862 	474.883
0.89726 	472.107
0.899658 	469.353
0.902056 	466.621
0.904454 	463.911
0.906852 	461.222
0.90925 	458.555
0.911648 	455.908
0.914046 	453.283
0.916444 	450.678
0.918842 	448.093
0.92124 	445.528
0.923638 	442.984
0.926036 	440.459
0.928434 	437.954
0.930832 	435.468
0.93323 	433.001
0.935628 	430.553
0.938026 	428.124
0.940424 	425.713
0.942822 	423.321
0.94522 	420.947
0.947618 	418.591
0.950016 	416.252
0.952414 	413.932
0.954812 	411.629
0.95721 	409.343
0.959608 	407.074
0.962006 	404.822
0.964404 	402.587
0.966802 	400.369
0.9692 	398.167
0.971598 	395.982
0.973996 	393.812
0.976394 	391.658
0.978792 	389.521
0.98119 	387.399
0.983588 	385.292
0.985986 	383.201
0.988384 	381.125
0.990782 	379.064
0.99318 	377.018
0.995578 	374.986
0.997976 	372.97
1.00037 	370.967
1.00277 	368.98
1.00517 	367.006
1.00757 	365.046
1.00997 	363.101
1.01236 	361.169
1.01476 	359.251
1.01716 	357.346
1.01956 	355.455
1.02196 	353.577
1.02435 	351.713
1.02675 	349.861
1.02915 	348.022
1.03155 	346.196
1.03395 	344.383
1.03634 	342.582
1.03874 	340.794
1.04114 	339.018
1.04354 	337.255
1.04594 	335.503
1.04833 	333.764
1.05073 	332.036
1.05313 	330.32
1.05553 	328.616
1.05793 	326.924
1.06032 	325.243
1.06272 	323.573
1.06512 	321.915
1.06752 	320.267
1.06992 	318.631
1.07231 	317.006
1.07471 	315.391
1.07711 	313.788
1.07951 	312.195
1.08191 	310.612
1.0843 	309.041
1.0867 	307.479
1.0891 	305.928
1.0915 	304.387
1.0939 	302.856
1.09629 	301.335
1.09869 	299.825
1.10109 	298.324
1.10349 	296.832
1.10589 	295.351
1.10828 	293.879
1.11068 	292.416
1.11308 	290.964
1.11548 	289.52
1.11788 	288.086
1.12027 	286.661
1.12267 	285.245
1.12507 	283.838
1.12747 	282.44
1.12987 	281.051
1.13226 	279.67
1.13466 	278.299
1.13706 	276.936
1.13946 	275.582
1.14186 	274.236
1.14425 	272.899
1.14665 	271.57
1.14905 	270.249
1.15145 	268.937
1.15385 	267.633
1.15624 	266.337
1.15864 	265.048
1.16104 	263.768
1.16344 	262.496
1.16584 	261.232
1.16823 	259.975
1.17063 	258.727
1.17303 	257.485
1.17543 	256.252
1.17783 	255.026
1.18022 	253.807
1.18262 	252.596
1.18502 	251.392
1.18742 	250.196
1.18982 	249.006
1.19221 	247.824
1.19461 	246.649
1.19701 	245.481
1.19941 	244.32
1.20181 	243.166
1.2042 	242.019
1.2066 	240.879
1.209 	239.745
1.2114 	238.618
1.2138 	237.498
1.21619 	236.385
1.21859 	235.278
1.22099 	234.177
1.22339 	233.083
1.22579 	231.996
1.22818 	230.915
1.23058 	229.84
1.23298 	228.771
1.23538 	227.709
1.23778 	226.653
1.24017 	225.602
1.24257 	224.558
1.24497 	223.52
1.24737 	222.488
1.24977 	221.462
1.25216 	220.442
1.25456 	219.428
1.25696 	218.419
1.25936 	217.416
1.26176 	216.419
1.26415 	215.428
1.26655 	214.442
1.26895 	213.462
1.27135 	212.487
1.27375 	211.518
1.27614 	210.554
1.27854 	209.596
1.28094 	208.643
1.28334 	207.696
1.28574 	206.753
1.28813 	205.816
1.29053 	204.885
1.29293 	203.958
1.29533 	203.037
1.29773 	202.12
1.30012 	201.209
1.30252 	200.303
1.30492 	199.401
1.30732 	198.505
1.30972 	197.614
1.31211 	196.727
1.31451 	195.845
1.31691 	194.969
1.31931 	194.096
1.32171 	193.229
1.3241 	192.366
1.3265 	191.508
1.3289 	190.655
1.3313 	189.806
1.3337 	188.962
1.33609 	188.123
1.33849 	187.288
1.34089 	186.457
1.34329 	185.631
1.34569 	184.809
1.34808 	183.992
1.35048 	183.179
1.35288 	182.37
1.35528 	181.566
1.35768 	180.765
1.36007 	179.97
1.36247 	179.178
1.36487 	178.39
1.36727 	177.607
1.36967 	176.828
1.37206 	176.052
1.37446 	175.281
1.37686 	174.514
1.37926 	173.751
1.38166 	172.992
1.38405 	172.237
1.38645 	171.485
1.38885 	170.738
1.39125 	169.994
1.39365 	169.254
1.39604 	168.519
1.39844 	167.786
1.40084 	167.058
1.40324 	166.333
1.40564 	165.612
1.40803 	164.895
1.41043 	164.182
1.41283 	163.472
1.41523 	162.765
1.41763 	162.063
1.42002 	161.363
1.42242 	160.668
1.42482 	159.975
1.42722 	159.287
1.42962 	158.602
1.43201 	157.92
1.43441 	157.241
1.43681 	156.566
1.43921 	155.895
1.44161 	155.227
1.444 	154.562
1.4464 	153.9
1.4488 	153.242
1.4512 	152.587
1.4536 	151.935
1.45599 	151.286
1.45839 	150.641
1.46079 	149.998
1.46319 	149.359
1.46559 	148.723
1.46798 	148.09
1.47038 	147.461
1.47278 	146.834
1.47518 	146.21
1.47758 	145.59
1.47997 	144.972
1.48237 	144.358
1.48477 	143.746
1.48717 	143.137
1.48957 	142.532
1.49196 	141.929
1.49436 	141.329
1.49676 	140.732
1.49916 	140.138
1.50156 	139.547
1.50395 	138.958
1.50635 	138.373
1.50875 	137.79
1.51115 	137.21
1.51355 	136.632
1.51594 	136.058
1.51834 	135.486
1.52074 	134.917
1.52314 	134.35
1.52554 	133.786
1.52793 	133.225
1.53033 	132.666
1.53273 	132.111
1.53513 	131.557
1.53753 	131.007
1.53992 	130.458
1.54232 	129.913
1.54472 	129.37
1.54712 	128.829
1.54952 	128.291
1.55191 	127.756
1.55431 	127.223
1.55671 	126.692
1.55911 	126.164
1.56151 	125.638
1.5639 	125.115
1.5663 	124.594
1.5687 	124.075
1.5711 	123.559
1.5735 	123.046
1.57589 	122.534
1.57829 	122.025
1.58069 	121.518
1.58309 	121.014
1.58549 	120.512
1.58788 	120.012
1.59028 	119.514
1.59268 	119.019
1.59508 	118.525
1.59748 	118.034
1.59987 	117.546
1.60227 	117.059
1.60467 	116.575
1.60707 	116.092
1.60947 	115.612
1.61186 	115.134
1.61426 	114.659
1.61666 	114.185
1.61906 	113.713
1.62146 	113.244
1.62385 	112.777
1.62625 	112.311
1.62865 	111.848
1.63105 	111.387
1.63345 	110.927
1.63584 	110.47
1.63824 	110.015
1.64064 	109.562
1.64304 	109.111
1.64544 	108.662
1.64783 	108.214
1.65023 	107.769
1.65263 	107.326
1.65503 	106.884
1.65743 	106.445
1.65982 	106.007
1.66222 	105.571
1.66462 	105.137
1.66702 	104.705
1.66942 	104.275
1.67181 	103.847
1.67421 	103.42
1.67661 	102.996
1.67901 	102.573
1.68141 	102.152
1.6838 	101.733
1.6862 	101.315
1.6886 	100.9
1.691 	100.486
1.6934 	100.074
1.69579 	99.6636
1.69819 	99.255
1.70059 	98.8481
1.70299 	98.4429
1.70539 	98.0395
1.70778 	97.6377
1.71018 	97.2376
1.71258 	96.8392
1.71498 	96.4425
1.71738 	96.0475
1.71977 	95.6541
1.72217 	95.2623
1.72457 	94.8722
1.72697 	94.4837
1.72937 	94.0968
1.73176 	93.7115
1.73416 	93.3278
1.73656 	92.9457
1.73896 	92.5652
1.74136 	92.1863
1.74375 	91.8089
1.74615 	91.4331
1.74855 	91.0588
1.75095 	90.6861
1.75335 	90.3149
1.75574 	89.9452
1.75814 	89.577
1.76054 	89.2103
1.76294 	88.8451
1.76534 	88.4814
1.76773 	88.1192
1.77013 	87.7585
1.77253 	87.3992
1.77493 	87.0414
1.77733 	86.685
1.77972 	86.3301
1.78212 	85.9766
1.78452 	85.6245
1.78692 	85.2739
1.78932 	84.9246
1.79171 	84.5768
1.79411 	84.2303
1.79651 	83.8853
1.79891 	83.5416
1.80131 	83.1993
1.8037 	82.8583
1.8061 	82.5187
1.8085 	82.1805
1.8109 	81.8436
1.8133 	81.508
1.81569 	81.1738
1.81809 	80.8409
1.82049 	80.5093
1.82289 	80.179
1.82529 	79.85
1.82768 	79.5224
1.83008 	79.196
1.83248 	78.8708
1.83488 	78.547
1.83728 	78.2244
1.83967 	77.9031
1.84207 	77.5831
1.84447 	77.2642
1.84687 	76.9467
1.84927 	76.6303
1.85166 	76.3152
1.85406 	76.0014
1.85646 	75.6887
1.85886 	75.3772
1.86126 	75.067
1.86365 	74.7579
1.86605 	74.4501
1.86845 	74.1434
1.87085 	73.8379
1.87325 	73.5336
1.87564 	73.2304
1.87804 	72.9284
1.88044 	72.6276
1.88284 	72.3279
1.88524 	72.0293
1.88763 	71.7319
1.89003 	71.4356
1.89243 	71.1405
1.89483 	70.8465
1.89723 	70.5535
1.89962 	70.2617
1.90202 	69.971
1.90442 	69.6814
1.90682 	69.3929
1.90922 	69.1055
1.91161 	68.8191
1.91401 	68.5339
1.91641 	68.2497
1.91881 	67.9666
1.92121 	67.6845
1.9236 	67.4035
1.926 	67.1235
1.9284 	66.8446
1.9308 	66.5667
1.9332 	66.2899
1.93559 	66.014
1.93799 	65.7392
1.94039 	65.4655
1.94279 	65.1927
1.94519 	64.9209
1.94758 	64.6502
1.94998 	64.3805
1.95238 	64.1117
1.95478 	63.8439
1.95718 	63.5771
1.95957 	63.3113
1.96197 	63.0465
1.96437 	62.7827
1.96677 	62.5198
1.96917 	62.2578
1.97156 	61.9969
1.97396 	61.7368
1.97636 	61.4778
1.97876 	61.2196
1.98116 	60.9624
1.98355 	60.7062
1.98595 	60.4508
1.98835 	60.1964
1.99075 	59.9429
1.99315 	59.6904
1.99554 	59.4387
1.99794 	59.1879
2.00034 	58.9381
2.00274 	58.6891
2.00514 	58.441
2.00753 	58.1939
2.00993 	57.9476
2.01233 	57.7022
2.01473 	57.4576
2.01713 	57.214
2.01952 	56.9712
2.02192 	56.7293
2.02432 	56.4882
2.02672 	56.248
2.02912 	56.0086
2.03151 	55.7701
2.03391 	55.5324
2.03631 	55.2956
2.03871 	55.0596
2.04111 	54.8244
2.0435 	54.5901
2.0459 	54.3566
2.0483 	54.1239
2.0507 	53.892
2.0531 	53.661
2.05549 	53.4307
2.05789 	53.2013
2.06029 	52.9727
2.06269 	52.7448
2.06509 	52.5178
2.06748 	52.2915
2.06988 	52.066
2.07228 	51.8413
2.07468 	51.6174
2.07708 	51.3943
2.07947 	51.1719
2.08187 	50.9503
2.08427 	50.7295
2.08667 	50.5094
2.08907 	50.2901
2.09146 	50.0716
2.09386 	49.8538
2.09626 	49.6367
2.09866 	49.4204
2.10106 	49.2049
2.10345 	48.99
2.10585 	48.7759
2.10825 	48.5626
2.11065 	48.3499
2.11305 	48.138
2.11544 	47.9268
2.11784 	47.7164
2.12024 	47.5066
2.12264 	47.2976
2.12504 	47.0892
2.12743 	46.8816
2.12983 	46.6747
2.13223 	46.4684
2.13463 	46.2629
2.13703 	46.058
2.13942 	45.8539
2.14182 	45.6504
2.14422 	45.4476
2.14662 	45.2455
2.14902 	45.0441
2.15141 	44.8433
2.15381 	44.6433
2.15621 	44.4438
2.15861 	44.2451
2.16101 	44.047
2.1634 	43.8496
2.1658 	43.6528
2.1682 	43.4567
2.1706 	43.2612
2.173 	43.0664
2.17539 	42.8722
2.17779 	42.6787
2.18019 	42.4858
2.18259 	42.2935
2.18499 	42.1019
2.18738 	41.9109
2.18978 	41.7206
2.19218 	41.5308
2.19458 	41.3417
2.19698 	41.1532
2.19937 	40.9653
2.20177 	40.7781
2.20417 	40.5914
2.20657 	40.4054
2.20897 	40.2199
2.21136 	40.0351
2.21376 	39.8509
2.21616 	39.6672
2.21856 	39.4842
2.22096 	39.3018
2.22335 	39.1199
2.22575 	38.9387
2.22815 	38.758
2.23055 	38.5779
2.23295 	38.3984
2.23534 	38.2194
2.23774 	38.0411
2.24014 	37.8633
2.24254 	37.6861
2.24494 	37.5094
2.24733 	37.3334
2.24973 	37.1578
2.25213 	36.9829
2.25453 	36.8085
2.25693 	36.6347
2.25932 	36.4614
2.26172 	36.2887
2.26412 	36.1165
2.26652 	35.9448
2.26892 	35.7737
2.27131 	35.6032
2.27371 	35.4332
2.27611 	35.2637
2.27851 	35.0948
2.28091 	34.9264
2.2833 	34.7585
2.2857 	34.5912
2.2881 	34.4244
2.2905 	34.2581
2.2929 	34.0923
2.29529 	33.9271
2.29769 	33.7624
2.30009 	33.5982
2.30249 	33.4345
2.30489 	33.2713
2.30728 	33.1086
2.30968 	32.9465
2.31208 	32.7848
2.31448 	32.6236
2.31688 	32.463
2.31927 	32.3028
2.32167 	32.1432
2.32407 	31.984
2.32647 	31.8253
2.32887 	31.6672
2.33126 	31.5095
2.33366 	31.3523
2.33606 	31.1955
2.33846 	31.0393
2.34086 	30.8836
2.34325 	30.7283
2.34565 	30.5735
2.34805 	30.4192
2.35045 	30.2653
2.35285 	30.1119
2.35524 	29.959
2.35764 	29.8066
2.36004 	29.6546
2.36244 	29.5031
2.36484 	29.3521
2.36723 	29.2015
2.36963 	29.0513
2.37203 	28.9017
2.37443 	28.7525
2.37683 	28.6037
2.37922 	28.4554
2.38162 	28.3075
2.38402 	28.1601
2.38642 	28.0131
2.38882 	27.8666
2.39121 	27.7205
2.39361 	27.5748
2.39601 	27.4296
2.39841 	27.2849
2.40081 	27.1405
2.4032 	26.9966
2.4056 	26.8531
2.408 	26.7101
2.4104 	26.5675
2.4128 	26.4253
2.41519 	26.2835
2.41759 	26.1422
2.41999 	26.0013
2.42239 	25.8608
2.42479 	25.7207
2.42718 	25.581
2.42958 	25.4418
2.43198 	25.3029
2.43438 	25.1645
2.43678 	25.0265
2.43917 	24.8889
2.44157 	24.7517
2.44397 	24.6149
2.44637 	24.4785
2.44877 	24.3425
2.45116 	24.2069
2.45356 	24.0717
2.45596 	23.9369
2.45836 	23.8025
2.46076 	23.6685
2.46315 	23.5349
2.46555 	23.4017
2.46795 	23.2688
2.47035 	23.1364
2.47275 	23.0043
2.47514 	22.8726
2.47754 	22.7414
2.47994 	22.6105
2.48234 	22.4799
2.48474 	22.3498
2.48713 	22.22
2.48953 	22.0906
2.49193 	21.9616
2.49433 	21.8329
2.49673 	21.7047
2.49912 	21.5768
2.50152 	21.4492
2.50392 	21.3221
2.50632 	21.1953
2.50872 	21.0688
2.51111 	20.9428
2.51351 	20.8171
2.51591 	20.6917
2.51831 	20.5667
2.52071 	20.4421
2.5231 	20.3178
2.5255 	20.1939
2.5279 	20.0703
2.5303 	19.9471
2.5327 	19.8243
2.53509 	19.7017
2.53749 	19.5796
2.53989 	19.4578
2.54229 	19.3363
2.54469 	19.2152
2.54708 	19.0944
2.54948 	18.974
2.55188 	18.8539
2.55428 	18.7341
2.55668 	18.6147
2.55907 	18.4956
2.56147 	18.3768
2.56387 	18.2584
2.56627 	18.1404
2.56867 	18.0226
2.57106 	17.9052
2.57346 	17.7881
2.57586 	17.6714
2.57826 	17.5549
2.58066 	17.4388
2.58305 	17.323
2.58545 	17.2076
2.58785 	17.0925
2.59025 	16.9776
2.59265 	16.8631
2.59504 	16.749
2.59744 	16.6351
2.59984 	16.5216
2.60224 	16.4084
2.60464 	16.2954
2.60703 	16.1829
2.60943 	16.0706
2.61183 	15.9586
2.61423 	15.8469
2.61663 	15.7356
2.61902 	15.6245
2.62142 	15.5138
2.62382 	15.4033
2.62622 	15.2932
2.62862 	15.1834
2.63101 	15.0739
2.63341 	14.9646
2.63581 	14.8557
2.63821 	14.7471
2.64061 	14.6387
2.643 	14.5307
2.6454 	14.423
2.6478 	14.3155
2.6502 	14.2084
2.6526 	14.1015
2.65499 	13.995
2.65739 	13.8887
2.65979 	13.7827
2.66219 	13.677
2.66459 	13.5716
2.66698 	13.4664
2.66938 	13.3616
2.67178 	13.257
2.67418 	13.1528
2.67658 	13.0488
2.67897 	12.9451
2.68137 	12.8416
2.68377 	12.7385
2.68617 	12.6356
2.68857 	12.533
2.69096 	12.4307
2.69336 	12.3286
2.69576 	12.2269
2.69816 	12.1254
2.70056 	12.0241
2.70295 	11.9232
2.70535 	11.8225
2.70775 	11.7221
2.71015 	11.6219
2.71255 	11.522
2.71494 	11.4224
2.71734 	11.3231
2.71974 	11.224
2.72214 	11.1252
2.72454 	11.0266
2.72693 	10.9283
2.72933 	10.8303
2.73173 	10.7325
2.73413 	10.635
2.73653 	10.5377
2.73892 	10.4407
2.74132 	10.344
2.74372 	10.2475
2.74612 	10.1512
2.74852 	10.0553
2.75091 	9.95953
2.75331 	9.86406
2.75571 	9.76883
2.75811 	9.67386
2.76051 	9.57913
2.7629 	9.48465
2.7653 	9.39042
2.7677 	9.29644
2.7701 	9.2027
2.7725 	9.10921
2.77489 	9.01596
2.77729 	8.92296
2.77969 	8.8302
2.78209 	8.73768
2.78449 	8.6454
2.78688 	8.55336
2.78928 	8.46156
2.79168 	8.37
2.79408 	8.27868
2.79648 	8.18759
2.79887 	8.09674
2.80127 	8.00613
2.80367 	7.91575
2.80607 	7.8256
2.80847 	7.73569
2.81086 	7.64601
2.81326 	7.55656
2.81566 	7.46734
2.81806 	7.37835
2.82046 	7.28959
2.82285 	7.20106
2.82525 	7.11275
2.82765 	7.02467
2.83005 	6.93682
2.83245 	6.84919
2.83484 	6.76179
2.83724 	6.67461
2.83964 	6.58766
2.84204 	6.50092
2.84444 	6.41441
2.84683 	6.32812
2.84923 	6.24205
2.85163 	6.1562
2.85403 	6.07056
2.85643 	5.98515
2.85882 	5.89995
2.86122 	5.81497
2.86362 	5.7302
2.86602 	5.64565
2.86842 	5.56131
2.87081 	5.47719
2.87321 	5.39328
2.87561 	5.30958
2.87801 	5.22609
2.88041 	5.14282
2.8828 	5.05975
2.8852 	4.97689
2.8876 	4.89424
2.89 	4.8118
2.8924 	4.72957
2.89479 	4.64754
2.89719 	4.56572
2.89959 	4.48411
2.90199 	4.4027
2.90439 	4.32149
2.90678 	4.24049
2.90918 	4.15968
2.91158 	4.07909
2.91398 	3.99869
2.91638 	3.91849
2.91877 	3.83849
2.92117 	3.7587
2.92357 	3.6791
2.92597 	3.5997
2.92837 	3.52049
2.93076 	3.44149
2.93316 	3.36268
2.93556 	3.28406
2.93796 	3.20564
2.94036 	3.12741
2.94275 	3.04938
2.94515 	2.97154
2.94755 	2.8939
2.94995 	2.81644
2.95235 	2.73918
2.95474 	2.6621
2.95714 	2.58522
2.95954 	2.50853
2.96194 	2.43202
2.96434 	2.3557
2.96673 	2.27957
2.96913 	2.20363
2.97153 	2.12788
2.97393 	2.05231
2.97633 	1.97692
2.97872 	1.90172
2.98112 	1.8267
2.98352 	1.75187
2.98592 	1.67722
2.98832 	1.60275
2.99071 	1.52846
2.99311 	1.45436
2.99551 	1.38043
2.99791 	1.30669
3.00031 	1.23312
3.0027 	1.15974
3.0051 	1.08653
3.0075 	1.0135
3.0099 	0.940646
3.0123 	0.867969
3.01469 	0.795469
3.01709 	0.723144
3.01949 	0.650993
3.02189 	0.579018
3.02429 	0.507216
3.02668 	0.435588
3.02908 	0.364132
3.03148 	0.292849
3.03388 	0.221737
3.03628 	0.150797
3.03867 	0.080027
3.04107 	0.00942743
3.04347 	-0.0610025
3.04587 	-0.131263
3.04827 	-0.201356
3.05066 	-0.27128
3.05306 	-0.341036
3.05546 	-0.410626
3.05786 	-0.480049
3.06026 	-0.549306
3.06265 	-0.618398
3.06505 	-0.687324
3.06745 	-0.756086
3.06985 	-0.824684
3.07225 	-0.893119
3.07464 	-0.961391
3.07704 	-1.0295
3.07944 	-1.09745
3.08184 	-1.16523
3.08424 	-1.23286
3.08663 	-1.30032
3.08903 	-1.36763
3.09143 	-1.43477
3.09383 	-1.50176
3.09623 	-1.56858
3.09862 	-1.63525
3.10102 	-1.70176
3.10342 	-1.76812
3.10582 	-1.83431
3.10822 	-1.90036
3.11061 	-1.96624
3.11301 	-2.03197
3.11541 	-2.09755
3.11781 	-2.16297
3.12021 	-2.22823
3.1226 	-2.29335
3.125 	-2.35831
3.1274 	-2.42312
3.1298 	-2.48777
3.1322 	-2.55228
3.13459 	-2.61663
3.13699 	-2.68084
3.13939 	-2.74489
3.14179 	-2.80879
3.14419 	-2.87254
3.14658 	-2.93615
3.14898 	-2.99961
3.15138 	-3.06291
3.15378 	-3.12607
3.15618 	-3.18909
3.15857 	-3.25195
3.16097 	-3.31467
3.16337 	-3.37725
3.16577 	-3.43968
3.16817 	-3.50196
3.17056 	-3.5641
3.17296 	-3.6261
3.17536 	-3.68795
3.17776 	-3.74966
3.18016 	-3.81122
3.18255 	-3.87265
3.18495 	-3.93393
3.18735 	-3.99507
3.18975 	-4.05607
3.19215 	-4.11692
3.19454 	-4.17764
3.19694 	-4.23822
3.19934 	-4.29866
3.20174 	-4.35895
3.20414 	-4.41911
3.20653 	-4.47914
3.20893 	-4.53902
3.21133 	-4.59877
3.21373 	-4.65837
3.21613 	-4.71785
3.21852 	-4.77718
3.22092 	-4.83638
3.22332 	-4.89544
3.22572 	-4.95437
3.22812 	-5.01317
3.23051 	-5.07183
3.23291 	-5.13035
3.23531 	-5.18874
3.23771 	-5.247
3.24011 	-5.30513
3.2425 	-5.36312
3.2449 	-5.42098
3.2473 	-5.47871
3.2497 	-5.53631
3.2521 	-5.59378
3.25449 	-5.65111
3.25689 	-5.70832
3.25929 	-5.7654
3.26169 	-5.82234
3.26409 	-5.87916
3.26648 	-5.93585
3.26888 	-5.99241
3.27128 	-6.04884
3.27368 	-6.10514
3.27608 	-6.16132
3.27847 	-6.21737
3.28087 	-6.2733
3.28327 	-6.32909
3.28567 	-6.38476
3.28807 	-6.44031
3.29046 	-6.49573
3.29286 	-6.55103
3.29526 	-6.6062
3.29766 	-6.66124
3.30006 	-6.71617
3.30245 	-6.77097
3.30485 	-6.82564
3.30725 	-6.8802
3.30965 	-6.93463
3.31205 	-6.98894
3.31444 	-7.04313
3.31684 	-7.09719
3.31924 	-7.15114
3.32164 	-7.20496
3.32404 	-7.25866
3.32643 	-7.31225
3.32883 	-7.36571
3.33123 	-7.41906
3.33363 	-7.47228
3.33603 	-7.52539
3.33842 	-7.57838
3.34082 	-7.63125
3.34322 	-7.684
3.34562 	-7.73663
3.34802 	-7.78915
3.35041 	-7.84155
3.35281 	-7.89384
3.35521 	-7.946
3.35761 	-7.99806
3.36001 	-8.04999
3.3624 	-8.10181
3.3648 	-8.15352
3.3672 	-8.20511
3.3696 	-8.25659
3.372 	-8.30795
3.37439 	-8.3592
3.37679 	-8.41034
3.37919 	-8.46136
3.38159 	-8.51227
3.38399 	-8.56307
3.38638 	-8.61376
3.38878 	-8.66433
3.39118 	-8.71479
3.39358 	-8.76514
3.39598 	-8.81538
3.39837 	-8.86551
3.40077 	-8.91553
3.40317 	-8.96544
3.40557 	-9.01524
3.40797 	-9.06493
3.41036 	-9.11451
3.41276 	-9.16398
3.41516 	-9.21334
3.41756 	-9.2626
3.41996 	-9.31175
3.42235 	-9.36078
3.42475 	-9.40972
3.42715 	-9.45854
3.42955 	-9.50726
3.43195 	-9.55587
3.43434 	-9.60437
3.43674 	-9.65277
3.43914 	-9.70106
3.44154 	-9.74925
3.44394 	-9.79733
3.44633 	-9.84531
3.44873 	-9.89318
3.45113 	-9.94095
3.45353 	-9.98861
3.45593 	-10.0362
3.45832 	-10.0836
3.46072 	-10.131
3.46312 	-10.1782
3.46552 	-10.2254
3.46792 	-10.2724
3.47031 	-10.3194
3.47271 	-10.3662
3.47511 	-10.4129
3.47751 	-10.4596
3.47991 	-10.5061
3.4823 	-10.5525
3.4847 	-10.5989
3.4871 	-10.6451
3.4895 	-10.6912
3.4919 	-10.7373
3.49429 	-10.7832
3.49669 	-10.829
3.49909 	-10.8748
3.50149 	-10.9204
3.50389 	-10.966
3.50628 	-11.0114
3.50868 	-11.0567
3.51108 	-11.102
3.51348 	-11.1471
3.51588 	-11.1922
3.51827 	-11.2371
3.52067 	-11.282
3.52307 	-11.3267
3.52547 	-11.3714
3.52787 	-11.416
3.53026 	-11.4604
3.53266 	-11.5048
3.53506 	-11.5491
3.53746 	-11.5933
3.53986 	-11.6373
3.54225 	-11.6813
3.54465 	-11.7252
3.54705 	-11.769
3.54945 	-11.8127
3.55185 	-11.8564
3.55424 	-11.8999
3.55664 	-11.9433
3.55904 	-11.9867
3.56144 	-12.0299
3.56384 	-12.073
3.56623 	-12.1161
3.56863 	-12.1591
3.57103 	-12.2019
3.57343 	-12.2447
3.57583 	-12.2874
3.57822 	-12.33
3.58062 	-12.3725
3.58302 	-12.4149
3.58542 	-12.4573
3.58782 	-12.4995
3.59021 	-12.5417
3.59261 	-12.5837
3.59501 	-12.6257
3.59741 	-12.6676
3.59981 	-12.7093
3.6022 	-12.751
3.6046 	-12.7927
3.607 	-12.8342
3.6094 	-12.8756
3.6118 	-12.917
3.61419 	-12.9582
3.61659 	-12.9994
3.61899 	-13.0405
3.62139 	-13.0815
3.62379 	-13.1224
3.62618 	-13.1632
3.62858 	-13.2039
3.63098 	-13.2446
3.63338 	-13.2851
3.63578 	-13.3256
3.63817 	-13.366
3.64057 	-13.4063
3.64297 	-13.4465
3.64537 	-13.4866
3.64777 	-13.5267
3.65016 	-13.5667
3.65256 	-13.6065
3.65496 	-13.6463
3.65736 	-13.686
3.65976 	-13.7257
3.66215 	-13.7652
3.66455 	-13.8047
3.66695 	-13.844
3.66935 	-13.8833
3.67175 	-13.9225
3.67414 	-13.9617
3.67654 	-14.0007
3.67894 	-14.0397
3.68134 	-14.0785
3.68374 	-14.1173
3.68613 	-14.156
3.68853 	-14.1947
3.69093 	-14.2332
3.69333 	-14.2717
3.69573 	-14.3101
3.69812 	-14.3484
3.70052 	-14.3866
3.70292 	-14.4247
3.70532 	-14.4628
3.70772 	-14.5008
3.71011 	-14.5387
3.71251 	-14.5765
3.71491 	-14.6143
3.71731 	-14.6519
3.71971 	-14.6895
3.7221 	-14.727
3.7245 	-14.7645
3.7269 	-14.8018
3.7293 	-14.8391
3.7317 	-14.8763
3.73409 	-14.9134
3.73649 	-14.9504
3.73889 	-14.9874
3.74129 	-15.0242
3.74369 	-15.061
3.74608 	-15.0978
3.74848 	-15.1344
3.75088 	-15.171
3.75328 	-15.2075
3.75568 	-15.2439
3.75807 	-15.2802
3.76047 	-15.3165
3.76287 	-15.3527
3.76527 	-15.3888
3.76767 	-15.4248
3.77006 	-15.4608
3.77246 	-15.4967
3.77486 	-15.5325
3.77726 	-15.5682
3.77966 	-15.6039
3.78205 	-15.6395
3.78445 	-15.675
3.78685 	-15.7104
3.78925 	-15.7458
3.79165 	-15.7811
3.79404 	-15.8163
3.79644 	-15.8514
3.79884 	-15.8865
3.80124 	-15.9215
3.80364 	-15.9564
3.80603 	-15.9912
3.80843 	-16.026
3.81083 	-16.0607
3.81323 	-16.0953
3.81563 	-16.1299
3.81802 	-16.1643
3.82042 	-16.1988
3.82282 	-16.2331
3.82522 	-16.2674
3.82762 	-16.3015
3.83001 	-16.3357
3.83241 	-16.3697
3.83481 	-16.4037
3.83721 	-16.4376
3.83961 	-16.4714
3.842 	-16.5052
3.8444 	-16.5389
3.8468 	-16.5725
3.8492 	-16.6061
3.8516 	-16.6395
3.85399 	-16.673
3.85639 	-16.7063
3.85879 	-16.7396
3.86119 	-16.7728
3.86359 	-16.8059
3.86598 	-16.839
3.86838 	-16.872
3.87078 	-16.9049
3.87318 	-16.9377
3.87558 	-16.9705
3.87797 	-17.0032
3.88037 	-17.0359
3.88277 	-17.0685
3.88517 	-17.101
3.88757 	-17.1334
3.88996 	-17.1658
3.89236 	-17.1981
3.89476 	-17.2304
3.89716 	-17.2625
3.89956 	-17.2946
3.90195 	-17.3267
3.90435 	-17.3586
3.90675 	-17.3905
3.90915 	-17.4224
3.91155 	-17.4541
3.91394 	-17.4858
3.91634 	-17.5175
3.91874 	-17.5491
3.92114 	-17.5806
3.92354 	-17.612
3.92593 	-17.6434
3.92833 	-17.6747
3.93073 	-17.7059
3.93313 	-17.7371
3.93553 	-17.7682
3.93792 	-17.7992
3.94032 	-17.8302
3.94272 	-17.8611
3.94512 	-17.892
3.94752 	-17.9228
3.94991 	-17.9535
3.95231 	-17.9841
3.95471 	-18.0147
3.95711 	-18.0452
3.95951 	-18.0757
3.9619 	-18.1061
3.9643 	-18.1364
3.9667 	-18.1667
3.9691 	-18.1969
3.9715 	-18.227
3.97389 	-18.2571
3.97629 	-18.2871
3.97869 	-18.3171
3.98109 	-18.347
3.98349 	-18.3768
3.98588 	-18.4066
3.98828 	-18.4363
3.99068 	-18.4659
3.99308 	-18.4955
3.99548 	-18.525
3.99787 	-18.5544
4.00027 	-18.5838
4.00267 	-18.6131
4.00507 	-18.6424
4.00747 	-18.6716
4.00986 	-18.7007
4.01226 	-18.7298
4.01466 	-18.7588
4.01706 	-18.7878
4.01946 	-18.8167
4.02185 	-18.8455
4.02425 	-18.8743
4.02665 	-18.903
4.02905 	-18.9317
4.03145 	-18.9602
4.03384 	-18.9888
4.03624 	-19.0172
4.03864 	-19.0456
4.04104 	-19.074
4.04344 	-19.1023
4.04583 	-19.1305
4.04823 	-19.1587
4.05063 	-19.1868
4.05303 	-19.2148
4.05543 	-19.2428
4.05782 	-19.2707
4.06022 	-19.2986
4.06262 	-19.3264
4.06502 	-19.3542
4.06742 	-19.3819
4.06981 	-19.4095
4.07221 	-19.4371
4.07461 	-19.4646
4.07701 	-19.492
4.07941 	-19.5194
4.0818 	-19.5468
4.0842 	-19.574
4.0866 	-19.6013
4.089 	-19.6284
4.0914 	-19.6555
4.09379 	-19.6826
4.09619 	-19.7096
4.09859 	-19.7365
4.10099 	-19.7634
4.10339 	-19.7902
4.10578 	-19.8169
4.10818 	-19.8436
4.11058 	-19.8703
4.11298 	-19.8969
4.11538 	-19.9234
4.11777 	-19.9499
4.12017 	-19.9763
4.12257 	-20.0026
4.12497 	-20.0289
4.12737 	-20.0552
4.12976 	-20.0814
4.13216 	-20.1075
4.13456 	-20.1336
4.13696 	-20.1596
4.13936 	-20.1856
4.14175 	-20.2115
4.14415 	-20.2373
4.14655 	-20.2631
4.14895 	-20.2889
4.15135 	-20.3145
4.15374 	-20.3402
4.15614 	-20.3657
4.15854 	-20.3913
4.16094 	-20.4167
4.16334 	-20.4421
4.16573 	-20.4675
4.16813 	-20.4928
4.17053 	-20.518
4.17293 	-20.5432
4.17533 	-20.5683
4.17772 	-20.5934
4.18012 	-20.6184
4.18252 	-20.6434
4.18492 	-20.6683
4.18732 	-20.6932
4.18971 	-20.718
4.19211 	-20.7427
4.19451 	-20.7674
4.19691 	-20.792
4.19931 	-20.8166
4.2017 	-20.8412
4.2041 	-20.8656
4.2065 	-20.8901
4.2089 	-20.9144
4.2113 	-20.9387
4.21369 	-20.963
4.21609 	-20.9872
4.21849 	-21.0114
4.22089 	-21.0355
4.22329 	-21.0595
4.22568 	-21.0835
4.22808 	-21.1075
4.23048 	-21.1314
4.23288 	-21.1552
4.23528 	-21.179
4.23767 	-21.2027
4.24007 	-21.2264
4.24247 	-21.25
4.24487 	-21.2736
4.24727 	-21.2971
4.24966 	-21.3206
4.25206 	-21.344
4.25446 	-21.3674
4.25686 	-21.3907
4.25926 	-21.4139
4.26165 	-21.4372
4.26405 	-21.4603
4.26645 	-21.4834
4.26885 	-21.5065
4.27125 	-21.5295
4.27364 	-21.5524
4.27604 	-21.5753
4.27844 	-21.5982
4.28084 	-21.621
4.28324 	-21.6437
4.28563 	-21.6664
4.28803 	-21.689
4.29043 	-21.7116
4.29283 	-21.7342
4.29523 	-21.7567
4.29762 	-21.7791
4.30002 	-21.8015
4.30242 	-21.8238
4.30482 	-21.8461
4.30722 	-21.8683
4.30961 	-21.8905
4.31201 	-21.9126
4.31441 	-21.9347
4.31681 	-21.9568
4.31921 	-21.9787
4.3216 	-22.0007
4.324 	-22.0225
4.3264 	-22.0444
4.3288 	-22.0662
4.3312 	-22.0879
4.33359 	-22.1096
4.33599 	-22.1312
4.33839 	-22.1528
4.34079 	-22.1743
4.34319 	-22.1958
4.34558 	-22.2172
4.34798 	-22.2386
4.35038 	-22.2599
4.35278 	-22.2812
4.35518 	-22.3024
4.35757 	-22.3236
4.35997 	-22.3448
4.36237 	-22.3658
4.36477 	-22.3869
4.36717 	-22.4079
4.36956 	-22.4288
4.37196 	-22.4497
4.37436 	-22.4705
4.37676 	-22.4913
4.37916 	-22.5121
4.38155 	-22.5327
4.38395 	-22.5534
4.38635 	-22.574
4.38875 	-22.5945
4.39115 	-22.615
4.39354 	-22.6355
4.39594 	-22.6559
4.39834 	-22.6762
4.40074 	-22.6965
4.40314 	-22.7168
4.40553 	-22.737
4.40793 	-22.7572
4.41033 	-22.7773
4.41273 	-22.7973
4.41513 	-22.8173
4.41752 	-22.8373
4.41992 	-22.8572
4.42232 	-22.8771
4.42472 	-22.8969
4.42712 	-22.9167
4.42951 	-22.9364
4.43191 	-22.9561
4.43431 	-22.9757
4.43671 	-22.9953
4.43911 	-23.0149
4.4415 	-23.0343
4.4439 	-23.0538
4.4463 	-23.0732
4.4487 	-23.0925
4.4511 	-23.1118
4.45349 	-23.1311
4.45589 	-23.1503
4.45829 	-23.1694
4.46069 	-23.1885
4.46309 	-23.2076
4.46548 	-23.2266
4.46788 	-23.2456
4.47028 	-23.2645
4.47268 	-23.2834
4.47508 	-23.3022
4.47747 	-23.321
4.47987 	-23.3397
4.48227 	-23.3584
4.48467 	-23.3771
4.48707 	-23.3957
4.48946 	-23.4142
4.49186 	-23.4327
4.49426 	-23.4512
4.49666 	-23.4696
4.49906 	-23.4879
4.50145 	-23.5063
4.50385 	-23.5245
4.50625 	-23.5428
4.50865 	-23.5609
4.51105 	-23.5791
4.51344 	-23.5971
4.51584 	-23.6152
4.51824 	-23.6332
4.52064 	-23.6511
4.52304 	-23.669
4.52543 	-23.6869
4.52783 	-23.7047
4.53023 	-23.7224
4.53263 	-23.7402
4.53503 	-23.7578
4.53742 	-23.7755
4.53982 	-23.793
4.54222 	-23.8106
4.54462 	-23.8281
4.54702 	-23.8455
4.54941 	-23.8629
4.55181 	-23.8803
4.55421 	-23.8976
4.55661 	-23.9148
4.55901 	-23.932
4.5614 	-23.9492
4.5638 	-23.9663
4.5662 	-23.9834
4.5686 	-24.0004
4.571 	-24.0174
4.57339 	-24.0344
4.57579 	-24.0513
4.57819 	-24.0681
4.58059 	-24.0849
4.58299 	-24.1017
4.58538 	-24.1184
4.58778 	-24.1351
4.59018 	-24.1517
4.59258 	-24.1683
4.59498 	-24.1848
4.59737 	-24.2013
4.59977 	-24.2178
4.60217 	-24.2342
4.60457 	-24.2505
4.60697 	-24.2668
4.60936 	-24.2831
4.61176 	-24.2993
4.61416 	-24.3155
4.61656 	-24.3316
4.61896 	-24.3477
4.62135 	-24.3638
4.62375 	-24.3798
4.62615 	-24.3957
4.62855 	-24.4116
4.63095 	-24.4275
4.63334 	-24.4433
4.63574 	-24.4591
4.63814 	-24.4748
4.64054 	-24.4905
4.64294 	-24.5061
4.64533 	-24.5217
4.64773 	-24.5373
4.65013 	-24.5528
4.65253 	-24.5683
4.65493 	-24.5837
4.65732 	-24.5991
4.65972 	-24.6144
4.66212 	-24.6297
4.66452 	-24.6449
4.66692 	-24.6601
4.66931 	-24.6753
4.67171 	-24.6904
4.67411 	-24.7055
4.67651 	-24.7205
4.67891 	-24.7355
4.6813 	-24.7504
4.6837 	-24.7653
4.6861 	-24.7802
4.6885 	-24.795
4.6909 	-24.8097
4.69329 	-24.8244
4.69569 	-24.8391
4.69809 	-24.8537
4.70049 	-24.8683
4.70289 	-24.8829
4.70528 	-24.8974
4.70768 	-24.9118
4.71008 	-24.9262
4.71248 	-24.9406
4.71488 	-24.9549
4.71727 	-24.9692
4.71967 	-24.9834
4.72207 	-24.9976
4.72447 	-25.0117
4.72687 	-25.0259
4.72926 	-25.0399
4.73166 	-25.0539
4.73406 	-25.0679
4.73646 	-25.0818
4.73886 	-25.0957
4.74125 	-25.1096
4.74365 	-25.1234
4.74605 	-25.1371
4.74845 	-25.1508
4.75085 	-25.1645
4.75324 	-25.1781
4.75564 	-25.1917
4.75804 	-25.2052
4.76044 	-25.2187
4.76284 	-25.2322
4.76523 	-25.2456
4.76763 	-25.2589
4.77003 	-25.2723
4.77243 	-25.2855
4.77483 	-25.2988
4.77722 	-25.312
4.77962 	-25.3251
4.78202 	-25.3382
4.78442 	-25.3513
4.78682 	-25.3643
4.78921 	-25.3773
4.79161 	-25.3902
4.79401 	-25.4031
4.79641 	-25.4159
4.79881 	-25.4287
4.8012 	-25.4415
4.8036 	-25.4542
4.806 	-25.4669
4.8084 	-25.4795
4.8108 	-25.4921
4.81319 	-25.5046
4.81559 	-25.5171
4.81799 	-25.5296
4.82039 	-25.542
4.82279 	-25.5544
4.82518 	-25.5667
4.82758 	-25.579
4.82998 	-25.5912
4.83238 	-25.6034
4.83478 	-25.6155
4.83717 	-25.6277
4.83957 	-25.6397
4.84197 	-25.6517
4.84437 	-25.6637
4.84677 	-25.6757
4.84916 	-25.6876
4.85156 	-25.6994
4.85396 	-25.7112
4.85636 	-25.723
4.85876 	-25.7347
4.86115 	-25.7464
4.86355 	-25.758
4.86595 	-25.7696
4.86835 	-25.7812
4.87075 	-25.7927
4.87314 	-25.8041
4.87554 	-25.8156
4.87794 	-25.8269
4.88034 	-25.8383
4.88274 	-25.8496
4.88513 	-25.8608
4.88753 	-25.872
4.88993 	-25.8832
4.89233 	-25.8943
4.89473 	-25.9054
4.89712 	-25.9164
4.89952 	-25.9274
4.90192 	-25.9384
4.90432 	-25.9493
4.90672 	-25.9601
4.90911 	-25.971
4.91151 	-25.9817
4.91391 	-25.9925
4.91631 	-26.0032
4.91871 	-26.0138
4.9211 	-26.0244
4.9235 	-26.035
4.9259 	-26.0455
4.9283 	-26.056
4.9307 	-26.0664
4.93309 	-26.0768
4.93549 	-26.0871
4.93789 	-26.0974
4.94029 	-26.1077
4.94269 	-26.1179
4.94508 	-26.1281
4.94748 	-26.1382
4.94988 	-26.1483
4.95228 	-26.1584
4.95468 	-26.1684
4.95707 	-26.1783
4.95947 	-26.1883
4.96187 	-26.1981
4.96427 	-26.208
4.96667 	-26.2177
4.96906 	-26.2275
4.97146 	-26.2372
4.97386 	-26.2469
4.97626 	-26.2565
4.97866 	-26.266
4.98105 	-26.2756
4.98345 	-26.2851
4.98585 	-26.2945
4.98825 	-26.3039
4.99065 	-26.3133
4.99304 	-26.3226
4.99544 	-26.3319
4.99784 	-26.3411
5.00024 	-26.3503
5.00264 	-26.3594
5.00503 	-26.3685
5.00743 	-26.3776
5.00983 	-26.3866
5.01223 	-26.3956
5.01463 	-26.4045
5.01702 	-26.4134
5.01942 	-26.4222
5.02182 	-26.431
5.02422 	-26.4398
5.02662 	-26.4485
5.02901 	-26.4572
5.03141 	-26.4658
5.03381 	-26.4744
5.03621 	-26.4829
5.03861 	-26.4914
5.041 	-26.4999
5.0434 	-26.5083
5.0458 	-26.5166
5.0482 	-26.525
5.0506 	-26.5332
5.05299 	-26.5415
5.05539 	-26.5497
5.05779 	-26.5578
5.06019 	-26.5659
5.06259 	-26.574
5.06498 	-26.582
5.06738 	-26.59
5.06978 	-26.5979
5.07218 	-26.6058
5.07458 	-26.6137
5.07697 	-26.6215
5.07937 	-26.6293
5.08177 	-26.637
5.08417 	-26.6447
5.08657 	-26.6523
5.08896 	-26.6599
5.09136 	-26.6674
5.09376 	-26.6749
5.09616 	-26.6824
5.09856 	-26.6898
5.10095 	-26.6972
5.10335 	-26.7045
5.10575 	-26.7118
5.10815 	-26.719
5.11055 	-26.7262
5.11294 	-26.7334
5.11534 	-26.7405
5.11774 	-26.7476
5.12014 	-26.7546
5.12254 	-26.7616
5.12493 	-26.7685
5.12733 	-26.7754
5.12973 	-26.7822
5.13213 	-26.7891
5.13453 	-26.7958
5.13692 	-26.8025
5.13932 	-26.8092
5.14172 	-26.8158
5.14412 	-26.8224
5.14652 	-26.829
5.14891 	-26.8355
5.15131 	-26.8419
5.15371 	-26.8484
5.15611 	-26.8547
5.15851 	-26.8611
5.1609 	-26.8673
5.1633 	-26.8736
5.1657 	-26.8798
5.1681 	-26.8859
5.1705 	-26.892
5.17289 	-26.8981
5.17529 	-26.9041
5.17769 	-26.9101
5.18009 	-26.916
5.18249 	-26.9219
5.18488 	-26.9278
5.18728 	-26.9336
5.18968 	-26.9393
5.19208 	-26.945
5.19448 	-26.9507
5.19687 	-26.9563
5.19927 	-26.9619
5.20167 	-26.9674
5.20407 	-26.9729
5.20647 	-26.9784
5.20886 	-26.9838
5.21126 	-26.9891
5.21366 	-26.9945
5.21606 	-26.9997
5.21846 	-27.005
5.22085 	-27.0101
5.22325 	-27.0153
5.22565 	-27.0204
5.22805 	-27.0254
5.23045 	-27.0304
5.23284 	-27.0354
5.23524 	-27.0403
5.23764 	-27.0452
5.24004 	-27.05
5.24244 	-27.0548
5.24483 	-27.0596
5.24723 	-27.0642
5.24963 	-27.0689
5.25203 	-27.0735
5.25443 	-27.0781
5.25682 	-27.0826
5.25922 	-27.0871
5.26162 	-27.0915
5.26402 	-27.0959
5.26642 	-27.1002
5.26881 	-27.1045
5.27121 	-27.1088
5.27361 	-27.113
5.27601 	-27.1171
5.27841 	-27.1213
5.2808 	-27.1253
5.2832 	-27.1294
5.2856 	-27.1333
5.288 	-27.1373
5.2904 	-27.1412
5.29279 	-27.145
5.29519 	-27.1488
5.29759 	-27.1526
5.29999 	-27.1563
5.30239 	-27.16
5.30478 	-27.1636
5.30718 	-27.1672
5.30958 	-27.1707
5.31198 	-27.1742
5.31438 	-27.1777
5.31677 	-27.1811
5.31917 	-27.1844
5.32157 	-27.1877
5.32397 	-27.191
5.32637 	-27.1942
5.32876 	-27.1974
5.33116 	-27.2005
5.33356 	-27.2036
5.33596 	-27.2067
5.33836 	-27.2097
5.34075 	-27.2126
5.34315 	-27.2155
5.34555 	-27.2184
5.34795 	-27.2212
5.35035 	-27.224
5.35274 	-27.2267
5.35514 	-27.2294
5.35754 	-27.232
5.35994 	-27.2346
5.36234 	-27.2371
5.36473 	-27.2396
5.36713 	-27.2421
5.36953 	-27.2445
5.37193 	-27.2469
5.37433 	-27.2492
5.37672 	-27.2514
5.37912 	-27.2537
5.38152 	-27.2558
5.38392 	-27.258
5.38632 	-27.2601
5.38871 	-27.2621
5.39111 	-27.2641
5.39351 	-27.2661
5.39591 	-27.268
5.39831 	-27.2698
5.4007 	-27.2716
5.4031 	-27.2734
5.4055 	-27.2751
5.4079 	-27.2768
5.4103 	-27.2784
5.41269 	-27.28
5.41509 	-27.2816
5.41749 	-27.2831
5.41989 	-27.2845
5.42229 	-27.2859
5.42468 	-27.2873
5.42708 	-27.2886
5.42948 	-27.2898
5.43188 	-27.291
5.43428 	-27.2922
5.43667 	-27.2933
5.43907 	-27.2944
5.44147 	-27.2955
5.44387 	-27.2964
5.44627 	-27.2974
5.44866 	-27.2983
5.45106 	-27.2991
5.45346 	-27.2999
5.45586 	-27.3007
5.45826 	-27.3014
5.46065 	-27.3021
5.46305 	-27.3027
5.46545 	-27.3032
5.46785 	-27.3038
5.47025 	-27.3043
5.47264 	-27.3047
5.47504 	-27.3051
5.47744 	-27.3054
5.47984 	-27.3057
5.48224 	-27.3059
5.48463 	-27.3061
5.48703 	-27.3063
5.48943 	-27.3064
5.49183 	-27.3065
5.49423 	-27.3065
5.49662 	-27.3064
5.49902 	-27.3064
5.50142 	-27.3062
5.50382 	-27.3061
5.50622 	-27.3058
5.50861 	-27.3056
5.51101 	-27.3053
5.51341 	-27.3049
5.51581 	-27.3045
5.51821 	-27.304
5.5206 	-27.3035
5.523 	-27.303
5.5254 	-27.3024
5.5278 	-27.3017
5.5302 	-27.301
5.53259 	-27.3003
5.53499 	-27.2995
5.53739 	-27.2987
5.53979 	-27.2978
5.54219 	-27.2969
5.54458 	-27.2959
5.54698 	-27.2949
5.54938 	-27.2938
5.55178 	-27.2927
5.55418 	-27.2916
5.55657 	-27.2904
5.55897 	-27.2891
5.56137 	-27.2878
5.56377 	-27.2864
5.56617 	-27.285
5.56856 	-27.2836
5.57096 	-27.2821
5.57336 	-27.2806
5.57576 	-27.279
5.57816 	-27.2773
5.58055 	-27.2757
5.58295 	-27.2739
5.58535 	-27.2722
5.58775 	-27.2703
5.59015 	-27.2685
5.59254 	-27.2665
5.59494 	-27.2646
5.59734 	-27.2626
5.59974 	-27.2605
5.60214 	-27.2584
5.60453 	-27.2562
5.60693 	-27.254
5.60933 	-27.2518
5.61173 	-27.2495
5.61413 	-27.2471
5.61652 	-27.2447
5.61892 	-27.2423
5.62132 	-27.2398
5.62372 	-27.2373
5.62612 	-27.2347
5.62851 	-27.232
5.63091 	-27.2294
5.63331 	-27.2266
5.63571 	-27.2238
5.63811 	-27.221
5.6405 	-27.2181
5.6429 	-27.2152
5.6453 	-27.2122
5.6477 	-27.2092
5.6501 	-27.2062
5.65249 	-27.203
5.65489 	-27.1999
5.65729 	-27.1967
5.65969 	-27.1934
5.66209 	-27.1901
5.66448 	-27.1867
5.66688 	-27.1833
5.66928 	-27.1799
5.67168 	-27.1764
5.67408 	-27.1728
5.67647 	-27.1692
5.67887 	-27.1656
5.68127 	-27.1619
5.68367 	-27.1582
5.68607 	-27.1544
5.68846 	-27.1505
5.69086 	-27.1466
5.69326 	-27.1427
5.69566 	-27.1387
5.69806 	-27.1347
5.70045 	-27.1306
5.70285 	-27.1265
5.70525 	-27.1223
5.70765 	-27.1181
5.71005 	-27.1138
5.71244 	-27.1095
5.71484 	-27.1051
5.71724 	-27.1007
5.71964 	-27.0962
5.72204 	-27.0917
5.72443 	-27.0871
5.72683 	-27.0825
5.72923 	-27.0778
5.73163 	-27.0731
5.73403 	-27.0684
5.73642 	-27.0636
5.73882 	-27.0587
5.74122 	-27.0538
5.74362 	-27.0488
5.74602 	-27.0438
5.74841 	-27.0388
5.75081 	-27.0337
5.75321 	-27.0285
5.75561 	-27.0233
5.75801 	-27.0181
5.7604 	-27.0128
5.7628 	-27.0074
5.7652 	-27.002
5.7676 	-26.9966
5.77 	-26.9911
5.77239 	-26.9856
5.77479 	-26.98
5.77719 	-26.9743
5.77959 	-26.9686
5.78199 	-26.9629
5.78438 	-26.9571
5.78678 	-26.9513
5.78918 	-26.9454
5.79158 	-26.9395
5.79398 	-26.9335
5.79637 	-26.9274
5.79877 	-26.9214
5.80117 	-26.9152
5.80357 	-26.909
5.80597 	-26.9028
5.80836 	-26.8965
5.81076 	-26.8902
5.81316 	-26.8838
5.81556 	-26.8774
5.81796 	-26.8709
5.82035 	-26.8644
5.82275 	-26.8578
5.82515 	-26.8512
5.82755 	-26.8445
5.82995 	-26.8378
5.83234 	-26.8311
5.83474 	-26.8242
5.83714 	-26.8174
5.83954 	-26.8105
5.84194 	-26.8035
5.84433 	-26.7965
5.84673 	-26.7894
5.84913 	-26.7823
5.85153 	-26.7751
5.85393 	-26.7679
5.85632 	-26.7607
5.85872 	-26.7533
5.86112 	-26.746
5.86352 	-26.7386
5.86592 	-26.7311
5.86831 	-26.7236
5.87071 	-26.716
5.87311 	-26.7084
5.87551 	-26.7008
5.87791 	-26.6931
5.8803 	-26.6853
5.8827 	-26.6775
5.8851 	-26.6697
5.8875 	-26.6617
5.8899 	-26.6538
5.89229 	-26.6458
5.89469 	-26.6377
5.89709 	-26.6296
5.89949 	-26.6215
5.90189 	-26.6133
5.90428 	-26.605
5.90668 	-26.5967
5.90908 	-26.5884
5.91148 	-26.58
5.91388 	-26.5715
5.91627 	-26.563
5.91867 	-26.5545
5.92107 	-26.5459
5.92347 	-26.5373
5.92587 	-26.5286
5.92826 	-26.5198
5.93066 	-26.511
5.93306 	-26.5022
5.93546 	-26.4933
5.93786 	-26.4843
5.94025 	-26.4753
5.94265 	-26.4663
5.94505 	-26.4572
5.94745 	-26.4481
5.94985 	-26.4389
5.95224 	-26.4296
5.95464 	-26.4204
5.95704 	-26.411
5.95944 	-26.4016
5.96184 	-26.3922
5.96423 	-26.3827
5.96663 	-26.3732
5.96903 	-26.3636
5.97143 	-26.3539
5.97383 	-26.3443
5.97622 	-26.3345
5.97862 	-26.3247
5.98102 	-26.3149
5.98342 	-26.305
5.98582 	-26.2951
5.98821 	-26.2851
5.99061 	-26.2751
5.99301 	-26.265
5.99541 	-26.2549
5.99781 	-26.2447
6.0002 	-26.2345
6.0026 	-26.2242
6.005 	-26.2139
6.0074 	-26.2035
6.0098 	-26.1931
6.01219 	-26.1826
6.01459 	-26.1721
6.01699 	-26.1615
6.01939 	-26.1509
6.02179 	-26.1402
6.02418 	-26.1295
6.02658 	-26.1187
6.02898 	-26.1079
6.03138 	-26.097
6.03378 	-26.0861
6.03617 	-26.0751
6.03857 	-26.0641
6.04097 	-26.053
6.04337 	-26.0419
6.04577 	-26.0307
6.04816 	-26.0195
6.05056 	-26.0082
6.05296 	-25.9969
6.05536 	-25.9856
6.05776 	-25.9742
6.06015 	-25.9627
6.06255 	-25.9512
6.06495 	-25.9396
6.06735 	-25.928
6.06975 	-25.9163
6.07214 	-25.9046
6.07454 	-25.8929
6.07694 	-25.8811
6.07934 	-25.8692
6.08174 	-25.8573
6.08413 	-25.8453
6.08653 	-25.8333
6.08893 	-25.8213
6.09133 	-25.8092
6.09373 	-25.797
6.09612 	-25.7848
6.09852 	-25.7726
6.10092 	-25.7603
6.10332 	-25.7479
6.10572 	-25.7355
6.10811 	-25.7231
6.11051 	-25.7106
6.11291 	-25.6981
6.11531 	-25.6855
6.11771 	-25.6728
6.1201 	-25.6601
6.1225 	-25.6474
6.1249 	-25.6346
6.1273 	-25.6218
6.1297 	-25.6089
6.13209 	-25.5959
6.13449 	-25.5829
6.13689 	-25.5699
6.13929 	-25.5568
6.14169 	-25.5437
6.14408 	-25.5305
6.14648 	-25.5173
6.14888 	-25.504
6.15128 	-25.4907
6.15368 	-25.4773
6.15607 	-25.4639
6.15847 	-25.4504
6.16087 	-25.4369
6.16327 	-25.4233
6.16567 	-25.4097
6.16806 	-25.396
6.17046 	-25.3823
6.17286 	-25.3686
6.17526 	-25.3547
6.17766 	-25.3409
6.18005 	-25.327
6.18245 	-25.313
6.18485 	-25.299
6.18725 	-25.285
6.18965 	-25.2708
6.19204 	-25.2567
6.19444 	-25.2425
6.19684 	-25.2282
6.19924 	-25.2139
6.20164 	-25.1996
6.20403 	-25.1852
6.20643 	-25.1708
6.20883 	-25.1563
6.21123 	-25.1417
6.21363 	-25.1272
6.21602 	-25.1125
6.21842 	-25.0978
6.22082 	-25.0831
6.22322 	-25.0683
6.22562 	-25.0535
6.22801 	-25.0386
6.23041 	-25.0237
6.23281 	-25.0087
6.23521 	-24.9937
6.23761 	-24.9786
6.24 	-24.9635
6.2424 	-24.9484
6.2448 	-24.9331
6.2472 	-24.9179
6.2496 	-24.9026
6.25199 	-24.8872
6.25439 	-24.8718
6.25679 	-24.8564
6.25919 	-24.8409
6.26159 	-24.8253
6.26398 	-24.8097
6.26638 	-24.7941
6.26878 	-24.7784
6.27118 	-24.7627
6.27358 	-24.7469
6.27597 	-24.7311
6.27837 	-24.7152
6.28077 	-24.6992
6.28317 	-24.6833
6.28557 	-24.6673
6.28796 	-24.6512
6.29036 	-24.6351
6.29276 	-24.6189
6.29516 	-24.6027
6.29756 	-24.5864
6.29995 	-24.5701
6.30235 	-24.5538
6.30475 	-24.5374
6.30715 	-24.5209
6.30955 	-24.5044
6.31194 	-24.4879
6.31434 	-24.4713
6.31674 	-24.4547
6.31914 	-24.438
6.32154 	-24.4213
6.32393 	-24.4045
6.32633 	-24.3877
6.32873 	-24.3708
6.33113 	-24.3539
6.33353 	-24.3369
6.33592 	-24.3199
6.33832 	-24.3029
6.34072 	-24.2858
6.34312 	-24.2686
6.34552 	-24.2514
6.34791 	-24.2342
6.35031 	-24.2169
6.35271 	-24.1996
6.35511 	-24.1822
6.35751 	-24.1648
6.3599 	-24.1473
6.3623 	-24.1298
6.3647 	-24.1122
6.3671 	-24.0946
6.3695 	-24.0769
6.37189 	-24.0592
6.37429 	-24.0415
6.37669 	-24.0237
6.37909 	-24.0058
6.38149 	-23.9879
6.38388 	-23.97
6.38628 	-23.952
6.38868 	-23.934
6.39108 	-23.9159
6.39348 	-23.8978
6.39587 	-23.8796
6.39827 	-23.8614
6.40067 	-23.8432
6.40307 	-23.8249
6.40547 	-23.8065
6.40786 	-23.7881
6.41026 	-23.7697
6.41266 	-23.7512
6.41506 	-23.7327
6.41746 	-23.7141
6.41985 	-23.6955
6.42225 	-23.6768
6.42465 	-23.6581
6.42705 	-23.6394
6.42945 	-23.6206
6.43184 	-23.6017
6.43424 	-23.5828
6.43664 	-23.5639
6.43904 	-23.5449
6.44144 	-23.5259
6.44383 	-23.5068
6.44623 	-23.4877
6.44863 	-23.4685
6.45103 	-23.4493
6.45343 	-23.4301
6.45582 	-23.4108
6.45822 	-23.3915
6.46062 	-23.3721
6.46302 	-23.3526
6.46542 	-23.3332
6.46781 	-23.3137
6.47021 	-23.2941
6.47261 	-23.2745
6.47501 	-23.2548
6.47741 	-23.2351
6.4798 	-23.2154
6.4822 	-23.1956
6.4846 	-23.1758
6.487 	-23.1559
6.4894 	-23.136
6.49179 	-23.1161
6.49419 	-23.0961
6.49659 	-23.076
6.49899 	-23.0559
6.50139 	-23.0358
6.50378 	-23.0156
6.50618 	-22.9954
6.50858 	-22.9751
6.51098 	-22.9548
6.51338 	-22.9345
6.51577 	-22.9141
6.51817 	-22.8936
6.52057 	-22.8731
6.52297 	-22.8526
6.52537 	-22.832
6.52776 	-22.8114
6.53016 	-22.7908
6.53256 	-22.7701
6.53496 	-22.7493
6.53736 	-22.7285
6.53975 	-22.7077
6.54215 	-22.6868
6.54455 	-22.6659
6.54695 	-22.645
6.54935 	-22.624
6.55174 	-22.6029
6.55414 	-22.5818
6.55654 	-22.5607
6.55894 	-22.5395
6.56134 	-22.5183
6.56373 	-22.4971
6.56613 	-22.4758
6.56853 	-22.4544
6.57093 	-22.4331
6.57333 	-22.4116
6.57572 	-22.3902
6.57812 	-22.3687
6.58052 	-22.3471
6.58292 	-22.3255
6.58532 	-22.3039
6.58771 	-22.2822
6.59011 	-22.2605
6.59251 	-22.2387
6.59491 	-22.2169
6.59731 	-22.1951
6.5997 	-22.1732
6.6021 	-22.1513
6.6045 	-22.1293
6.6069 	-22.1073
6.6093 	-22.0852
6.61169 	-22.0631
6.61409 	-22.041
6.61649 	-22.0188
6.61889 	-21.9966
6.62129 	-21.9744
6.62368 	-21.9521
6.62608 	-21.9297
6.62848 	-21.9073
6.63088 	-21.8849
6.63328 	-21.8625
6.63567 	-21.84
6.63807 	-21.8174
6.64047 	-21.7948
6.64287 	-21.7722
6.64527 	-21.7495
6.64766 	-21.7268
6.65006 	-21.7041
6.65246 	-21.6813
6.65486 	-21.6585
6.65726 	-21.6356
6.65965 	-21.6127
6.66205 	-21.5898
6.66445 	-21.5668
6.66685 	-21.5437
6.66925 	-21.5207
6.67164 	-21.4976
6.67404 	-21.4744
6.67644 	-21.4512
6.67884 	-21.428
6.68124 	-21.4047
6.68363 	-21.3814
6.68603 	-21.3581
6.68843 	-21.3347
6.69083 	-21.3113
6.69323 	-21.2878
6.69562 	-21.2643
6.69802 	-21.2408
6.70042 	-21.2172
6.70282 	-21.1936
6.70522 	-21.1699
6.70761 	-21.1462
6.71001 	-21.1225
6.71241 	-21.0987
6.71481 	-21.0749
6.71721 	-21.0511
6.7196 	-21.0272
6.722 	-21.0032
6.7244 	-20.9793
6.7268 	-20.9553
6.7292 	-20.9312
6.73159 	-20.9072
6.73399 	-20.883
6.73639 	-20.8589
6.73879 	-20.8347
6.74119 	-20.8104
6.74358 	-20.7862
6.74598 	-20.7619
6.74838 	-20.7375
6.75078 	-20.7131
6.75318 	-20.6887
6.75557 	-20.6643
6.75797 	-20.6398
6.76037 	-20.6152
6.76277 	-20.5907
6.76517 	-20.5661
6.76756 	-20.5414
6.76996 	-20.5167
6.77236 	-20.492
6.77476 	-20.4673
6.77716 	-20.4425
6.77955 	-20.4176
6.78195 	-20.3928
6.78435 	-20.3679
6.78675 	-20.3429
6.78915 	-20.318
6.79154 	-20.2929
6.79394 	-20.2679
6.79634 	-20.2428
6.79874 	-20.2177
6.80114 	-20.1925
6.80353 	-20.1674
6.80593 	-20.1421
6.80833 	-20.1169
6.81073 	-20.0916
6.81313 	-20.0662
6.81552 	-20.0409
6.81792 	-20.0155
6.82032 	-19.99
6.82272 	-19.9645
6.82512 	-19.939
6.82751 	-19.9135
6.82991 	-19.8879
6.83231 	-19.8623
6.83471 	-19.8366
6.83711 	-19.8109
6.8395 	-19.7852
6.8419 	-19.7595
6.8443 	-19.7337
6.8467 	-19.7079
6.8491 	-19.682
6.85149 	-19.6561
6.85389 	-19.6302
6.85629 	-19.6042
6.85869 	-19.5782
6.86109 	-19.5522
6.86348 	-19.5261
6.86588 	-19.5
6.86828 	-19.4739
6.87068 	-19.4477
6.87308 	-19.4215
6.87547 	-19.3953
6.87787 	-19.369
6.88027 	-19.3427
6.88267 	-19.3164
6.88507 	-19.29
6.88746 	-19.2636
6.88986 	-19.2372
6.89226 	-19.2107
6.89466 	-19.1843
6.89706 	-19.1577
6.89945 	-19.1312
6.90185 	-19.1046
6.90425 	-19.0779
6.90665 	-19.0513
6.90905 	-19.0246
6.91144 	-18.9979
6.91384 	-18.9711
6.91624 	-18.9443
6.91864 	-18.9175
6.92104 	-18.8907
6.92343 	-18.8638
6.92583 	-18.8369
6.92823 	-18.8099
6.93063 	-18.7829
6.93303 	-18.7559
6.93542 	-18.7289
6.93782 	-18.7018
6.94022 	-18.6747
6.94262 	-18.6476
6.94502 	-18.6204
6.94741 	-18.5932
6.94981 	-18.566
6.95221 	-18.5388
6.95461 	-18.5115
6.95701 	-18.4842
6.9594 	-18.4568
6.9618 	-18.4295
6.9642 	-18.402
6.9666 	-18.3746
6.969 	-18.3472
6.97139 	-18.3197
6.97379 	-18.2921
6.97619 	-18.2646
6.97859 	-18.237
6.98099 	-18.2094
6.98338 	-18.1817
6.98578 	-18.1541
6.98818 	-18.1264
6.99058 	-18.0987
6.99298 	-18.0709
6.99537 	-18.0431
6.99777 	-18.0153
7.00017 	-17.9875
7.00257 	-17.9596
7.00497 	-17.9317
7.00736 	-17.9038
7.00976 	-17.8758
7.01216 	-17.8478
7.01456 	-17.8198
7.01696 	-17.7918
7.01935 	-17.7637
7.02175 	-17.7356
7.02415 	-17.7075
7.02655 	-17.6794
7.02895 	-17.6512
7.03134 	-17.623
7.03374 	-17.5948
7.03614 	-17.5665
7.03854 	-17.5382
7.04094 	-17.5099
7.04333 	-17.4816
7.04573 	-17.4532
7.04813 	-17.4249
7.05053 	-17.3964
7.05293 	-17.368
7.05532 	-17.3395
7.05772 	-17.3111
7.06012 	-17.2825
7.06252 	-17.254
7.06492 	-17.2254
7.06731 	-17.1968
7.06971 	-17.1682
7.07211 	-17.1396
7.07451 	-17.1109
7.07691 	-17.0822
7.0793 	-17.0535
7.0817 	-17.0248
7.0841 	-16.996
7.0865 	-16.9672
7.0889 	-16.9384
7.09129 	-16.9096
7.09369 	-16.8807
7.09609 	-16.8518
7.09849 	-16.8229
7.10089 	-16.794
7.10328 	-16.7651
7.10568 	-16.7361
7.10808 	-16.7071
7.11048 	-16.6781
7.11288 	-16.649
7.11527 	-16.6199
7.11767 	-16.5909
7.12007 	-16.5617
7.12247 	-16.5326
7.12487 	-16.5035
7.12726 	-16.4743
7.12966 	-16.4451
7.13206 	-16.4159
7.13446 	-16.3866
7.13686 	-16.3573
7.13925 	-16.3281
7.14165 	-16.2987
7.14405 	-16.2694
7.14645 	-16.2401
7.14885 	-16.2107
7.15124 	-16.1813
7.15364 	-16.1519
7.15604 	-16.1225
7.15844 	-16.093
7.16084 	-16.0635
7.16323 	-16.034
7.16563 	-16.0045
7.16803 	-15.975
7.17043 	-15.9454
7.17283 	-15.9159
7.17522 	-15.8863
7.17762 	-15.8567
7.18002 	-15.827
7.18242 	-15.7974
7.18482 	-15.7677
7.18721 	-15.738
7.18961 	-15.7083
7.19201 	-15.6786
7.19441 	-15.6489
7.19681 	-15.6191
7.1992 	-15.5893
7.2016 	-15.5595
7.204 	-15.5297
7.2064 	-15.4999
7.2088 	-15.4701
7.21119 	-15.4402
7.21359 	-15.4103
7.21599 	-15.3804
7.21839 	-15.3505
7.22079 	-15.3206
7.22318 	-15.2906
7.22558 	-15.2607
7.22798 	-15.2307
7.23038 	-15.2007
7.23278 	-15.1707
7.23517 	-15.1407
7.23757 	-15.1106
7.23997 	-15.0806
7.24237 	-15.0505
7.24477 	-15.0204
7.24716 	-14.9903
7.24956 	-14.9602
7.25196 	-14.9301
7.25436 	-14.8999
7.25676 	-14.8697
7.25915 	-14.8396
7.26155 	-14.8094
7.26395 	-14.7792
7.26635 	-14.749
7.26875 	-14.7187
7.27114 	-14.6885
7.27354 	-14.6582
7.27594 	-14.628
7.27834 	-14.5977
7.28074 	-14.5674
7.28313 	-14.5371
7.28553 	-14.5068
7.28793 	-14.4764
7.29033 	-14.4461
7.29273 	-14.4158
7.29512 	-14.3854
7.29752 	-14.355
7.29992 	-14.3246
7.30232 	-14.2942
7.30472 	-14.2638
7.30711 	-14.2334
7.30951 	-14.203
7.31191 	-14.1725
7.31431 	-14.1421
7.31671 	-14.1116
7.3191 	-14.0811
7.3215 	-14.0506
7.3239 	-14.0202
7.3263 	-13.9897
7.3287 	-13.9591
7.33109 	-13.9286
7.33349 	-13.8981
7.33589 	-13.8675
7.33829 	-13.837
7.34069 	-13.8064
7.34308 	-13.7759
7.34548 	-13.7453
7.34788 	-13.7147
7.35028 	-13.6841
7.35268 	-13.6535
7.35507 	-13.6229
7.35747 	-13.5923
7.35987 	-13.5617
7.36227 	-13.5311
7.36467 	-13.5005
7.36706 	-13.4698
7.36946 	-13.4392
7.37186 	-13.4085
7.37426 	-13.3779
7.37666 	-13.3472
7.37905 	-13.3165
7.38145 	-13.2859
7.38385 	-13.2552
7.38625 	-13.2245
7.38865 	-13.1938
7.39104 	-13.1631
7.39344 	-13.1324
7.39584 	-13.1017
7.39824 	-13.071
7.40064 	-13.0403
7.40303 	-13.0096
7.40543 	-12.9789
7.40783 	-12.9481
7.41023 	-12.9174
7.41263 	-12.8867
7.41502 	-12.8559
7.41742 	-12.8252
7.41982 	-12.7945
7.42222 	-12.7637
7.42462 	-12.733
7.42701 	-12.7022
7.42941 	-12.6715
7.43181 	-12.6407
7.43421 	-12.61
7.43661 	-12.5792
7.439 	-12.5485
7.4414 	-12.5177
7.4438 	-12.487
7.4462 	-12.4562
7.4486 	-12.4255
7.45099 	-12.3947
7.45339 	-12.3639
7.45579 	-12.3332
7.45819 	-12.3024
7.46059 	-12.2717
7.46298 	-12.2409
7.46538 	-12.2102
7.46778 	-12.1794
7.47018 	-12.1487
7.47258 	-12.1179
7.47497 	-12.0872
7.47737 	-12.0564
7.47977 	-12.0257
7.48217 	-11.9949
7.48457 	-11.9642
7.48696 	-11.9334
7.48936 	-11.9027
7.49176 	-11.8719
7.49416 	-11.8412
7.49656 	-11.8105
7.49895 	-11.7798
7.50135 	-11.749
7.50375 	-11.7183
7.50615 	-11.6876
7.50855 	-11.6569
7.51094 	-11.6262
7.51334 	-11.5955
7.51574 	-11.5648
7.51814 	-11.5341
7.52054 	-11.5034
7.52293 	-11.4727
7.52533 	-11.442
7.52773 	-11.4114
7.53013 	-11.3807
7.53253 	-11.35
7.53492 	-11.3194
7.53732 	-11.2887
7.53972 	-11.2581
7.54212 	-11.2275
7.54452 	-11.1968
7.54691 	-11.1662
7.54931 	-11.1356
7.55171 	-11.105
7.55411 	-11.0744
7.55651 	-11.0438
7.5589 	-11.0132
7.5613 	-10.9826
7.5637 	-10.9521
7.5661 	-10.9215
7.5685 	-10.891
7.57089 	-10.8604
7.57329 	-10.8299
7.57569 	-10.7994
7.57809 	-10.7689
7.58049 	-10.7384
7.58288 	-10.7079
7.58528 	-10.6774
7.58768 	-10.6469
7.59008 	-10.6165
7.59248 	-10.586
7.59487 	-10.5556
7.59727 	-10.5251
7.59967 	-10.4947
7.60207 	-10.4643
7.60447 	-10.4339
7.60686 	-10.4035
7.60926 	-10.3732
7.61166 	-10.3428
7.61406 	-10.3124
7.61646 	-10.2821
7.61885 	-10.2518
7.62125 	-10.2215
7.62365 	-10.1912
7.62605 	-10.1609
7.62845 	-10.1306
7.63084 	-10.1004
7.63324 	-10.0701
7.63564 	-10.0399
7.63804 	-10.0097
7.64044 	-9.97947
7.64283 	-9.94928
7.64523 	-9.91911
7.64763 	-9.88895
7.65003 	-9.85881
7.65243 	-9.82868
7.65482 	-9.79857
7.65722 	-9.76847
7.65962 	-9.73839
7.66202 	-9.70832
7.66442 	-9.67827
7.66681 	-9.64824
7.66921 	-9.61822
7.67161 	-9.58822
7.67401 	-9.55824
7.67641 	-9.52827
7.6788 	-9.49832
7.6812 	-9.46839
7.6836 	-9.43848
7.686 	-9.40858
7.6884 	-9.3787
7.69079 	-9.34884
7.69319 	-9.319
7.69559 	-9.28917
7.69799 	-9.25937
7.70039 	-9.22958
7.70278 	-9.19981
7.70518 	-9.17006
7.70758 	-9.14033
7.70998 	-9.11062
7.71238 	-9.08093
7.71477 	-9.05126
7.71717 	-9.02161
7.71957 	-8.99198
7.72197 	-8.96237
7.72437 	-8.93278
7.72676 	-8.90321
7.72916 	-8.87366
7.73156 	-8.84413
7.73396 	-8.81463
7.73636 	-8.78514
7.73875 	-8.75568
7.74115 	-8.72623
7.74355 	-8.69681
7.74595 	-8.66742
7.74835 	-8.63804
7.75074 	-8.60869
7.75314 	-8.57936
7.75554 	-8.55005
7.75794 	-8.52076
7.76034 	-8.4915
7.76273 	-8.46226
7.76513 	-8.43305
7.76753 	-8.40385
7.76993 	-8.37468
7.77233 	-8.34554
7.77472 	-8.31642
7.77712 	-8.28732
7.77952 	-8.25825
7.78192 	-8.2292
7.78432 	-8.20018
7.78671 	-8.17118
7.78911 	-8.14221
7.79151 	-8.11326
7.79391 	-8.08434
7.79631 	-8.05544
7.7987 	-8.02657
7.8011 	-7.99772
7.8035 	-7.9689
7.8059 	-7.94011
7.8083 	-7.91134
7.81069 	-7.8826
7.81309 	-7.85389
7.81549 	-7.8252
7.81789 	-7.79654
7.82029 	-7.76791
7.82268 	-7.7393
7.82508 	-7.71072
7.82748 	-7.68217
7.82988 	-7.65365
7.83228 	-7.62515
7.83467 	-7.59668
7.83707 	-7.56824
7.83947 	-7.53983
7.84187 	-7.51145
7.84427 	-7.48309
7.84666 	-7.45477
7.84906 	-7.42647
7.85146 	-7.3982
7.85386 	-7.36997
7.85626 	-7.34176
7.85865 	-7.31358
7.86105 	-7.28543
7.86345 	-7.25731
7.86585 	-7.22922
7.86825 	-7.20116
7.87064 	-7.17313
7.87304 	-7.14513
7.87544 	-7.11716
7.87784 	-7.08922
7.88024 	-7.06131
7.88263 	-7.03343
7.88503 	-7.00559
7.88743 	-6.97777
7.88983 	-6.94999
7.89223 	-6.92224
7.89462 	-6.89452
7.89702 	-6.86683
7.89942 	-6.83917
7.90182 	-6.81155
7.90422 	-6.78396
7.90661 	-6.7564
7.90901 	-6.72887
7.91141 	-6.70137
7.91381 	-6.67391
7.91621 	-6.64648
7.9186 	-6.61908
7.921 	-6.59172
7.9234 	-6.56439
7.9258 	-6.53709
7.9282 	-6.50983
7.93059 	-6.4826
7.93299 	-6.4554
7.93539 	-6.42824
7.93779 	-6.40111
7.94019 	-6.37402
7.94258 	-6.34696
7.94498 	-6.31993
7.94738 	-6.29294
7.94978 	-6.26599
7.95218 	-6.23906
7.95457 	-6.21218
7.95697 	-6.18533
7.95937 	-6.15851
7.96177 	-6.13173
7.96417 	-6.10498
7.96656 	-6.07827
7.96896 	-6.0516
7.97136 	-6.02496
7.97376 	-5.99835
7.97616 	-5.97178
7.97855 	-5.94525
7.98095 	-5.91876
7.98335 	-5.8923
7.98575 	-5.86587
7.98815 	-5.83949
7.99054 	-5.81314
7.99294 	-5.78682
7.99534 	-5.76055
7.99774 	-5.73431
8.00014 	-5.70811
8.00253 	-5.68194
8.00493 	-5.65581
8.00733 	-5.62972
8.00973 	-5.60367
8.01213 	-5.57765
8.01452 	-5.55168
8.01692 	-5.52574
8.01932 	-5.49983
8.02172 	-5.47397
8.02412 	-5.44814
8.02651 	-5.42235
8.02891 	-5.3966
8.03131 	-5.37089
8.03371 	-5.34522
8.03611 	-5.31959
8.0385 	-5.29399
8.0409 	-5.26843
8.0433 	-5.24291
8.0457 	-5.21744
8.0481 	-5.192
8.05049 	-5.16659
8.05289 	-5.14123
8.05529 	-5.11591
8.05769 	-5.09063
8.06009 	-5.06538
8.06248 	-5.04018
8.06488 	-5.01502
8.06728 	-4.98989
8.06968 	-4.96481
8.07208 	-4.93976
8.07447 	-4.91476
8.07687 	-4.88979
8.07927 	-4.86487
8.08167 	-4.83999
8.08407 	-4.81514
8.08646 	-4.79034
8.08886 	-4.76558
8.09126 	-4.74086
8.09366 	-4.71618
8.09606 	-4.69153
8.09845 	-4.66694
8.10085 	-4.64238
8.10325 	-4.61786
8.10565 	-4.59338
8.10805 	-4.56895
8.11044 	-4.54455
8.11284 	-4.5202
8.11524 	-4.49589
8.11764 	-4.47162
8.12004 	-4.44739
8.12243 	-4.42321
8.12483 	-4.39906
8.12723 	-4.37496
8.12963 	-4.3509
8.13203 	-4.32688
8.13442 	-4.3029
8.13682 	-4.27896
8.13922 	-4.25507
8.14162 	-4.23122
8.14402 	-4.20741
8.14641 	-4.18364
8.14881 	-4.15992
8.15121 	-4.13624
8.15361 	-4.1126
8.15601 	-4.089
8.1584 	-4.06545
8.1608 	-4.04193
8.1632 	-4.01846
8.1656 	-3.99504
8.168 	-3.97165
8.17039 	-3.94831
8.17279 	-3.92502
8.17519 	-3.90176
8.17759 	-3.87855
8.17999 	-3.85538
8.18238 	-3.83226
8.18478 	-3.80917
8.18718 	-3.78613
8.18958 	-3.76314
8.19198 	-3.74019
8.19437 	-3.71728
8.19677 	-3.69441
8.19917 	-3.67159
8.20157 	-3.64881
8.20397 	-3.62608
8.20636 	-3.60339
8.20876 	-3.58074
8.21116 	-3.55814
8.21356 	-3.53558
8.21596 	-3.51306
8.21835 	-3.49059
8.22075 	-3.46816
8.22315 	-3.44578
8.22555 	-3.42343
8.22795 	-3.40114
8.23034 	-3.37889
8.23274 	-3.35668
8.23514 	-3.33451
8.23754 	-3.31239
8.23994 	-3.29032
8.24233 	-3.26829
8.24473 	-3.2463
8.24713 	-3.22436
8.24953 	-3.20246
8.25193 	-3.18061
8.25432 	-3.1588
8.25672 	-3.13703
8.25912 	-3.11531
8.26152 	-3.09363
8.26392 	-3.072
8.26631 	-3.05042
8.26871 	-3.02887
8.27111 	-3.00737
8.27351 	-2.98592
8.27591 	-2.96451
8.2783 	-2.94315
8.2807 	-2.92183
8.2831 	-2.90056
8.2855 	-2.87933
8.2879 	-2.85814
8.29029 	-2.837
8.29269 	-2.81591
8.29509 	-2.79486
8.29749 	-2.77385
8.29989 	-2.75289
8.30228 	-2.73197
8.30468 	-2.7111
8.30708 	-2.69028
8.30948 	-2.6695
8.31188 	-2.64876
8.31427 	-2.62807
8.31667 	-2.60742
8.31907 	-2.58682
8.32147 	-2.56627
8.32387 	-2.54576
8.32626 	-2.52529
8.32866 	-2.50487
8.33106 	-2.4845
8.33346 	-2.46417
8.33586 	-2.44388
8.33825 	-2.42364
8.34065 	-2.40345
8.34305 	-2.3833
8.34545 	-2.36319
8.34785 	-2.34313
8.35024 	-2.32312
8.35264 	-2.30315
8.35504 	-2.28322
8.35744 	-2.26334
8.35984 	-2.24351
8.36223 	-2.22372
8.36463 	-2.20398
8.36703 	-2.18428
8.36943 	-2.16463
8.37183 	-2.14502
8.37422 	-2.12546
8.37662 	-2.10594
8.37902 	-2.08647
8.38142 	-2.06704
8.38382 	-2.04766
8.38621 	-2.02832
8.38861 	-2.00903
8.39101 	-1.98978
8.39341 	-1.97058
8.39581 	-1.95142
8.3982 	-1.93231
8.4006 	-1.91325
8.403 	-1.89422
8.4054 	-1.87525
8.4078 	-1.85632
8.41019 	-1.83743
8.41259 	-1.81859
8.41499 	-1.7998
8.41739 	-1.78105
8.41979 	-1.76234
8.42218 	-1.74368
8.42458 	-1.72507
8.42698 	-1.7065
8.42938 	-1.68797
8.43178 	-1.66949
8.43417 	-1.65105
8.43657 	-1.63266
8.43897 	-1.61432
8.44137 	-1.59602
8.44377 	-1.57776
8.44616 	-1.55955
8.44856 	-1.54139
8.45096 	-1.52327
8.45336 	-1.50519
8.45576 	-1.48716
8.45815 	-1.46917
8.46055 	-1.45123
8.46295 	-1.43334
8.46535 	-1.41548
8.46775 	-1.39768
8.47014 	-1.37991
8.47254 	-1.3622
8.47494 	-1.34452
8.47734 	-1.32689
8.47974 	-1.30931
8.48213 	-1.29177
8.48453 	-1.27428
8.48693 	-1.25683
8.48933 	-1.23942
8.49173 	-1.22206
8.49412 	-1.20474
8.49652 	-1.18747
8.49892 	-1.17024
8.50132 	-1.15306
8.50372 	-1.13592
8.50611 	-1.11883
8.50851 	-1.10178
8.51091 	-1.08477
8.51331 	-1.06781
8.51571 	-1.05089
8.5181 	-1.03402
8.5205 	-1.01719
8.5229 	-1.0004
8.5253 	-0.983661
8.5277 	-0.966963
8.53009 	-0.95031
8.53249 	-0.933701
8.53489 	-0.917136
8.53729 	-0.900614
8.53969 	-0.884137
8.54208 	-0.867703
8.54448 	-0.851314
8.54688 	-0.834968
8.54928 	-0.818665
8.55168 	-0.802407
8.55407 	-0.786192
8.55647 	-0.77002
8.55887 	-0.753893
8.56127 	-0.737808
8.56367 	-0.721768
8.56606 	-0.70577
8.56846 	-0.689817
8.57086 	-0.673906
8.57326 	-0.658039
8.57566 	-0.642215
8.57805 	-0.626435
8.58045 	-0.610697
8.58285 	-0.595003
8.58525 	-0.579352
8.58765 	-0.563744
8.59004 	-0.54818
8.59244 	-0.532658
8.59484 	-0.517179
8.59724 	-0.501743
8.59964 	-0.48635
8.60203 	-0.470999
8.60443 	-0.455692
8.60683 	-0.440427
8.60923 	-0.425205
8.61163 	-0.410026
8.61402 	-0.394889
8.61642 	-0.379795
8.61882 	-0.364743
8.62122 	-0.349733
8.62362 	-0.334767
8.62601 	-0.319842
8.62841 	-0.30496
8.63081 	-0.29012
8.63321 	-0.275322
8.63561 	-0.260566
8.638 	-0.245853
8.6404 	-0.231182
8.6428 	-0.216552
8.6452 	-0.201965
8.6476 	-0.187419
8.64999 	-0.172915
8.65239 	-0.158454
8.65479 	-0.144033
8.65719 	-0.129655
8.65959 	-0.115318
8.66198 	-0.101023
8.66438 	-0.0867694
8.66678 	-0.0725572
8.66918 	-0.0583865
8.67158 	-0.0442572
8.67397 	-0.0301692
8.67637 	-0.0161224
8.67877 	-0.00211692
8.68117 	0.0118474
8.68357 	0.0257707
8.68596 	0.0396529
8.68836 	0.053494
8.69076 	0.0672943
8.69316 	0.0810537
8.69556 	0.0947722
8.69795 	0.10845
8.70035 	0.122087
8.70275 	0.135683
8.70515 	0.149239
8.70755 	0.162755
8.70994 	0.176229
8.71234 	0.189664
8.71474 	0.203058
8.71714 	0.216411
8.71954 	0.229725
8.72193 	0.242998
8.72433 	0.256231
8.72673 	0.269424
8.72913 	0.282577
8.73153 	0.29569
8.73392 	0.308764
8.73632 	0.321797
8.73872 	0.334791
8.74112 	0.347745
8.74352 	0.360659
8.74591 	0.373534
8.74831 	0.386369
8.75071 	0.399165
8.75311 	0.411921
8.75551 	0.424638
8.7579 	0.437316
8.7603 	0.449954
8.7627 	0.462554
8.7651 	0.475114
8.7675 	0.487635
8.76989 	0.500117
8.77229 	0.512561
8.77469 	0.524966
8.77709 	0.537331
8.77949 	0.549659
8.78188 	0.561947
8.78428 	0.574197
8.78668 	0.586408
8.78908 	0.598581
8.79148 	0.610716
8.79387 	0.622812
8.79627 	0.63487
8.79867 	0.64689
8.80107 	0.658872
8.80347 	0.670816
8.80586 	0.682721
8.80826 	0.694589
8.81066 	0.706419
8.81306 	0.718211
8.81546 	0.729966
8.81785 	0.741683
8.82025 	0.753362
8.82265 	0.765004
8.82505 	0.776608
8.82745 	0.788175
8.82984 	0.799704
8.83224 	0.811197
8.83464 	0.822652
8.83704 	0.83407
8.83944 	0.845451
8.84183 	0.856795
8.84423 	0.868102
8.84663 	0.879372
8.84903 	0.890606
8.85143 	0.901803
8.85382 	0.912963
8.85622 	0.924086
8.85862 	0.935173
8.86102 	0.946224
8.86342 	0.957238
8.86581 	0.968216
8.86821 	0.979158
8.87061 	0.990064
8.87301 	1.00093
8.87541 	1.01177
8.8778 	1.02256
8.8802 	1.03333
8.8826 	1.04405
8.885 	1.05474
8.8874 	1.0654
8.88979 	1.07602
8.89219 	1.0866
8.89459 	1.09715
8.89699 	1.10766
8.89939 	1.11814
8.90178 	1.12858
8.90418 	1.13899
8.90658 	1.14936
8.90898 	1.15969
8.91138 	1.17
8.91377 	1.18026
8.91617 	1.1905
8.91857 	1.20069
8.92097 	1.21086
8.92337 	1.22098
8.92576 	1.23108
8.92816 	1.24114
8.93056 	1.25116
8.93296 	1.26115
8.93536 	1.27111
8.93775 	1.28103
8.94015 	1.29092
8.94255 	1.30077
8.94495 	1.31059
8.94735 	1.32038
8.94974 	1.33013
8.95214 	1.33985
8.95454 	1.34953
8.95694 	1.35918
8.95934 	1.3688
8.96173 	1.37838
8.96413 	1.38793
8.96653 	1.39745
8.96893 	1.40694
8.97133 	1.41639
8.97372 	1.42581
8.97612 	1.43519
8.97852 	1.44454
8.98092 	1.45386
8.98332 	1.46315
8.98571 	1.4724
8.98811 	1.48162
8.99051 	1.49081
8.99291 	1.49997
8.99531 	1.50909
8.9977 	1.51818
9.0001 	1.52724
9.0025 	1.53626
9.0049 	1.54526
9.0073 	1.55422
9.00969 	1.56315
9.01209 	1.57205
9.01449 	1.58091
9.01689 	1.58975
9.01929 	1.59855
9.02168 	1.60732
9.02408 	1.61606
9.02648 	1.62477
9.02888 	1.63345
9.03128 	1.64209
9.03367 	1.65071
9.03607 	1.65929
9.03847 	1.66784
9.04087 	1.67636
9.04327 	1.68485
9.04566 	1.69331
9.04806 	1.70174
9.05046 	1.71013
9.05286 	1.7185
9.05526 	1.72683
9.05765 	1.73514
9.06005 	1.74341
9.06245 	1.75166
9.06485 	1.75987
9.06725 	1.76806
9.06964 	1.77621
9.07204 	1.78433
9.07444 	1.79242
9.07684 	1.80049
9.07924 	1.80852
9.08163 	1.81652
9.08403 	1.8245
9.08643 	1.83244
9.08883 	1.84035
9.09123 	1.84824
9.09362 	1.85609
9.09602 	1.86392
9.09842 	1.87172
9.10082 	1.87948
9.10322 	1.88722
9.10561 	1.89493
9.10801 	1.90261
9.11041 	1.91026
9.11281 	1.91788
9.11521 	1.92547
9.1176 	1.93304
9.12 	1.94057
9.1224 	1.94808
9.1248 	1.95556
9.1272 	1.96301
9.12959 	1.97043
9.13199 	1.97782
9.13439 	1.98519
9.13679 	1.99252
9.13919 	1.99983
9.14158 	2.00711
9.14398 	2.01437
9.14638 	2.02159
9.14878 	2.02879
9.15118 	2.03595
9.15357 	2.0431
9.15597 	2.05021
9.15837 	2.0573
9.16077 	2.06435
9.16317 	2.07138
9.16556 	2.07839
9.16796 	2.08536
9.17036 	2.09231
9.17276 	2.09924
9.17516 	2.10613
9.17755 	2.113
9.17995 	2.11984
9.18235 	2.12665
9.18475 	2.13344
9.18715 	2.1402
9.18954 	2.14694
9.19194 	2.15364
9.19434 	2.16032
9.19674 	2.16698
9.19914 	2.17361
9.20153 	2.18021
9.20393 	2.18678
9.20633 	2.19333
9.20873 	2.19986
9.21113 	2.20635
9.21352 	2.21282
9.21592 	2.21927
9.21832 	2.22569
9.22072 	2.23208
9.22312 	2.23845
9.22551 	2.24479
9.22791 	2.25111
9.23031 	2.2574
9.23271 	2.26367
9.23511 	2.26991
9.2375 	2.27612
9.2399 	2.28232
9.2423 	2.28848
9.2447 	2.29462
9.2471 	2.30074
9.24949 	2.30683
9.25189 	2.31289
9.25429 	2.31893
9.25669 	2.32495
9.25909 	2.33094
9.26148 	2.3369
9.26388 	2.34285
9.26628 	2.34876
9.26868 	2.35466
9.27108 	2.36053
9.27347 	2.36637
9.27587 	2.37219
9.27827 	2.37799
9.28067 	2.38376
9.28307 	2.38951
9.28546 	2.39523
9.28786 	2.40093
9.29026 	2.40661
9.29266 	2.41226
9.29506 	2.41789
9.29745 	2.4235
9.29985 	2.42908
9.30225 	2.43464
9.30465 	2.44017
9.30705 	2.44569
9.30944 	2.45117
9.31184 	2.45664
9.31424 	2.46208
9.31664 	2.4675
9.31904 	2.4729
9.32143 	2.47827
9.32383 	2.48362
9.32623 	2.48895
9.32863 	2.49425
9.33103 	2.49954
9.33342 	2.5048
9.33582 	2.51003
9.33822 	2.51525
9.34062 	2.52044
9.34302 	2.52561
9.34541 	2.53076
9.34781 	2.53588
9.35021 	2.54099
9.35261 	2.54607
9.35501 	2.55113
9.3574 	2.55616
9.3598 	2.56118
9.3622 	2.56617
9.3646 	2.57114
9.367 	2.57609
9.36939 	2.58102
9.37179 	2.58593
9.37419 	2.59081
9.37659 	2.59568
9.37899 	2.60052
9.38138 	2.60534
9.38378 	2.61014
9.38618 	2.61492
9.38858 	2.61968
9.39098 	2.62441
9.39337 	2.62913
9.39577 	2.63382
9.39817 	2.6385
9.40057 	2.64315
9.40297 	2.64778
9.40536 	2.65239
9.40776 	2.65698
9.41016 	2.66155
9.41256 	2.6661
9.41496 	2.67063
9.41735 	2.67514
9.41975 	2.67962
9.42215 	2.68409
9.42455 	2.68854
9.42695 	2.69297
9.42934 	2.69737
9.43174 	2.70176
9.43414 	2.70613
9.43654 	2.71048
9.43894 	2.7148
9.44133 	2.71911
9.44373 	2.7234
9.44613 	2.72767
9.44853 	2.73191
9.45093 	2.73614
9.45332 	2.74035
9.45572 	2.74454
9.45812 	2.74871
9.46052 	2.75286
9.46292 	2.75699
9.46531 	2.76111
9.46771 	2.7652
9.47011 	2.76928
9.47251 	2.77333
9.47491 	2.77737
9.4773 	2.78138
9.4797 	2.78538
9.4821 	2.78936
9.4845 	2.79332
9.4869 	2.79726
9.48929 	2.80119
9.49169 	2.80509
9.49409 	2.80898
9.49649 	2.81285
9.49889 	2.8167
9.50128 	2.82053
9.50368 	2.82434
9.50608 	2.82814
9.50848 	2.83191
9.51088 	2.83567
9.51327 	2.83941
9.51567 	2.84313
9.51807 	2.84684
9.52047 	2.85052
9.52287 	2.85419
9.52526 	2.85784
9.52766 	2.86148
9.53006 	2.86509
9.53246 	2.86869
9.53486 	2.87227
9.53725 	2.87583
9.53965 	2.87938
9.54205 	2.8829
9.54445 	2.88641
9.54685 	2.88991
9.54924 	2.89338
9.55164 	2.89684
9.55404 	2.90028
9.55644 	2.90371
9.55884 	2.90711
9.56123 	2.9105
9.56363 	2.91388
9.56603 	2.91723
9.56843 	2.92057
9.57083 	2.9239
9.57322 	2.9272
9.57562 	2.93049
9.57802 	2.93376
9.58042 	2.93702
9.58282 	2.94026
9.58521 	2.94348
9.58761 	2.94669
9.59001 	2.94988
9.59241 	2.95306
9.59481 	2.95621
9.5972 	2.95936
9.5996 	2.96248
9.602 	2.96559
9.6044 	2.96869
9.6068 	2.97176
9.60919 	2.97483
9.61159 	2.97787
9.61399 	2.9809
9.61639 	2.98392
9.61879 	2.98691
9.62118 	2.9899
9.62358 	2.99286
9.62598 	2.99582
9.62838 	2.99875
9.63078 	3.00167
9.63317 	3.00458
9.63557 	3.00747
9.63797 	3.01034
9.64037 	3.0132
9.64277 	3.01605
9.64516 	3.01888
9.64756 	3.02169
9.64996 	3.02449
9.65236 	3.02727
9.65476 	3.03004
9.65715 	3.03279
9.65955 	3.03553
9.66195 	3.03826
9.66435 	3.04097
9.66675 	3.04366
9.66914 	3.04634
9.67154 	3.04901
9.67394 	3.05166
9.67634 	3.05429
9.67874 	3.05692
9.68113 	3.05952
9.68353 	3.06212
9.68593 	3.06469
9.68833 	3.06726
9.69073 	3.06981
9.69312 	3.07234
9.69552 	3.07487
9.69792 	3.07737
9.70032 	3.07987
9.70272 	3.08235
9.70511 	3.08481
9.70751 	3.08726
9.70991 	3.0897
9.71231 	3.09212
9.71471 	3.09453
9.7171 	3.09693
9.7195 	3.09931
9.7219 	3.10168
9.7243 	3.10404
9.7267 	3.10638
9.72909 	3.10871
9.73149 	3.11102
9.73389 	3.11332
9.73629 	3.11561
9.73869 	3.11789
9.74108 	3.12015
9.74348 	3.1224
9.74588 	3.12463
9.74828 	3.12685
9.75068 	3.12906
9.75307 	3.13126
9.75547 	3.13344
9.75787 	3.13561
9.76027 	3.13777
9.76267 	3.13991
9.76506 	3.14204
9.76746 	3.14416
9.76986 	3.14626
9.77226 	3.14836
9.77466 	3.15044
9.77705 	3.1525
9.77945 	3.15456
9.78185 	3.1566
9.78425 	3.15863
9.78665 	3.16065
9.78904 	3.16265
9.79144 	3.16464
9.79384 	3.16662
9.79624 	3.16859
9.79864 	3.17055
9.80103 	3.17249
9.80343 	3.17442
9.80583 	3.17634
9.80823 	3.17825
9.81063 	3.18014
9.81302 	3.18203
9.81542 	3.1839
9.81782 	3.18576
9.82022 	3.1876
9.82262 	3.18944
9.82501 	3.19126
9.82741 	3.19307
9.82981 	3.19487
9.83221 	3.19666
9.83461 	3.19844
9.837 	3.20021
9.8394 	3.20196
9.8418 	3.2037
9.8442 	3.20543
9.8466 	3.20715
9.84899 	3.20886
9.85139 	3.21056
9.85379 	3.21224
9.85619 	3.21392
9.85859 	3.21558
9.86098 	3.21723
9.86338 	3.21887
9.86578 	3.2205
9.86818 	3.22212
9.87058 	3.22372
9.87297 	3.22532
9.87537 	3.22691
9.87777 	3.22848
9.88017 	3.23004
9.88257 	3.2316
9.88496 	3.23314
9.88736 	3.23467
9.88976 	3.23619
9.89216 	3.2377
9.89456 	3.2392
9.89695 	3.24069
9.89935 	3.24216
9.90175 	3.24363
9.90415 	3.24509
9.90655 	3.24653
9.90894 	3.24797
9.91134 	3.24939
9.91374 	3.25081
9.91614 	3.25221
9.91854 	3.25361
9.92093 	3.25499
9.92333 	3.25637
9.92573 	3.25773
9.92813 	3.25908
9.93053 	3.26043
9.93292 	3.26176
9.93532 	3.26308
9.93772 	3.2644
9.94012 	3.2657
9.94252 	3.267
9.94491 	3.26828
9.94731 	3.26955
9.94971 	3.27082
9.95211 	3.27207
9.95451 	3.27332
9.9569 	3.27455
9.9593 	3.27577
9.9617 	3.27699
9.9641 	3.2782
9.9665 	3.27939
9.96889 	3.28058
9.97129 	3.28176
9.97369 	3.28292
9.97609 	3.28408
9.97849 	3.28523
9.98088 	3.28637
9.98328 	3.2875
9.98568 	3.28862
9.98808 	3.28973
9.99048 	3.29083
9.99287 	3.29193
9.99527 	3.29301
9.99767 	3.29409
10.0001 	3.29515
10.0025 	3.29621
10.0049 	3.29726
10.0073 	3.2983
10.0097 	3.29932
10.0121 	3.30035
10.0145 	3.30136
10.0169 	3.30236
10.0193 	3.30335
10.0216 	3.30434
10.024 	3.30532
10.0264 	3.30628
10.0288 	3.30724
10.0312 	3.30819
10.0336 	3.30913
10.036 	3.31007
10.0384 	3.31099
10.0408 	3.31191
10.0432 	3.31282
10.0456 	3.31371
10.048 	3.3146
10.0504 	3.31549
10.0528 	3.31636
10.0552 	3.31723
10.0576 	3.31808
10.06 	3.31893
10.0624 	3.31977
10.0648 	3.3206
10.0672 	3.32143
10.0696 	3.32224
10.072 	3.32305
10.0744 	3.32385
10.0768 	3.32464
10.0792 	3.32542
10.0816 	3.3262
10.084 	3.32697
10.0864 	3.32773
10.0888 	3.32848
10.0912 	3.32922
10.0936 	3.32996
10.096 	3.33068
10.0984 	3.3314
10.1008 	3.33211
10.1032 	3.33282
10.1056 	3.33352
10.108 	3.3342
10.1104 	3.33489
10.1128 	3.33556
10.1152 	3.33622
10.1176 	3.33688
10.12 	3.33753
10.1224 	3.33818
10.1248 	3.33881
10.1272 	3.33944
10.1296 	3.34006
10.132 	3.34067
10.1344 	3.34128
10.1368 	3.34188
10.1392 	3.34247
10.1416 	3.34305
10.1439 	3.34363
10.1463 	3.3442
10.1487 	3.34476
10.1511 	3.34531
10.1535 	3.34586
10.1559 	3.3464
10.1583 	3.34694
10.1607 	3.34746
10.1631 	3.34798
10.1655 	3.34849
10.1679 	3.349
10.1703 	3.3495
10.1727 	3.34999
10.1751 	3.35047
10.1775 	3.35095
10.1799 	3.35142
10.1823 	3.35188
10.1847 	3.35234
10.1871 	3.35279
10.1895 	3.35323
10.1919 	3.35367
10.1943 	3.3541
10.1967 	3.35452
10.1991 	3.35494
10.2015 	3.35535
10.2039 	3.35575
10.2063 	3.35615
10.2087 	3.35654
10.2111 	3.35692
10.2135 	3.3573
10.2159 	3.35767
10.2183 	3.35803
10.2207 	3.35839
10.2231 	3.35874
10.2255 	3.35908
10.2279 	3.35942
10.2303 	3.35975
10.2327 	3.36008
10.2351 	3.3604
10.2375 	3.36071
10.2399 	3.36102
10.2423 	3.36132
10.2447 	3.36161
10.2471 	3.3619
10.2495 	3.36218
10.2519 	3.36245
10.2543 	3.36272
10.2567 	3.36299
10.2591 	3.36324
10.2614 	3.3635
10.2638 	3.36374
10.2662 	3.36398
10.2686 	3.36421
10.271 	3.36444
10.2734 	3.36466
10.2758 	3.36488
10.2782 	3.36509
10.2806 	3.36529
10.283 	3.36549
10.2854 	3.36568
10.2878 	3.36587
10.2902 	3.36605
10.2926 	3.36622
10.295 	3.36639
10.2974 	3.36656
10.2998 	3.36671
10.3022 	3.36687
10.3046 	3.36701
10.307 	3.36715
10.3094 	3.36729
10.3118 	3.36742
10.3142 	3.36754
10.3166 	3.36766
10.319 	3.36777
10.3214 	3.36788
10.3238 	3.36798
10.3262 	3.36808
10.3286 	3.36817
10.331 	3.36826
10.3334 	3.36834
10.3358 	3.36841
10.3382 	3.36848
10.3406 	3.36855
10.343 	3.36861
10.3454 	3.36866
10.3478 	3.36871
10.3502 	3.36875
10.3526 	3.36879
10.355 	3.36883
10.3574 	3.36885
10.3598 	3.36888
10.3622 	3.3689
10.3646 	3.36891
10.367 	3.36892
10.3694 	3.36892
10.3718 	3.36892
10.3742 	3.36891
10.3766 	3.3689
10.379 	3.36888
10.3813 	3.36886
10.3837 	3.36883
10.3861 	3.3688
10.3885 	3.36876
10.3909 	3.36872
10.3933 	3.36867
10.3957 	3.36862
10.3981 	3.36856
10.4005 	3.3685
10.4029 	3.36844
10.4053 	3.36836
10.4077 	3.36829
10.4101 	3.36821
10.4125 	3.36812
10.4149 	3.36803
10.4173 	3.36794
10.4197 	3.36784
10.4221 	3.36774
10.4245 	3.36763
10.4269 	3.36752
10.4293 	3.3674
10.4317 	3.36728
10.4341 	3.36715
10.4365 	3.36702
10.4389 	3.36688
10.4413 	3.36674
10.4437 	3.3666
10.4461 	3.36645
10.4485 	3.3663
10.4509 	3.36614
10.4533 	3.36598
10.4557 	3.36581
10.4581 	3.36564
10.4605 	3.36547
10.4629 	3.36529
10.4653 	3.3651
10.4677 	3.36491
10.4701 	3.36472
10.4725 	3.36453
10.4749 	3.36433
10.4773 	3.36412
10.4797 	3.36391
10.4821 	3.3637
10.4845 	3.36348
10.4869 	3.36326
10.4893 	3.36303
10.4917 	3.3628
10.4941 	3.36257
10.4965 	3.36233
10.4989 	3.36209
10.5013 	3.36184
10.5036 	3.36159
10.506 	3.36134
10.5084 	3.36108
10.5108 	3.36082
10.5132 	3.36055
10.5156 	3.36028
10.518 	3.36001
10.5204 	3.35973
10.5228 	3.35945
10.5252 	3.35917
10.5276 	3.35888
10.53 	3.35858
10.5324 	3.35829
10.5348 	3.35799
10.5372 	3.35768
10.5396 	3.35737
10.542 	3.35706
10.5444 	3.35674
10.5468 	3.35642
10.5492 	3.3561
10.5516 	3.35577
10.554 	3.35544
10.5564 	3.35511
10.5588 	3.35477
10.5612 	3.35443
10.5636 	3.35408
10.566 	3.35374
10.5684 	3.35338
10.5708 	3.35303
10.5732 	3.35267
10.5756 	3.35231
10.578 	3.35194
10.5804 	3.35157
10.5828 	3.35119
10.5852 	3.35082
10.5876 	3.35044
10.59 	3.35005
10.5924 	3.34967
10.5948 	3.34928
10.5972 	3.34888
10.5996 	3.34848
10.602 	3.34808
10.6044 	3.34768
10.6068 	3.34727
10.6092 	3.34686
10.6116 	3.34644
10.614 	3.34603
10.6164 	3.34561
10.6188 	3.34518
10.6212 	3.34475
10.6235 	3.34432
10.6259 	3.34389
10.6283 	3.34345
10.6307 	3.34301
10.6331 	3.34257
10.6355 	3.34212
10.6379 	3.34167
10.6403 	3.34122
10.6427 	3.34076
10.6451 	3.3403
10.6475 	3.33984
10.6499 	3.33938
10.6523 	3.33891
10.6547 	3.33844
10.6571 	3.33796
10.6595 	3.33748
10.6619 	3.337
10.6643 	3.33652
10.6667 	3.33603
10.6691 	3.33554
10.6715 	3.33505
10.6739 	3.33455
10.6763 	3.33405
10.6787 	3.33355
10.6811 	3.33305
10.6835 	3.33254
10.6859 	3.33203
10.6883 	3.33152
10.6907 	3.331
10.6931 	3.33048
10.6955 	3.32996
10.6979 	3.32944
10.7003 	3.32891
10.7027 	3.32838
10.7051 	3.32785
10.7075 	3.32731
10.7099 	3.32677
10.7123 	3.32623
10.7147 	3.32569
10.7171 	3.32514
10.7195 	3.32459
10.7219 	3.32404
10.7243 	3.32348
10.7267 	3.32293
10.7291 	3.32236
10.7315 	3.3218
10.7339 	3.32124
10.7363 	3.32067
10.7387 	3.3201
10.741 	3.31952
10.7434 	3.31895
10.7458 	3.31837
10.7482 	3.31779
10.7506 	3.3172
10.753 	3.31662
10.7554 	3.31603
10.7578 	3.31544
10.7602 	3.31484
10.7626 	3.31425
10.765 	3.31365
10.7674 	3.31305
10.7698 	3.31244
10.7722 	3.31184
10.7746 	3.31123
10.777 	3.31062
10.7794 	3.31
10.7818 	3.30939
10.7842 	3.30877
10.7866 	3.30815
10.789 	3.30753
10.7914 	3.3069
10.7938 	3.30627
10.7962 	3.30564
10.7986 	3.30501
10.801 	3.30437
10.8034 	3.30374
10.8058 	3.3031
10.8082 	3.30246
10.8106 	3.30181
10.813 	3.30117
10.8154 	3.30052
10.8178 	3.29987
10.8202 	3.29921
10.8226 	3.29856
10.825 	3.2979
10.8274 	3.29724
10.8298 	3.29658
10.8322 	3.29591
10.8346 	3.29525
10.837 	3.29458
10.8394 	3.29391
10.8418 	3.29324
10.8442 	3.29256
10.8466 	3.29188
10.849 	3.29121
10.8514 	3.29052
10.8538 	3.28984
10.8562 	3.28916
10.8586 	3.28847
10.8609 	3.28778
10.8633 	3.28709
10.8657 	3.28639
10.8681 	3.2857
10.8705 	3.285
10.8729 	3.2843
10.8753 	3.2836
10.8777 	3.28289
10.8801 	3.28219
10.8825 	3.28148
10.8849 	3.28077
10.8873 	3.28006
10.8897 	3.27935
10.8921 	3.27863
10.8945 	3.27791
10.8969 	3.27719
10.8993 	3.27647
10.9017 	3.27575
10.9041 	3.27502
10.9065 	3.2743
10.9089 	3.27357
10.9113 	3.27284
10.9137 	3.27211
10.9161 	3.27137
10.9185 	3.27063
10.9209 	3.2699
10.9233 	3.26916
10.9257 	3.26841
10.9281 	3.26767
10.9305 	3.26693
10.9329 	3.26618
10.9353 	3.26543
10.9377 	3.26468
10.9401 	3.26393
10.9425 	3.26317
10.9449 	3.26242
10.9473 	3.26166
10.9497 	3.2609
10.9521 	3.26014
10.9545 	3.25938
10.9569 	3.25861
10.9593 	3.25785
10.9617 	3.25708
10.9641 	3.25631
10.9665 	3.25554
10.9689 	3.25477
10.9713 	3.25399
10.9737 	3.25322
10.9761 	3.25244
10.9785 	3.25166
10.9809 	3.25088
10.9832 	3.2501
10.9856 	3.24931
10.988 	3.24853
10.9904 	3.24774
10.9928 	3.24695
10.9952 	3.24616
10.9976 	3.24537
11 	3.24457
11.0024 	3.24378
11.0048 	3.24298
11.0072 	3.24218
11.0096 	3.24139
11.012 	3.24058
11.0144 	3.23978
11.0168 	3.23898
11.0192 	3.23817
11.0216 	3.23737
11.024 	3.23656
11.0264 	3.23575
11.0288 	3.23494
11.0312 	3.23412
11.0336 	3.23331
11.036 	3.23249
11.0384 	3.23168
11.0408 	3.23086
11.0432 	3.23004
11.0456 	3.22922
11.048 	3.22839
11.0504 	3.22757
11.0528 	3.22674
11.0552 	3.22592
11.0576 	3.22509
11.06 	3.22426
11.0624 	3.22343
11.0648 	3.2226
11.0672 	3.22176
11.0696 	3.22093
11.072 	3.22009
11.0744 	3.21926
11.0768 	3.21842
11.0792 	3.21758
11.0816 	3.21674
11.084 	3.21589
11.0864 	3.21505
11.0888 	3.2142
11.0912 	3.21336
11.0936 	3.21251
11.096 	3.21166
11.0984 	3.21081
11.1007 	3.20996
11.1031 	3.20911
11.1055 	3.20825
11.1079 	3.2074
11.1103 	3.20654
11.1127 	3.20568
11.1151 	3.20483
11.1175 	3.20397
11.1199 	3.20311
11.1223 	3.20224
11.1247 	3.20138
11.1271 	3.20052
11.1295 	3.19965
11.1319 	3.19878
11.1343 	3.19791
11.1367 	3.19705
11.1391 	3.19618
11.1415 	3.1953
11.1439 	3.19443
11.1463 	3.19356
11.1487 	3.19268
11.1511 	3.19181
11.1535 	3.19093
11.1559 	3.19005
11.1583 	3.18917
11.1607 	3.1883
11.1631 	3.18741
11.1655 	3.18653
11.1679 	3.18565
11.1703 	3.18476
11.1727 	3.18388
11.1751 	3.18299
11.1775 	3.18211
11.1799 	3.18122
11.1823 	3.18033
11.1847 	3.17944
11.1871 	3.17855
11.1895 	3.17765
11.1919 	3.17676
11.1943 	3.17587
11.1967 	3.17497
11.1991 	3.17408
11.2015 	3.17318
11.2039 	3.17228
11.2063 	3.17138
11.2087 	3.17048
11.2111 	3.16958
11.2135 	3.16868
11.2159 	3.16778
11.2183 	3.16687
11.2206 	3.16597
11.223 	3.16506
11.2254 	3.16415
11.2278 	3.16325
11.2302 	3.16234
11.2326 	3.16143
11.235 	3.16052
11.2374 	3.15961
11.2398 	3.1587
11.2422 	3.15778
11.2446 	3.15687
11.247 	3.15596
11.2494 	3.15504
11.2518 	3.15413
11.2542 	3.15321
11.2566 	3.15229
11.259 	3.15137
11.2614 	3.15045
11.2638 	3.14953
11.2662 	3.14861
11.2686 	3.14769
11.271 	3.14677
11.2734 	3.14584
11.2758 	3.14492
11.2782 	3.14399
11.2806 	3.14307
11.283 	3.14214
11.2854 	3.14121
11.2878 	3.14029
11.2902 	3.13936
11.2926 	3.13843
11.295 	3.1375
11.2974 	3.13657
11.2998 	3.13563
11.3022 	3.1347
11.3046 	3.13377
11.307 	3.13283
11.3094 	3.1319
11.3118 	3.13096
11.3142 	3.13003
11.3166 	3.12909
11.319 	3.12815
11.3214 	3.12721
11.3238 	3.12628
11.3262 	3.12534
11.3286 	3.1244
11.331 	3.12345
11.3334 	3.12251
11.3358 	3.12157
11.3382 	3.12063
11.3406 	3.11968
11.3429 	3.11874
11.3453 	3.11779
11.3477 	3.11685
11.3501 	3.1159
11.3525 	3.11496
11.3549 	3.11401
11.3573 	3.11306
11.3597 	3.11211
11.3621 	3.11116
11.3645 	3.11021
11.3669 	3.10926
11.3693 	3.10831
11.3717 	3.10736
11.3741 	3.1064
11.3765 	3.10545
11.3789 	3.1045
11.3813 	3.10354
11.3837 	3.10259
11.3861 	3.10163
11.3885 	3.10068
11.3909 	3.09972
11.3933 	3.09876
11.3957 	3.09781
11.3981 	3.09685
11.4005 	3.09589
11.4029 	3.09493
11.4053 	3.09397
11.4077 	3.09301
11.4101 	3.09205
11.4125 	3.09109
11.4149 	3.09013
11.4173 	3.08916
11.4197 	3.0882
11.4221 	3.08724
11.4245 	3.08627
11.4269 	3.08531
11.4293 	3.08434
11.4317 	3.08338
11.4341 	3.08241
11.4365 	3.08145
11.4389 	3.08048
11.4413 	3.07951
11.4437 	3.07854
11.4461 	3.07758
11.4485 	3.07661
11.4509 	3.07564
11.4533 	3.07467
11.4557 	3.0737
11.4581 	3.07273
11.4604 	3.07176
11.4628 	3.07078
11.4652 	3.06981
11.4676 	3.06884
11.47 	3.06787
11.4724 	3.06689
11.4748 	3.06592
11.4772 	3.06495
11.4796 	3.06397
11.482 	3.063
11.4844 	3.06202
11.4868 	3.06105
11.4892 	3.06007
11.4916 	3.05909
11.494 	3.05812
11.4964 	3.05714
11.4988 	3.05616
11.5012 	3.05518
11.5036 	3.05421
11.506 	3.05323
11.5084 	3.05225
11.5108 	3.05127
11.5132 	3.05029
11.5156 	3.04931
11.518 	3.04833
11.5204 	3.04735
11.5228 	3.04637
11.5252 	3.04538
11.5276 	3.0444
11.53 	3.04342
11.5324 	3.04244
11.5348 	3.04145
11.5372 	3.04047
11.5396 	3.03949
11.542 	3.0385
11.5444 	3.03752
11.5468 	3.03653
11.5492 	3.03555
11.5516 	3.03456
11.554 	3.03358
11.5564 	3.03259
11.5588 	3.03161
11.5612 	3.03062
11.5636 	3.02963
11.566 	3.02865
11.5684 	3.02766
11.5708 	3.02667
11.5732 	3.02568
11.5756 	3.02469
11.578 	3.02371
11.5803 	3.02272
11.5827 	3.02173
11.5851 	3.02074
11.5875 	3.01975
11.5899 	3.01876
11.5923 	3.01777
11.5947 	3.01678
11.5971 	3.01579
11.5995 	3.0148
11.6019 	3.01381
11.6043 	3.01282
11.6067 	3.01182
11.6091 	3.01083
11.6115 	3.00984
11.6139 	3.00885
11.6163 	3.00786
11.6187 	3.00686
11.6211 	3.00587
11.6235 	3.00488
11.6259 	3.00389
11.6283 	3.00289
11.6307 	3.0019
11.6331 	3.0009
11.6355 	2.99991
11.6379 	2.99892
11.6403 	2.99792
11.6427 	2.99693
11.6451 	2.99593
11.6475 	2.99494
11.6499 	2.99394
11.6523 	2.99295
11.6547 	2.99195
11.6571 	2.99095
11.6595 	2.98996
11.6619 	2.98896
11.6643 	2.98797
11.6667 	2.98697
11.6691 	2.98597
11.6715 	2.98498
11.6739 	2.98398
11.6763 	2.98298
11.6787 	2.98199
11.6811 	2.98099
11.6835 	2.97999
11.6859 	2.97899
11.6883 	2.978
11.6907 	2.977
11.6931 	2.976
11.6955 	2.975
11.6979 	2.974
11.7003 	2.973
11.7026 	2.97201
11.705 	2.97101
11.7074 	2.97001
11.7098 	2.96901
11.7122 	2.96801
11.7146 	2.96701
11.717 	2.96601
11.7194 	2.96501
11.7218 	2.96401
11.7242 	2.96301
11.7266 	2.96201
11.729 	2.96101
11.7314 	2.96001
11.7338 	2.95901
11.7362 	2.95801
11.7386 	2.95701
11.741 	2.95601
11.7434 	2.95501
11.7458 	2.95401
11.7482 	2.95301
11.7506 	2.95201
11.753 	2.95101
11.7554 	2.95001
11.7578 	2.94901
11.7602 	2.94801
11.7626 	2.94701
11.765 	2.94601
11.7674 	2.94501
11.7698 	2.944
11.7722 	2.943
11.7746 	2.942
11.777 	2.941
11.7794 	2.94
11.7818 	2.939
11.7842 	2.938
11.7866 	2.937
11.789 	2.93599
11.7914 	2.93499
11.7938 	2.93399
11.7962 	2.93299
11.7986 	2.93199
11.801 	2.93099
11.8034 	2.92998
11.8058 	2.92898
11.8082 	2.92798
11.8106 	2.92698
11.813 	2.92598
11.8154 	2.92498
11.8178 	2.92397
11.8201 	2.92297
11.8225 	2.92197
11.8249 	2.92097
11.8273 	2.91997
11.8297 	2.91897
11.8321 	2.91796
11.8345 	2.91696
11.8369 	2.91596
11.8393 	2.91496
11.8417 	2.91396
11.8441 	2.91295
11.8465 	2.91195
11.8489 	2.91095
11.8513 	2.90995
11.8537 	2.90895
11.8561 	2.90795
11.8585 	2.90694
11.8609 	2.90594
11.8633 	2.90494
11.8657 	2.90394
11.8681 	2.90294
11.8705 	2.90194
11.8729 	2.90093
11.8753 	2.89993
11.8777 	2.89893
11.8801 	2.89793
11.8825 	2.89693
11.8849 	2.89593
11.8873 	2.89493
11.8897 	2.89392
11.8921 	2.89292
11.8945 	2.89192
11.8969 	2.89092
11.8993 	2.88992
11.9017 	2.88892
11.9041 	2.88792
11.9065 	2.88692
11.9089 	2.88592
11.9113 	2.88492
11.9137 	2.88391
11.9161 	2.88291
11.9185 	2.88191
11.9209 	2.88091
11.9233 	2.87991
11.9257 	2.87891
11.9281 	2.87791
11.9305 	2.87691
11.9329 	2.87591
11.9353 	2.87491
11.9377 	2.87391
11.94 	2.87291
11.9424 	2.87191
11.9448 	2.87091
11.9472 	2.86991
11.9496 	2.86891
11.952 	2.86791
11.9544 	2.86691
11.9568 	2.86591
11.9592 	2.86492
11.9616 	2.86392
11.964 	2.86292
11.9664 	2.86192
11.9688 	2.86092
11.9712 	2.85992
11.9736 	2.85892
11.976 	2.85792
11.9784 	2.85693
11.9808 	2.85593
11.9832 	2.85493
11.9856 	2.85393
11.988 	2.85293
11.9904 	2.85194
11.9928 	2.85094
11.9952 	2.84994
11.9976 	2.84894
