# Mass = 0.0479598 Mev*(hbarc)^2/2 
# R = 7.46549 fm 
# a = 0.662 fm 
# V0 = 59.5769 MeV 
# RSO = 6.87299 fm 
# aSO = 0.662 fm 
# VSO = 28.0171 MeV fm^2
# l = 1 
# two_j = 3 
# two_t = 1 
# Energy = -30.631 MeV
# r 	 V_eff [2m/hbar/hbar]
0.01 	416980
0.012398 	271263
0.014796 	190450
0.017194 	141022
0.019592 	108605
0.02199 	86202.5
0.024388 	70077
0.026786 	58085.3
0.029184 	48926.2
0.031582 	41773.1
0.03398 	36080.3
0.036378 	31475.7
0.038776 	27698.7
0.041174 	24562.2
0.043572 	21929.1
0.04597 	19697.3
0.048368 	17789.1
0.050766 	16144.9
0.053164 	14718.1
0.055562 	13472
0.05796 	12377.4
0.060358 	11410.6
0.062756 	10552.5
0.065154 	9787.41
0.067552 	9102.34
0.06995 	8486.51
0.072348 	7930.9
0.074746 	7427.9
0.077144 	6971.07
0.079542 	6554.94
0.08194 	6174.8
0.084338 	5826.63
0.086736 	5506.93
0.089134 	5212.69
0.091532 	4941.26
0.09393 	4690.36
0.096328 	4457.97
0.098726 	4242.3
0.101124 	4041.79
0.103522 	3855.05
0.10592 	3680.85
0.108318 	3518.09
0.110716 	3365.8
0.113114 	3223.08
0.115512 	3089.16
0.11791 	2963.33
0.120308 	2844.95
0.122706 	2733.44
0.125104 	2628.28
0.127502 	2529
0.1299 	2435.17
0.132298 	2346.39
0.134696 	2262.31
0.137094 	2182.6
0.139492 	2106.97
0.14189 	2035.15
0.144288 	1966.87
0.146686 	1901.91
0.149084 	1840.07
0.151482 	1781.13
0.15388 	1724.93
0.156278 	1671.3
0.158676 	1620.08
0.161074 	1571.13
0.163472 	1524.32
0.16587 	1479.53
0.168268 	1436.64
0.170666 	1395.54
0.173064 	1356.14
0.175462 	1318.34
0.17786 	1282.06
0.180258 	1247.22
0.182656 	1213.74
0.185054 	1181.56
0.187452 	1150.6
0.18985 	1120.81
0.192248 	1092.13
0.194646 	1064.5
0.197044 	1037.87
0.199442 	1012.2
0.20184 	987.435
0.204238 	963.539
0.206636 	940.47
0.209034 	918.19
0.211432 	896.664
0.21383 	875.859
0.216228 	855.741
0.218626 	836.282
0.221024 	817.453
0.223422 	799.227
0.22582 	781.579
0.228218 	764.484
0.230616 	747.919
0.233014 	731.863
0.235412 	716.296
0.23781 	701.196
0.240208 	686.547
0.242606 	672.33
0.245004 	658.529
0.247402 	645.126
0.2498 	632.108
0.252198 	619.46
0.254596 	607.167
0.256994 	595.217
0.259392 	583.596
0.26179 	572.294
0.264188 	561.297
0.266586 	550.597
0.268984 	540.181
0.271382 	530.04
0.27378 	520.164
0.276178 	510.544
0.278576 	501.172
0.280974 	492.039
0.283372 	483.136
0.28577 	474.457
0.288168 	465.993
0.290566 	457.739
0.292964 	449.686
0.295362 	441.828
0.29776 	434.159
0.300158 	426.674
0.302556 	419.366
0.304954 	412.229
0.307352 	405.259
0.30975 	398.45
0.312148 	391.798
0.314546 	385.297
0.316944 	378.943
0.319342 	372.731
0.32174 	366.658
0.324138 	360.719
0.326536 	354.911
0.328934 	349.229
0.331332 	343.67
0.33373 	338.231
0.336128 	332.907
0.338526 	327.696
0.340924 	322.595
0.343322 	317.6
0.34572 	312.709
0.348118 	307.919
0.350516 	303.226
0.352914 	298.629
0.355312 	294.124
0.35771 	289.71
0.360108 	285.384
0.362506 	281.143
0.364904 	276.986
0.367302 	272.91
0.3697 	268.913
0.372098 	264.993
0.374496 	261.148
0.376894 	257.376
0.379292 	253.675
0.38169 	250.044
0.384088 	246.481
0.386486 	242.983
0.388884 	239.551
0.391282 	236.181
0.39368 	232.873
0.396078 	229.624
0.398476 	226.434
0.400874 	223.301
0.403272 	220.224
0.40567 	217.201
0.408068 	214.231
0.410466 	211.314
0.412864 	208.446
0.415262 	205.629
0.41766 	202.86
0.420058 	200.138
0.422456 	197.462
0.424854 	194.831
0.427252 	192.245
0.42965 	189.702
0.432048 	187.201
0.434446 	184.741
0.436844 	182.322
0.439242 	179.942
0.44164 	177.601
0.444038 	175.298
0.446436 	173.031
0.448834 	170.801
0.451232 	168.606
0.45363 	166.447
0.456028 	164.321
0.458426 	162.228
0.460824 	160.168
0.463222 	158.14
0.46562 	156.143
0.468018 	154.176
0.470416 	152.24
0.472814 	150.333
0.475212 	148.455
0.47761 	146.605
0.480008 	144.783
0.482406 	142.987
0.484804 	141.219
0.487202 	139.476
0.4896 	137.759
0.491998 	136.067
0.494396 	134.399
0.496794 	132.756
0.499192 	131.136
0.50159 	129.54
0.503988 	127.966
0.506386 	126.414
0.508784 	124.885
0.511182 	123.376
0.51358 	121.889
0.515978 	120.423
0.518376 	118.977
0.520774 	117.55
0.523172 	116.144
0.52557 	114.756
0.527968 	113.388
0.530366 	112.037
0.532764 	110.705
0.535162 	109.391
0.53756 	108.095
0.539958 	106.816
0.542356 	105.553
0.544754 	104.307
0.547152 	103.078
0.54955 	101.865
0.551948 	100.667
0.554346 	99.485
0.556744 	98.3182
0.559142 	97.1663
0.56154 	96.0292
0.563938 	94.9065
0.566336 	93.798
0.568734 	92.7035
0.571132 	91.6228
0.57353 	90.5556
0.575928 	89.5017
0.578326 	88.4609
0.580724 	87.4329
0.583122 	86.4176
0.58552 	85.4147
0.587918 	84.4241
0.590316 	83.4455
0.592714 	82.4787
0.595112 	81.5236
0.59751 	80.58
0.599908 	79.6477
0.602306 	78.7265
0.604704 	77.8162
0.607102 	76.9166
0.6095 	76.0277
0.611898 	75.1492
0.614296 	74.2809
0.616694 	73.4227
0.619092 	72.5745
0.62149 	71.7361
0.623888 	70.9073
0.626286 	70.0881
0.628684 	69.2781
0.631082 	68.4774
0.63348 	67.6858
0.635878 	66.9031
0.638276 	66.1291
0.640674 	65.3639
0.643072 	64.6072
0.64547 	63.8589
0.647868 	63.1189
0.650266 	62.387
0.652664 	61.6632
0.655062 	60.9473
0.65746 	60.2393
0.659858 	59.5389
0.662256 	58.8461
0.664654 	58.1608
0.667052 	57.4829
0.66945 	56.8123
0.671848 	56.1488
0.674246 	55.4923
0.676644 	54.8429
0.679042 	54.2002
0.68144 	53.5644
0.683838 	52.9352
0.686236 	52.3126
0.688634 	51.6965
0.691032 	51.0868
0.69343 	50.4834
0.695828 	49.8862
0.698226 	49.2952
0.700624 	48.7102
0.703022 	48.1311
0.70542 	47.558
0.707818 	46.9907
0.710216 	46.4291
0.712614 	45.8731
0.715012 	45.3227
0.71741 	44.7779
0.719808 	44.2384
0.722206 	43.7044
0.724604 	43.1756
0.727002 	42.652
0.7294 	42.1336
0.731798 	41.6202
0.734196 	41.1119
0.736594 	40.6085
0.738992 	40.1101
0.74139 	39.6164
0.743788 	39.1275
0.746186 	38.6433
0.748584 	38.1637
0.750982 	37.6887
0.75338 	37.2183
0.755778 	36.7523
0.758176 	36.2907
0.760574 	35.8334
0.762972 	35.3805
0.76537 	34.9318
0.767768 	34.4873
0.770166 	34.0469
0.772564 	33.6107
0.774962 	33.1784
0.77736 	32.7502
0.779758 	32.3258
0.782156 	31.9054
0.784554 	31.4888
0.786952 	31.0761
0.78935 	30.667
0.791748 	30.2617
0.794146 	29.86
0.796544 	29.462
0.798942 	29.0675
0.80134 	28.6765
0.803738 	28.2891
0.806136 	27.9051
0.808534 	27.5244
0.810932 	27.1472
0.81333 	26.7733
0.815728 	26.4026
0.818126 	26.0353
0.820524 	25.6711
0.822922 	25.3101
0.82532 	24.9522
0.827718 	24.5974
0.830116 	24.2457
0.832514 	23.8971
0.834912 	23.5514
0.83731 	23.2087
0.839708 	22.8689
0.842106 	22.5319
0.844504 	22.1979
0.846902 	21.8667
0.8493 	21.5383
0.851698 	21.2126
0.854096 	20.8897
0.856494 	20.5695
0.858892 	20.2519
0.86129 	19.937
0.863688 	19.6247
0.866086 	19.315
0.868484 	19.0078
0.870882 	18.7032
0.87328 	18.4011
0.875678 	18.1014
0.878076 	17.8042
0.880474 	17.5094
0.882872 	17.217
0.88527 	16.927
0.887668 	16.6393
0.890066 	16.3539
0.892464 	16.0708
0.894862 	15.79
0.89726 	15.5114
0.899658 	15.235
0.902056 	14.9609
0.904454 	14.6889
0.906852 	14.419
0.90925 	14.1513
0.911648 	13.8857
0.914046 	13.6222
0.916444 	13.3607
0.918842 	13.1013
0.92124 	12.8438
0.923638 	12.5884
0.926036 	12.335
0.928434 	12.0835
0.930832 	11.8339
0.93323 	11.5863
0.935628 	11.3405
0.938026 	11.0967
0.940424 	10.8546
0.942822 	10.6145
0.94522 	10.3761
0.947618 	10.1396
0.950016 	9.90478
0.952414 	9.67177
0.954812 	9.44051
0.95721 	9.21098
0.959608 	8.98316
0.962006 	8.75703
0.964404 	8.53258
0.966802 	8.3098
0.9692 	8.08866
0.971598 	7.86915
0.973996 	7.65125
0.976394 	7.43495
0.978792 	7.22023
0.98119 	7.00708
0.983588 	6.79547
0.985986 	6.58541
0.988384 	6.37686
0.990782 	6.16982
0.99318 	5.96427
0.995578 	5.7602
0.997976 	5.5576
1.00037 	5.35644
1.00277 	5.15671
1.00517 	4.95841
1.00757 	4.76151
1.00997 	4.56601
1.01236 	4.37189
1.01476 	4.17914
1.01716 	3.98775
1.01956 	3.7977
1.02196 	3.60897
1.02435 	3.42157
1.02675 	3.23547
1.02915 	3.05066
1.03155 	2.86713
1.03395 	2.68488
1.03634 	2.50388
1.03874 	2.32412
1.04114 	2.1456
1.04354 	1.96831
1.04594 	1.79222
1.04833 	1.61734
1.05073 	1.44364
1.05313 	1.27113
1.05553 	1.09978
1.05793 	0.929589
1.06032 	0.760546
1.06272 	0.59264
1.06512 	0.42586
1.06752 	0.260196
1.06992 	0.0956392
1.07231 	-0.0678216
1.07471 	-0.230196
1.07711 	-0.391493
1.07951 	-0.551723
1.08191 	-0.710895
1.0843 	-0.869018
1.0867 	-1.0261
1.0891 	-1.18216
1.0915 	-1.33719
1.0939 	-1.49121
1.09629 	-1.64423
1.09869 	-1.79625
1.10109 	-1.94729
1.10349 	-2.09735
1.10589 	-2.24644
1.10828 	-2.39457
1.11068 	-2.54175
1.11308 	-2.68798
1.11548 	-2.83328
1.11788 	-2.97765
1.12027 	-3.1211
1.12267 	-3.26364
1.12507 	-3.40528
1.12747 	-3.54602
1.12987 	-3.68587
1.13226 	-3.82483
1.13466 	-3.96293
1.13706 	-4.10016
1.13946 	-4.23653
1.14186 	-4.37204
1.14425 	-4.50672
1.14665 	-4.64055
1.14905 	-4.77356
1.15145 	-4.90574
1.15385 	-5.0371
1.15624 	-5.16765
1.15864 	-5.2974
1.16104 	-5.42635
1.16344 	-5.55452
1.16584 	-5.6819
1.16823 	-5.8085
1.17063 	-5.93433
1.17303 	-6.05939
1.17543 	-6.1837
1.17783 	-6.30726
1.18022 	-6.43007
1.18262 	-6.55214
1.18502 	-6.67347
1.18742 	-6.79408
1.18982 	-6.91397
1.19221 	-7.03313
1.19461 	-7.15159
1.19701 	-7.26935
1.19941 	-7.3864
1.20181 	-7.50276
1.2042 	-7.61843
1.2066 	-7.73342
1.209 	-7.84774
1.2114 	-7.96138
1.2138 	-8.07435
1.21619 	-8.18666
1.21859 	-8.29832
1.22099 	-8.40933
1.22339 	-8.51969
1.22579 	-8.62941
1.22818 	-8.73849
1.23058 	-8.84694
1.23298 	-8.95477
1.23538 	-9.06197
1.23778 	-9.16856
1.24017 	-9.27454
1.24257 	-9.37991
1.24497 	-9.48468
1.24737 	-9.58886
1.24977 	-9.69244
1.25216 	-9.79543
1.25456 	-9.89784
1.25696 	-9.99966
1.25936 	-10.1009
1.26176 	-10.2016
1.26415 	-10.3017
1.26655 	-10.4013
1.26895 	-10.5003
1.27135 	-10.5987
1.27375 	-10.6966
1.27614 	-10.794
1.27854 	-10.8908
1.28094 	-10.987
1.28334 	-11.0828
1.28574 	-11.178
1.28813 	-11.2727
1.29053 	-11.3668
1.29293 	-11.4605
1.29533 	-11.5536
1.29773 	-11.6462
1.30012 	-11.7384
1.30252 	-11.83
1.30492 	-11.9211
1.30732 	-12.0117
1.30972 	-12.1019
1.31211 	-12.1915
1.31451 	-12.2807
1.31691 	-12.3693
1.31931 	-12.4576
1.32171 	-12.5453
1.3241 	-12.6325
1.3265 	-12.7193
1.3289 	-12.8057
1.3313 	-12.8915
1.3337 	-12.977
1.33609 	-13.0619
1.33849 	-13.1464
1.34089 	-13.2305
1.34329 	-13.3141
1.34569 	-13.3973
1.34808 	-13.48
1.35048 	-13.5624
1.35288 	-13.6442
1.35528 	-13.7257
1.35768 	-13.8067
1.36007 	-13.8873
1.36247 	-13.9675
1.36487 	-14.0473
1.36727 	-14.1266
1.36967 	-14.2056
1.37206 	-14.2841
1.37446 	-14.3622
1.37686 	-14.44
1.37926 	-14.5173
1.38166 	-14.5942
1.38405 	-14.6708
1.38645 	-14.7469
1.38885 	-14.8227
1.39125 	-14.8981
1.39365 	-14.9731
1.39604 	-15.0477
1.39844 	-15.122
1.40084 	-15.1958
1.40324 	-15.2693
1.40564 	-15.3424
1.40803 	-15.4152
1.41043 	-15.4876
1.41283 	-15.5596
1.41523 	-15.6313
1.41763 	-15.7026
1.42002 	-15.7736
1.42242 	-15.8442
1.42482 	-15.9144
1.42722 	-15.9844
1.42962 	-16.0539
1.43201 	-16.1231
1.43441 	-16.192
1.43681 	-16.2606
1.43921 	-16.3288
1.44161 	-16.3966
1.444 	-16.4642
1.4464 	-16.5314
1.4488 	-16.5983
1.4512 	-16.6649
1.4536 	-16.7311
1.45599 	-16.797
1.45839 	-16.8626
1.46079 	-16.9279
1.46319 	-16.9929
1.46559 	-17.0575
1.46798 	-17.1219
1.47038 	-17.1859
1.47278 	-17.2496
1.47518 	-17.313
1.47758 	-17.3762
1.47997 	-17.439
1.48237 	-17.5015
1.48477 	-17.5637
1.48717 	-17.6257
1.48957 	-17.6873
1.49196 	-17.7487
1.49436 	-17.8097
1.49676 	-17.8705
1.49916 	-17.931
1.50156 	-17.9912
1.50395 	-18.0511
1.50635 	-18.1108
1.50875 	-18.1701
1.51115 	-18.2292
1.51355 	-18.2881
1.51594 	-18.3466
1.51834 	-18.4049
1.52074 	-18.4629
1.52314 	-18.5206
1.52554 	-18.5781
1.52793 	-18.6353
1.53033 	-18.6922
1.53273 	-18.7489
1.53513 	-18.8053
1.53753 	-18.8615
1.53992 	-18.9174
1.54232 	-18.9731
1.54472 	-19.0285
1.54712 	-19.0836
1.54952 	-19.1385
1.55191 	-19.1932
1.55431 	-19.2476
1.55671 	-19.3018
1.55911 	-19.3557
1.56151 	-19.4094
1.5639 	-19.4628
1.5663 	-19.516
1.5687 	-19.569
1.5711 	-19.6217
1.5735 	-19.6742
1.57589 	-19.7264
1.57829 	-19.7785
1.58069 	-19.8303
1.58309 	-19.8818
1.58549 	-19.9332
1.58788 	-19.9843
1.59028 	-20.0352
1.59268 	-20.0858
1.59508 	-20.1363
1.59748 	-20.1865
1.59987 	-20.2365
1.60227 	-20.2863
1.60467 	-20.3358
1.60707 	-20.3852
1.60947 	-20.4343
1.61186 	-20.4833
1.61426 	-20.532
1.61666 	-20.5805
1.61906 	-20.6288
1.62146 	-20.6769
1.62385 	-20.7247
1.62625 	-20.7724
1.62865 	-20.8199
1.63105 	-20.8671
1.63345 	-20.9142
1.63584 	-20.9611
1.63824 	-21.0077
1.64064 	-21.0542
1.64304 	-21.1005
1.64544 	-21.1465
1.64783 	-21.1924
1.65023 	-21.2381
1.65263 	-21.2836
1.65503 	-21.3289
1.65743 	-21.374
1.65982 	-21.4189
1.66222 	-21.4637
1.66462 	-21.5082
1.66702 	-21.5526
1.66942 	-21.5968
1.67181 	-21.6408
1.67421 	-21.6846
1.67661 	-21.7282
1.67901 	-21.7716
1.68141 	-21.8149
1.6838 	-21.858
1.6862 	-21.9009
1.6886 	-21.9436
1.691 	-21.9862
1.6934 	-22.0286
1.69579 	-22.0708
1.69819 	-22.1128
1.70059 	-22.1547
1.70299 	-22.1964
1.70539 	-22.2379
1.70778 	-22.2793
1.71018 	-22.3205
1.71258 	-22.3615
1.71498 	-22.4024
1.71738 	-22.4431
1.71977 	-22.4836
1.72217 	-22.524
1.72457 	-22.5642
1.72697 	-22.6042
1.72937 	-22.6441
1.73176 	-22.6838
1.73416 	-22.7234
1.73656 	-22.7628
1.73896 	-22.8021
1.74136 	-22.8412
1.74375 	-22.8801
1.74615 	-22.9189
1.74855 	-22.9575
1.75095 	-22.996
1.75335 	-23.0343
1.75574 	-23.0725
1.75814 	-23.1105
1.76054 	-23.1484
1.76294 	-23.1862
1.76534 	-23.2237
1.76773 	-23.2612
1.77013 	-23.2985
1.77253 	-23.3356
1.77493 	-23.3726
1.77733 	-23.4095
1.77972 	-23.4462
1.78212 	-23.4828
1.78452 	-23.5192
1.78692 	-23.5555
1.78932 	-23.5917
1.79171 	-23.6277
1.79411 	-23.6635
1.79651 	-23.6993
1.79891 	-23.7349
1.80131 	-23.7704
1.8037 	-23.8057
1.8061 	-23.8409
1.8085 	-23.876
1.8109 	-23.9109
1.8133 	-23.9457
1.81569 	-23.9803
1.81809 	-24.0149
1.82049 	-24.0493
1.82289 	-24.0836
1.82529 	-24.1177
1.82768 	-24.1517
1.83008 	-24.1856
1.83248 	-24.2194
1.83488 	-24.253
1.83728 	-24.2865
1.83967 	-24.3199
1.84207 	-24.3532
1.84447 	-24.3863
1.84687 	-24.4194
1.84927 	-24.4523
1.85166 	-24.485
1.85406 	-24.5177
1.85646 	-24.5502
1.85886 	-24.5826
1.86126 	-24.6149
1.86365 	-24.6471
1.86605 	-24.6792
1.86845 	-24.7111
1.87085 	-24.7429
1.87325 	-24.7746
1.87564 	-24.8062
1.87804 	-24.8377
1.88044 	-24.8691
1.88284 	-24.9003
1.88524 	-24.9315
1.88763 	-24.9625
1.89003 	-24.9934
1.89243 	-25.0242
1.89483 	-25.0549
1.89723 	-25.0855
1.89962 	-25.116
1.90202 	-25.1463
1.90442 	-25.1766
1.90682 	-25.2067
1.90922 	-25.2368
1.91161 	-25.2667
1.91401 	-25.2965
1.91641 	-25.3262
1.91881 	-25.3558
1.92121 	-25.3854
1.9236 	-25.4148
1.926 	-25.4441
1.9284 	-25.4733
1.9308 	-25.5024
1.9332 	-25.5314
1.93559 	-25.5603
1.93799 	-25.589
1.94039 	-25.6177
1.94279 	-25.6463
1.94519 	-25.6748
1.94758 	-25.7032
1.94998 	-25.7315
1.95238 	-25.7597
1.95478 	-25.7878
1.95718 	-25.8158
1.95957 	-25.8437
1.96197 	-25.8715
1.96437 	-25.8992
1.96677 	-25.9269
1.96917 	-25.9544
1.97156 	-25.9818
1.97396 	-26.0092
1.97636 	-26.0364
1.97876 	-26.0635
1.98116 	-26.0906
1.98355 	-26.1176
1.98595 	-26.1444
1.98835 	-26.1712
1.99075 	-26.1979
1.99315 	-26.2245
1.99554 	-26.251
1.99794 	-26.2775
2.00034 	-26.3038
2.00274 	-26.33
2.00514 	-26.3562
2.00753 	-26.3823
2.00993 	-26.4083
2.01233 	-26.4341
2.01473 	-26.46
2.01713 	-26.4857
2.01952 	-26.5113
2.02192 	-26.5369
2.02432 	-26.5623
2.02672 	-26.5877
2.02912 	-26.613
2.03151 	-26.6383
2.03391 	-26.6634
2.03631 	-26.6884
2.03871 	-26.7134
2.04111 	-26.7383
2.0435 	-26.7631
2.0459 	-26.7878
2.0483 	-26.8125
2.0507 	-26.837
2.0531 	-26.8615
2.05549 	-26.8859
2.05789 	-26.9103
2.06029 	-26.9345
2.06269 	-26.9587
2.06509 	-26.9828
2.06748 	-27.0068
2.06988 	-27.0307
2.07228 	-27.0546
2.07468 	-27.0784
2.07708 	-27.1021
2.07947 	-27.1257
2.08187 	-27.1492
2.08427 	-27.1727
2.08667 	-27.1961
2.08907 	-27.2195
2.09146 	-27.2427
2.09386 	-27.2659
2.09626 	-27.289
2.09866 	-27.312
2.10106 	-27.335
2.10345 	-27.3579
2.10585 	-27.3807
2.10825 	-27.4035
2.11065 	-27.4261
2.11305 	-27.4487
2.11544 	-27.4713
2.11784 	-27.4937
2.12024 	-27.5161
2.12264 	-27.5385
2.12504 	-27.5607
2.12743 	-27.5829
2.12983 	-27.605
2.13223 	-27.6271
2.13463 	-27.649
2.13703 	-27.671
2.13942 	-27.6928
2.14182 	-27.7146
2.14422 	-27.7363
2.14662 	-27.7579
2.14902 	-27.7795
2.15141 	-27.801
2.15381 	-27.8225
2.15621 	-27.8438
2.15861 	-27.8652
2.16101 	-27.8864
2.1634 	-27.9076
2.1658 	-27.9287
2.1682 	-27.9498
2.1706 	-27.9708
2.173 	-27.9917
2.17539 	-28.0126
2.17779 	-28.0334
2.18019 	-28.0541
2.18259 	-28.0748
2.18499 	-28.0954
2.18738 	-28.116
2.18978 	-28.1364
2.19218 	-28.1569
2.19458 	-28.1772
2.19698 	-28.1976
2.19937 	-28.2178
2.20177 	-28.238
2.20417 	-28.2581
2.20657 	-28.2782
2.20897 	-28.2982
2.21136 	-28.3182
2.21376 	-28.3381
2.21616 	-28.3579
2.21856 	-28.3777
2.22096 	-28.3974
2.22335 	-28.4171
2.22575 	-28.4367
2.22815 	-28.4562
2.23055 	-28.4757
2.23295 	-28.4951
2.23534 	-28.5145
2.23774 	-28.5338
2.24014 	-28.5531
2.24254 	-28.5723
2.24494 	-28.5915
2.24733 	-28.6105
2.24973 	-28.6296
2.25213 	-28.6486
2.25453 	-28.6675
2.25693 	-28.6864
2.25932 	-28.7052
2.26172 	-28.724
2.26412 	-28.7427
2.26652 	-28.7614
2.26892 	-28.78
2.27131 	-28.7985
2.27371 	-28.817
2.27611 	-28.8355
2.27851 	-28.8539
2.28091 	-28.8722
2.2833 	-28.8905
2.2857 	-28.9088
2.2881 	-28.927
2.2905 	-28.9451
2.2929 	-28.9632
2.29529 	-28.9813
2.29769 	-28.9993
2.30009 	-29.0172
2.30249 	-29.0351
2.30489 	-29.0529
2.30728 	-29.0707
2.30968 	-29.0885
2.31208 	-29.1061
2.31448 	-29.1238
2.31688 	-29.1414
2.31927 	-29.1589
2.32167 	-29.1764
2.32407 	-29.1939
2.32647 	-29.2113
2.32887 	-29.2286
2.33126 	-29.2459
2.33366 	-29.2632
2.33606 	-29.2804
2.33846 	-29.2976
2.34086 	-29.3147
2.34325 	-29.3318
2.34565 	-29.3488
2.34805 	-29.3658
2.35045 	-29.3827
2.35285 	-29.3996
2.35524 	-29.4164
2.35764 	-29.4332
2.36004 	-29.45
2.36244 	-29.4667
2.36484 	-29.4833
2.36723 	-29.5
2.36963 	-29.5165
2.37203 	-29.5331
2.37443 	-29.5495
2.37683 	-29.566
2.37922 	-29.5824
2.38162 	-29.5987
2.38402 	-29.615
2.38642 	-29.6313
2.38882 	-29.6475
2.39121 	-29.6637
2.39361 	-29.6798
2.39601 	-29.6959
2.39841 	-29.712
2.40081 	-29.728
2.4032 	-29.744
2.4056 	-29.7599
2.408 	-29.7758
2.4104 	-29.7916
2.4128 	-29.8074
2.41519 	-29.8232
2.41759 	-29.8389
2.41999 	-29.8546
2.42239 	-29.8702
2.42479 	-29.8858
2.42718 	-29.9014
2.42958 	-29.9169
2.43198 	-29.9324
2.43438 	-29.9478
2.43678 	-29.9632
2.43917 	-29.9786
2.44157 	-29.9939
2.44397 	-30.0092
2.44637 	-30.0244
2.44877 	-30.0396
2.45116 	-30.0548
2.45356 	-30.0699
2.45596 	-30.085
2.45836 	-30.1
2.46076 	-30.115
2.46315 	-30.13
2.46555 	-30.1449
2.46795 	-30.1598
2.47035 	-30.1747
2.47275 	-30.1895
2.47514 	-30.2043
2.47754 	-30.2191
2.47994 	-30.2338
2.48234 	-30.2484
2.48474 	-30.2631
2.48713 	-30.2777
2.48953 	-30.2922
2.49193 	-30.3068
2.49433 	-30.3213
2.49673 	-30.3357
2.49912 	-30.3501
2.50152 	-30.3645
2.50392 	-30.3789
2.50632 	-30.3932
2.50872 	-30.4075
2.51111 	-30.4217
2.51351 	-30.4359
2.51591 	-30.4501
2.51831 	-30.4642
2.52071 	-30.4783
2.5231 	-30.4924
2.5255 	-30.5064
2.5279 	-30.5204
2.5303 	-30.5344
2.5327 	-30.5483
2.53509 	-30.5622
2.53749 	-30.5761
2.53989 	-30.5899
2.54229 	-30.6037
2.54469 	-30.6175
2.54708 	-30.6312
2.54948 	-30.6449
2.55188 	-30.6586
2.55428 	-30.6722
2.55668 	-30.6858
2.55907 	-30.6994
2.56147 	-30.713
2.56387 	-30.7265
2.56627 	-30.7399
2.56867 	-30.7534
2.57106 	-30.7668
2.57346 	-30.7802
2.57586 	-30.7935
2.57826 	-30.8068
2.58066 	-30.8201
2.58305 	-30.8334
2.58545 	-30.8466
2.58785 	-30.8598
2.59025 	-30.8729
2.59265 	-30.8861
2.59504 	-30.8992
2.59744 	-30.9122
2.59984 	-30.9253
2.60224 	-30.9383
2.60464 	-30.9513
2.60703 	-30.9642
2.60943 	-30.9771
2.61183 	-30.99
2.61423 	-31.0029
2.61663 	-31.0157
2.61902 	-31.0285
2.62142 	-31.0413
2.62382 	-31.054
2.62622 	-31.0667
2.62862 	-31.0794
2.63101 	-31.092
2.63341 	-31.1047
2.63581 	-31.1173
2.63821 	-31.1298
2.64061 	-31.1424
2.643 	-31.1549
2.6454 	-31.1674
2.6478 	-31.1798
2.6502 	-31.1922
2.6526 	-31.2046
2.65499 	-31.217
2.65739 	-31.2293
2.65979 	-31.2417
2.66219 	-31.2539
2.66459 	-31.2662
2.66698 	-31.2784
2.66938 	-31.2906
2.67178 	-31.3028
2.67418 	-31.315
2.67658 	-31.3271
2.67897 	-31.3392
2.68137 	-31.3512
2.68377 	-31.3633
2.68617 	-31.3753
2.68857 	-31.3873
2.69096 	-31.3993
2.69336 	-31.4112
2.69576 	-31.4231
2.69816 	-31.435
2.70056 	-31.4468
2.70295 	-31.4587
2.70535 	-31.4705
2.70775 	-31.4823
2.71015 	-31.494
2.71255 	-31.5058
2.71494 	-31.5175
2.71734 	-31.5291
2.71974 	-31.5408
2.72214 	-31.5524
2.72454 	-31.564
2.72693 	-31.5756
2.72933 	-31.5872
2.73173 	-31.5987
2.73413 	-31.6102
2.73653 	-31.6217
2.73892 	-31.6331
2.74132 	-31.6445
2.74372 	-31.656
2.74612 	-31.6673
2.74852 	-31.6787
2.75091 	-31.69
2.75331 	-31.7013
2.75571 	-31.7126
2.75811 	-31.7239
2.76051 	-31.7351
2.7629 	-31.7463
2.7653 	-31.7575
2.7677 	-31.7687
2.7701 	-31.7798
2.7725 	-31.791
2.77489 	-31.8021
2.77729 	-31.8131
2.77969 	-31.8242
2.78209 	-31.8352
2.78449 	-31.8462
2.78688 	-31.8572
2.78928 	-31.8682
2.79168 	-31.8791
2.79408 	-31.89
2.79648 	-31.9009
2.79887 	-31.9118
2.80127 	-31.9226
2.80367 	-31.9334
2.80607 	-31.9442
2.80847 	-31.955
2.81086 	-31.9658
2.81326 	-31.9765
2.81566 	-31.9872
2.81806 	-31.9979
2.82046 	-32.0086
2.82285 	-32.0192
2.82525 	-32.0299
2.82765 	-32.0405
2.83005 	-32.051
2.83245 	-32.0616
2.83484 	-32.0722
2.83724 	-32.0827
2.83964 	-32.0932
2.84204 	-32.1036
2.84444 	-32.1141
2.84683 	-32.1245
2.84923 	-32.135
2.85163 	-32.1454
2.85403 	-32.1557
2.85643 	-32.1661
2.85882 	-32.1764
2.86122 	-32.1867
2.86362 	-32.197
2.86602 	-32.2073
2.86842 	-32.2175
2.87081 	-32.2278
2.87321 	-32.238
2.87561 	-32.2482
2.87801 	-32.2583
2.88041 	-32.2685
2.8828 	-32.2786
2.8852 	-32.2887
2.8876 	-32.2988
2.89 	-32.3089
2.8924 	-32.3189
2.89479 	-32.329
2.89719 	-32.339
2.89959 	-32.349
2.90199 	-32.3589
2.90439 	-32.3689
2.90678 	-32.3788
2.90918 	-32.3887
2.91158 	-32.3986
2.91398 	-32.4085
2.91638 	-32.4184
2.91877 	-32.4282
2.92117 	-32.438
2.92357 	-32.4478
2.92597 	-32.4576
2.92837 	-32.4674
2.93076 	-32.4771
2.93316 	-32.4869
2.93556 	-32.4966
2.93796 	-32.5063
2.94036 	-32.5159
2.94275 	-32.5256
2.94515 	-32.5352
2.94755 	-32.5448
2.94995 	-32.5544
2.95235 	-32.564
2.95474 	-32.5736
2.95714 	-32.5831
2.95954 	-32.5926
2.96194 	-32.6021
2.96434 	-32.6116
2.96673 	-32.6211
2.96913 	-32.6306
2.97153 	-32.64
2.97393 	-32.6494
2.97633 	-32.6588
2.97872 	-32.6682
2.98112 	-32.6776
2.98352 	-32.6869
2.98592 	-32.6963
2.98832 	-32.7056
2.99071 	-32.7149
2.99311 	-32.7242
2.99551 	-32.7334
2.99791 	-32.7427
3.00031 	-32.7519
3.0027 	-32.7611
3.0051 	-32.7703
3.0075 	-32.7795
3.0099 	-32.7887
3.0123 	-32.7978
3.01469 	-32.8069
3.01709 	-32.8161
3.01949 	-32.8252
3.02189 	-32.8342
3.02429 	-32.8433
3.02668 	-32.8523
3.02908 	-32.8614
3.03148 	-32.8704
3.03388 	-32.8794
3.03628 	-32.8884
3.03867 	-32.8973
3.04107 	-32.9063
3.04347 	-32.9152
3.04587 	-32.9241
3.04827 	-32.933
3.05066 	-32.9419
3.05306 	-32.9508
3.05546 	-32.9597
3.05786 	-32.9685
3.06026 	-32.9773
3.06265 	-32.9861
3.06505 	-32.9949
3.06745 	-33.0037
3.06985 	-33.0125
3.07225 	-33.0212
3.07464 	-33.0299
3.07704 	-33.0387
3.07944 	-33.0474
3.08184 	-33.056
3.08424 	-33.0647
3.08663 	-33.0734
3.08903 	-33.082
3.09143 	-33.0906
3.09383 	-33.0992
3.09623 	-33.1078
3.09862 	-33.1164
3.10102 	-33.125
3.10342 	-33.1335
3.10582 	-33.1421
3.10822 	-33.1506
3.11061 	-33.1591
3.11301 	-33.1676
3.11541 	-33.1761
3.11781 	-33.1845
3.12021 	-33.193
3.1226 	-33.2014
3.125 	-33.2098
3.1274 	-33.2182
3.1298 	-33.2266
3.1322 	-33.235
3.13459 	-33.2434
3.13699 	-33.2517
3.13939 	-33.26
3.14179 	-33.2684
3.14419 	-33.2767
3.14658 	-33.285
3.14898 	-33.2932
3.15138 	-33.3015
3.15378 	-33.3098
3.15618 	-33.318
3.15857 	-33.3262
3.16097 	-33.3344
3.16337 	-33.3426
3.16577 	-33.3508
3.16817 	-33.359
3.17056 	-33.3671
3.17296 	-33.3752
3.17536 	-33.3834
3.17776 	-33.3915
3.18016 	-33.3996
3.18255 	-33.4077
3.18495 	-33.4157
3.18735 	-33.4238
3.18975 	-33.4318
3.19215 	-33.4399
3.19454 	-33.4479
3.19694 	-33.4559
3.19934 	-33.4639
3.20174 	-33.4719
3.20414 	-33.4798
3.20653 	-33.4878
3.20893 	-33.4957
3.21133 	-33.5037
3.21373 	-33.5116
3.21613 	-33.5195
3.21852 	-33.5274
3.22092 	-33.5352
3.22332 	-33.5431
3.22572 	-33.551
3.22812 	-33.5588
3.23051 	-33.5666
3.23291 	-33.5744
3.23531 	-33.5822
3.23771 	-33.59
3.24011 	-33.5978
3.2425 	-33.6055
3.2449 	-33.6133
3.2473 	-33.621
3.2497 	-33.6288
3.2521 	-33.6365
3.25449 	-33.6442
3.25689 	-33.6519
3.25929 	-33.6595
3.26169 	-33.6672
3.26409 	-33.6748
3.26648 	-33.6825
3.26888 	-33.6901
3.27128 	-33.6977
3.27368 	-33.7053
3.27608 	-33.7129
3.27847 	-33.7205
3.28087 	-33.728
3.28327 	-33.7356
3.28567 	-33.7431
3.28807 	-33.7507
3.29046 	-33.7582
3.29286 	-33.7657
3.29526 	-33.7732
3.29766 	-33.7807
3.30006 	-33.7881
3.30245 	-33.7956
3.30485 	-33.8031
3.30725 	-33.8105
3.30965 	-33.8179
3.31205 	-33.8253
3.31444 	-33.8327
3.31684 	-33.8401
3.31924 	-33.8475
3.32164 	-33.8549
3.32404 	-33.8622
3.32643 	-33.8696
3.32883 	-33.8769
3.33123 	-33.8842
3.33363 	-33.8915
3.33603 	-33.8988
3.33842 	-33.9061
3.34082 	-33.9134
3.34322 	-33.9206
3.34562 	-33.9279
3.34802 	-33.9351
3.35041 	-33.9424
3.35281 	-33.9496
3.35521 	-33.9568
3.35761 	-33.964
3.36001 	-33.9712
3.3624 	-33.9784
3.3648 	-33.9855
3.3672 	-33.9927
3.3696 	-33.9998
3.372 	-34.007
3.37439 	-34.0141
3.37679 	-34.0212
3.37919 	-34.0283
3.38159 	-34.0354
3.38399 	-34.0425
3.38638 	-34.0495
3.38878 	-34.0566
3.39118 	-34.0636
3.39358 	-34.0707
3.39598 	-34.0777
3.39837 	-34.0847
3.40077 	-34.0917
3.40317 	-34.0987
3.40557 	-34.1057
3.40797 	-34.1126
3.41036 	-34.1196
3.41276 	-34.1266
3.41516 	-34.1335
3.41756 	-34.1404
3.41996 	-34.1474
3.42235 	-34.1543
3.42475 	-34.1612
3.42715 	-34.1681
3.42955 	-34.1749
3.43195 	-34.1818
3.43434 	-34.1887
3.43674 	-34.1955
3.43914 	-34.2023
3.44154 	-34.2092
3.44394 	-34.216
3.44633 	-34.2228
3.44873 	-34.2296
3.45113 	-34.2364
3.45353 	-34.2432
3.45593 	-34.2499
3.45832 	-34.2567
3.46072 	-34.2634
3.46312 	-34.2702
3.46552 	-34.2769
3.46792 	-34.2836
3.47031 	-34.2903
3.47271 	-34.297
3.47511 	-34.3037
3.47751 	-34.3104
3.47991 	-34.3171
3.4823 	-34.3237
3.4847 	-34.3304
3.4871 	-34.337
3.4895 	-34.3436
3.4919 	-34.3503
3.49429 	-34.3569
3.49669 	-34.3635
3.49909 	-34.3701
3.50149 	-34.3766
3.50389 	-34.3832
3.50628 	-34.3898
3.50868 	-34.3963
3.51108 	-34.4029
3.51348 	-34.4094
3.51588 	-34.4159
3.51827 	-34.4224
3.52067 	-34.4289
3.52307 	-34.4354
3.52547 	-34.4419
3.52787 	-34.4484
3.53026 	-34.4549
3.53266 	-34.4613
3.53506 	-34.4678
3.53746 	-34.4742
3.53986 	-34.4806
3.54225 	-34.4871
3.54465 	-34.4935
3.54705 	-34.4999
3.54945 	-34.5063
3.55185 	-34.5127
3.55424 	-34.519
3.55664 	-34.5254
3.55904 	-34.5318
3.56144 	-34.5381
3.56384 	-34.5444
3.56623 	-34.5508
3.56863 	-34.5571
3.57103 	-34.5634
3.57343 	-34.5697
3.57583 	-34.576
3.57822 	-34.5823
3.58062 	-34.5886
3.58302 	-34.5948
3.58542 	-34.6011
3.58782 	-34.6073
3.59021 	-34.6136
3.59261 	-34.6198
3.59501 	-34.626
3.59741 	-34.6322
3.59981 	-34.6384
3.6022 	-34.6446
3.6046 	-34.6508
3.607 	-34.657
3.6094 	-34.6632
3.6118 	-34.6693
3.61419 	-34.6755
3.61659 	-34.6816
3.61899 	-34.6878
3.62139 	-34.6939
3.62379 	-34.7
3.62618 	-34.7061
3.62858 	-34.7122
3.63098 	-34.7183
3.63338 	-34.7244
3.63578 	-34.7304
3.63817 	-34.7365
3.64057 	-34.7426
3.64297 	-34.7486
3.64537 	-34.7546
3.64777 	-34.7607
3.65016 	-34.7667
3.65256 	-34.7727
3.65496 	-34.7787
3.65736 	-34.7847
3.65976 	-34.7907
3.66215 	-34.7967
3.66455 	-34.8026
3.66695 	-34.8086
3.66935 	-34.8146
3.67175 	-34.8205
3.67414 	-34.8264
3.67654 	-34.8324
3.67894 	-34.8383
3.68134 	-34.8442
3.68374 	-34.8501
3.68613 	-34.856
3.68853 	-34.8619
3.69093 	-34.8678
3.69333 	-34.8736
3.69573 	-34.8795
3.69812 	-34.8853
3.70052 	-34.8912
3.70292 	-34.897
3.70532 	-34.9029
3.70772 	-34.9087
3.71011 	-34.9145
3.71251 	-34.9203
3.71491 	-34.9261
3.71731 	-34.9319
3.71971 	-34.9376
3.7221 	-34.9434
3.7245 	-34.9492
3.7269 	-34.9549
3.7293 	-34.9607
3.7317 	-34.9664
3.73409 	-34.9721
3.73649 	-34.9779
3.73889 	-34.9836
3.74129 	-34.9893
3.74369 	-34.995
3.74608 	-35.0007
3.74848 	-35.0064
3.75088 	-35.012
3.75328 	-35.0177
3.75568 	-35.0234
3.75807 	-35.029
3.76047 	-35.0346
3.76287 	-35.0403
3.76527 	-35.0459
3.76767 	-35.0515
3.77006 	-35.0571
3.77246 	-35.0627
3.77486 	-35.0683
3.77726 	-35.0739
3.77966 	-35.0795
3.78205 	-35.0851
3.78445 	-35.0906
3.78685 	-35.0962
3.78925 	-35.1017
3.79165 	-35.1073
3.79404 	-35.1128
3.79644 	-35.1183
3.79884 	-35.1238
3.80124 	-35.1293
3.80364 	-35.1348
3.80603 	-35.1403
3.80843 	-35.1458
3.81083 	-35.1513
3.81323 	-35.1567
3.81563 	-35.1622
3.81802 	-35.1676
3.82042 	-35.1731
3.82282 	-35.1785
3.82522 	-35.184
3.82762 	-35.1894
3.83001 	-35.1948
3.83241 	-35.2002
3.83481 	-35.2056
3.83721 	-35.211
3.83961 	-35.2164
3.842 	-35.2217
3.8444 	-35.2271
3.8468 	-35.2325
3.8492 	-35.2378
3.8516 	-35.2432
3.85399 	-35.2485
3.85639 	-35.2538
3.85879 	-35.2591
3.86119 	-35.2644
3.86359 	-35.2697
3.86598 	-35.275
3.86838 	-35.2803
3.87078 	-35.2856
3.87318 	-35.2909
3.87558 	-35.2962
3.87797 	-35.3014
3.88037 	-35.3067
3.88277 	-35.3119
3.88517 	-35.3171
3.88757 	-35.3224
3.88996 	-35.3276
3.89236 	-35.3328
3.89476 	-35.338
3.89716 	-35.3432
3.89956 	-35.3484
3.90195 	-35.3536
3.90435 	-35.3587
3.90675 	-35.3639
3.90915 	-35.3691
3.91155 	-35.3742
3.91394 	-35.3794
3.91634 	-35.3845
3.91874 	-35.3896
3.92114 	-35.3948
3.92354 	-35.3999
3.92593 	-35.405
3.92833 	-35.4101
3.93073 	-35.4152
3.93313 	-35.4202
3.93553 	-35.4253
3.93792 	-35.4304
3.94032 	-35.4355
3.94272 	-35.4405
3.94512 	-35.4455
3.94752 	-35.4506
3.94991 	-35.4556
3.95231 	-35.4606
3.95471 	-35.4657
3.95711 	-35.4707
3.95951 	-35.4757
3.9619 	-35.4807
3.9643 	-35.4856
3.9667 	-35.4906
3.9691 	-35.4956
3.9715 	-35.5006
3.97389 	-35.5055
3.97629 	-35.5105
3.97869 	-35.5154
3.98109 	-35.5203
3.98349 	-35.5253
3.98588 	-35.5302
3.98828 	-35.5351
3.99068 	-35.54
3.99308 	-35.5449
3.99548 	-35.5498
3.99787 	-35.5546
4.00027 	-35.5595
4.00267 	-35.5644
4.00507 	-35.5692
4.00747 	-35.5741
4.00986 	-35.5789
4.01226 	-35.5838
4.01466 	-35.5886
4.01706 	-35.5934
4.01946 	-35.5982
4.02185 	-35.603
4.02425 	-35.6078
4.02665 	-35.6126
4.02905 	-35.6174
4.03145 	-35.6222
4.03384 	-35.6269
4.03624 	-35.6317
4.03864 	-35.6365
4.04104 	-35.6412
4.04344 	-35.6459
4.04583 	-35.6507
4.04823 	-35.6554
4.05063 	-35.6601
4.05303 	-35.6648
4.05543 	-35.6695
4.05782 	-35.6742
4.06022 	-35.6789
4.06262 	-35.6836
4.06502 	-35.6882
4.06742 	-35.6929
4.06981 	-35.6975
4.07221 	-35.7022
4.07461 	-35.7068
4.07701 	-35.7115
4.07941 	-35.7161
4.0818 	-35.7207
4.0842 	-35.7253
4.0866 	-35.7299
4.089 	-35.7345
4.0914 	-35.7391
4.09379 	-35.7437
4.09619 	-35.7483
4.09859 	-35.7528
4.10099 	-35.7574
4.10339 	-35.7619
4.10578 	-35.7665
4.10818 	-35.771
4.11058 	-35.7755
4.11298 	-35.78
4.11538 	-35.7846
4.11777 	-35.7891
4.12017 	-35.7936
4.12257 	-35.798
4.12497 	-35.8025
4.12737 	-35.807
4.12976 	-35.8115
4.13216 	-35.8159
4.13456 	-35.8204
4.13696 	-35.8248
4.13936 	-35.8292
4.14175 	-35.8337
4.14415 	-35.8381
4.14655 	-35.8425
4.14895 	-35.8469
4.15135 	-35.8513
4.15374 	-35.8557
4.15614 	-35.8601
4.15854 	-35.8645
4.16094 	-35.8688
4.16334 	-35.8732
4.16573 	-35.8775
4.16813 	-35.8819
4.17053 	-35.8862
4.17293 	-35.8905
4.17533 	-35.8949
4.17772 	-35.8992
4.18012 	-35.9035
4.18252 	-35.9078
4.18492 	-35.9121
4.18732 	-35.9163
4.18971 	-35.9206
4.19211 	-35.9249
4.19451 	-35.9291
4.19691 	-35.9334
4.19931 	-35.9376
4.2017 	-35.9419
4.2041 	-35.9461
4.2065 	-35.9503
4.2089 	-35.9545
4.2113 	-35.9587
4.21369 	-35.9629
4.21609 	-35.9671
4.21849 	-35.9713
4.22089 	-35.9755
4.22329 	-35.9796
4.22568 	-35.9838
4.22808 	-35.9879
4.23048 	-35.9921
4.23288 	-35.9962
4.23528 	-36.0003
4.23767 	-36.0045
4.24007 	-36.0086
4.24247 	-36.0127
4.24487 	-36.0168
4.24727 	-36.0209
4.24966 	-36.0249
4.25206 	-36.029
4.25446 	-36.0331
4.25686 	-36.0371
4.25926 	-36.0412
4.26165 	-36.0452
4.26405 	-36.0492
4.26645 	-36.0533
4.26885 	-36.0573
4.27125 	-36.0613
4.27364 	-36.0653
4.27604 	-36.0693
4.27844 	-36.0733
4.28084 	-36.0772
4.28324 	-36.0812
4.28563 	-36.0852
4.28803 	-36.0891
4.29043 	-36.093
4.29283 	-36.097
4.29523 	-36.1009
4.29762 	-36.1048
4.30002 	-36.1087
4.30242 	-36.1126
4.30482 	-36.1165
4.30722 	-36.1204
4.30961 	-36.1243
4.31201 	-36.1282
4.31441 	-36.132
4.31681 	-36.1359
4.31921 	-36.1397
4.3216 	-36.1436
4.324 	-36.1474
4.3264 	-36.1512
4.3288 	-36.155
4.3312 	-36.1588
4.33359 	-36.1626
4.33599 	-36.1664
4.33839 	-36.1702
4.34079 	-36.174
4.34319 	-36.1777
4.34558 	-36.1815
4.34798 	-36.1852
4.35038 	-36.189
4.35278 	-36.1927
4.35518 	-36.1964
4.35757 	-36.2001
4.35997 	-36.2038
4.36237 	-36.2075
4.36477 	-36.2112
4.36717 	-36.2149
4.36956 	-36.2185
4.37196 	-36.2222
4.37436 	-36.2259
4.37676 	-36.2295
4.37916 	-36.2331
4.38155 	-36.2368
4.38395 	-36.2404
4.38635 	-36.244
4.38875 	-36.2476
4.39115 	-36.2512
4.39354 	-36.2548
4.39594 	-36.2583
4.39834 	-36.2619
4.40074 	-36.2655
4.40314 	-36.269
4.40553 	-36.2726
4.40793 	-36.2761
4.41033 	-36.2796
4.41273 	-36.2831
4.41513 	-36.2866
4.41752 	-36.2901
4.41992 	-36.2936
4.42232 	-36.2971
4.42472 	-36.3006
4.42712 	-36.304
4.42951 	-36.3075
4.43191 	-36.3109
4.43431 	-36.3144
4.43671 	-36.3178
4.43911 	-36.3212
4.4415 	-36.3246
4.4439 	-36.328
4.4463 	-36.3314
4.4487 	-36.3348
4.4511 	-36.3382
4.45349 	-36.3415
4.45589 	-36.3449
4.45829 	-36.3482
4.46069 	-36.3516
4.46309 	-36.3549
4.46548 	-36.3582
4.46788 	-36.3615
4.47028 	-36.3648
4.47268 	-36.3681
4.47508 	-36.3714
4.47747 	-36.3747
4.47987 	-36.3779
4.48227 	-36.3812
4.48467 	-36.3844
4.48707 	-36.3877
4.48946 	-36.3909
4.49186 	-36.3941
4.49426 	-36.3973
4.49666 	-36.4005
4.49906 	-36.4037
4.50145 	-36.4069
4.50385 	-36.4101
4.50625 	-36.4132
4.50865 	-36.4164
4.51105 	-36.4195
4.51344 	-36.4226
4.51584 	-36.4258
4.51824 	-36.4289
4.52064 	-36.432
4.52304 	-36.4351
4.52543 	-36.4382
4.52783 	-36.4412
4.53023 	-36.4443
4.53263 	-36.4474
4.53503 	-36.4504
4.53742 	-36.4534
4.53982 	-36.4565
4.54222 	-36.4595
4.54462 	-36.4625
4.54702 	-36.4655
4.54941 	-36.4685
4.55181 	-36.4715
4.55421 	-36.4744
4.55661 	-36.4774
4.55901 	-36.4803
4.5614 	-36.4833
4.5638 	-36.4862
4.5662 	-36.4891
4.5686 	-36.492
4.571 	-36.4949
4.57339 	-36.4978
4.57579 	-36.5007
4.57819 	-36.5036
4.58059 	-36.5064
4.58299 	-36.5093
4.58538 	-36.5121
4.58778 	-36.5149
4.59018 	-36.5178
4.59258 	-36.5206
4.59498 	-36.5234
4.59737 	-36.5261
4.59977 	-36.5289
4.60217 	-36.5317
4.60457 	-36.5344
4.60697 	-36.5372
4.60936 	-36.5399
4.61176 	-36.5427
4.61416 	-36.5454
4.61656 	-36.5481
4.61896 	-36.5508
4.62135 	-36.5534
4.62375 	-36.5561
4.62615 	-36.5588
4.62855 	-36.5614
4.63095 	-36.5641
4.63334 	-36.5667
4.63574 	-36.5693
4.63814 	-36.5719
4.64054 	-36.5745
4.64294 	-36.5771
4.64533 	-36.5797
4.64773 	-36.5823
4.65013 	-36.5848
4.65253 	-36.5874
4.65493 	-36.5899
4.65732 	-36.5924
4.65972 	-36.5949
4.66212 	-36.5974
4.66452 	-36.5999
4.66692 	-36.6024
4.66931 	-36.6049
4.67171 	-36.6073
4.67411 	-36.6098
4.67651 	-36.6122
4.67891 	-36.6146
4.6813 	-36.617
4.6837 	-36.6194
4.6861 	-36.6218
4.6885 	-36.6242
4.6909 	-36.6266
4.69329 	-36.6289
4.69569 	-36.6313
4.69809 	-36.6336
4.70049 	-36.6359
4.70289 	-36.6382
4.70528 	-36.6405
4.70768 	-36.6428
4.71008 	-36.6451
4.71248 	-36.6474
4.71488 	-36.6496
4.71727 	-36.6519
4.71967 	-36.6541
4.72207 	-36.6563
4.72447 	-36.6585
4.72687 	-36.6607
4.72926 	-36.6629
4.73166 	-36.6651
4.73406 	-36.6672
4.73646 	-36.6694
4.73886 	-36.6715
4.74125 	-36.6736
4.74365 	-36.6757
4.74605 	-36.6778
4.74845 	-36.6799
4.75085 	-36.682
4.75324 	-36.6841
4.75564 	-36.6861
4.75804 	-36.6881
4.76044 	-36.6902
4.76284 	-36.6922
4.76523 	-36.6942
4.76763 	-36.6962
4.77003 	-36.6982
4.77243 	-36.7001
4.77483 	-36.7021
4.77722 	-36.704
4.77962 	-36.7059
4.78202 	-36.7078
4.78442 	-36.7097
4.78682 	-36.7116
4.78921 	-36.7135
4.79161 	-36.7154
4.79401 	-36.7172
4.79641 	-36.7191
4.79881 	-36.7209
4.8012 	-36.7227
4.8036 	-36.7245
4.806 	-36.7263
4.8084 	-36.7281
4.8108 	-36.7298
4.81319 	-36.7316
4.81559 	-36.7333
4.81799 	-36.735
4.82039 	-36.7367
4.82279 	-36.7384
4.82518 	-36.7401
4.82758 	-36.7418
4.82998 	-36.7435
4.83238 	-36.7451
4.83478 	-36.7467
4.83717 	-36.7483
4.83957 	-36.7499
4.84197 	-36.7515
4.84437 	-36.7531
4.84677 	-36.7547
4.84916 	-36.7562
4.85156 	-36.7578
4.85396 	-36.7593
4.85636 	-36.7608
4.85876 	-36.7623
4.86115 	-36.7638
4.86355 	-36.7652
4.86595 	-36.7667
4.86835 	-36.7681
4.87075 	-36.7695
4.87314 	-36.771
4.87554 	-36.7724
4.87794 	-36.7737
4.88034 	-36.7751
4.88274 	-36.7765
4.88513 	-36.7778
4.88753 	-36.7791
4.88993 	-36.7804
4.89233 	-36.7817
4.89473 	-36.783
4.89712 	-36.7843
4.89952 	-36.7855
4.90192 	-36.7868
4.90432 	-36.788
4.90672 	-36.7892
4.90911 	-36.7904
4.91151 	-36.7916
4.91391 	-36.7928
4.91631 	-36.7939
4.91871 	-36.7951
4.9211 	-36.7962
4.9235 	-36.7973
4.9259 	-36.7984
4.9283 	-36.7995
4.9307 	-36.8005
4.93309 	-36.8016
4.93549 	-36.8026
4.93789 	-36.8036
4.94029 	-36.8046
4.94269 	-36.8056
4.94508 	-36.8066
4.94748 	-36.8075
4.94988 	-36.8085
4.95228 	-36.8094
4.95468 	-36.8103
4.95707 	-36.8112
4.95947 	-36.8121
4.96187 	-36.813
4.96427 	-36.8138
4.96667 	-36.8146
4.96906 	-36.8155
4.97146 	-36.8163
4.97386 	-36.8171
4.97626 	-36.8178
4.97866 	-36.8186
4.98105 	-36.8193
4.98345 	-36.82
4.98585 	-36.8207
4.98825 	-36.8214
4.99065 	-36.8221
4.99304 	-36.8228
4.99544 	-36.8234
4.99784 	-36.824
5.00024 	-36.8246
5.00264 	-36.8252
5.00503 	-36.8258
5.00743 	-36.8264
5.00983 	-36.8269
5.01223 	-36.8274
5.01463 	-36.8279
5.01702 	-36.8284
5.01942 	-36.8289
5.02182 	-36.8294
5.02422 	-36.8298
5.02662 	-36.8302
5.02901 	-36.8306
5.03141 	-36.831
5.03381 	-36.8314
5.03621 	-36.8318
5.03861 	-36.8321
5.041 	-36.8324
5.0434 	-36.8327
5.0458 	-36.833
5.0482 	-36.8333
5.0506 	-36.8335
5.05299 	-36.8338
5.05539 	-36.834
5.05779 	-36.8342
5.06019 	-36.8344
5.06259 	-36.8345
5.06498 	-36.8347
5.06738 	-36.8348
5.06978 	-36.8349
5.07218 	-36.835
5.07458 	-36.8351
5.07697 	-36.8352
5.07937 	-36.8352
5.08177 	-36.8352
5.08417 	-36.8352
5.08657 	-36.8352
5.08896 	-36.8352
5.09136 	-36.8351
5.09376 	-36.835
5.09616 	-36.8349
5.09856 	-36.8348
5.10095 	-36.8347
5.10335 	-36.8346
5.10575 	-36.8344
5.10815 	-36.8342
5.11055 	-36.834
5.11294 	-36.8338
5.11534 	-36.8336
5.11774 	-36.8333
5.12014 	-36.833
5.12254 	-36.8327
5.12493 	-36.8324
5.12733 	-36.8321
5.12973 	-36.8317
5.13213 	-36.8313
5.13453 	-36.8309
5.13692 	-36.8305
5.13932 	-36.8301
5.14172 	-36.8296
5.14412 	-36.8292
5.14652 	-36.8287
5.14891 	-36.8282
5.15131 	-36.8276
5.15371 	-36.8271
5.15611 	-36.8265
5.15851 	-36.8259
5.1609 	-36.8253
5.1633 	-36.8247
5.1657 	-36.824
5.1681 	-36.8233
5.1705 	-36.8227
5.17289 	-36.8219
5.17529 	-36.8212
5.17769 	-36.8205
5.18009 	-36.8197
5.18249 	-36.8189
5.18488 	-36.8181
5.18728 	-36.8172
5.18968 	-36.8164
5.19208 	-36.8155
5.19448 	-36.8146
5.19687 	-36.8137
5.19927 	-36.8127
5.20167 	-36.8117
5.20407 	-36.8108
5.20647 	-36.8098
5.20886 	-36.8087
5.21126 	-36.8077
5.21366 	-36.8066
5.21606 	-36.8055
5.21846 	-36.8044
5.22085 	-36.8033
5.22325 	-36.8021
5.22565 	-36.8009
5.22805 	-36.7997
5.23045 	-36.7985
5.23284 	-36.7972
5.23524 	-36.796
5.23764 	-36.7947
5.24004 	-36.7934
5.24244 	-36.792
5.24483 	-36.7907
5.24723 	-36.7893
5.24963 	-36.7879
5.25203 	-36.7864
5.25443 	-36.785
5.25682 	-36.7835
5.25922 	-36.782
5.26162 	-36.7805
5.26402 	-36.779
5.26642 	-36.7774
5.26881 	-36.7758
5.27121 	-36.7742
5.27361 	-36.7726
5.27601 	-36.7709
5.27841 	-36.7692
5.2808 	-36.7675
5.2832 	-36.7658
5.2856 	-36.764
5.288 	-36.7622
5.2904 	-36.7604
5.29279 	-36.7586
5.29519 	-36.7568
5.29759 	-36.7549
5.29999 	-36.753
5.30239 	-36.7511
5.30478 	-36.7491
5.30718 	-36.7472
5.30958 	-36.7452
5.31198 	-36.7431
5.31438 	-36.7411
5.31677 	-36.739
5.31917 	-36.7369
5.32157 	-36.7348
5.32397 	-36.7327
5.32637 	-36.7305
5.32876 	-36.7283
5.33116 	-36.7261
5.33356 	-36.7238
5.33596 	-36.7216
5.33836 	-36.7193
5.34075 	-36.717
5.34315 	-36.7146
5.34555 	-36.7122
5.34795 	-36.7098
5.35035 	-36.7074
5.35274 	-36.705
5.35514 	-36.7025
5.35754 	-36.7
5.35994 	-36.6975
5.36234 	-36.6949
5.36473 	-36.6923
5.36713 	-36.6897
5.36953 	-36.6871
5.37193 	-36.6844
5.37433 	-36.6817
5.37672 	-36.679
5.37912 	-36.6763
5.38152 	-36.6735
5.38392 	-36.6707
5.38632 	-36.6679
5.38871 	-36.665
5.39111 	-36.6622
5.39351 	-36.6593
5.39591 	-36.6563
5.39831 	-36.6534
5.4007 	-36.6504
5.4031 	-36.6474
5.4055 	-36.6443
5.4079 	-36.6413
5.4103 	-36.6382
5.41269 	-36.635
5.41509 	-36.6319
5.41749 	-36.6287
5.41989 	-36.6255
5.42229 	-36.6222
5.42468 	-36.619
5.42708 	-36.6157
5.42948 	-36.6124
5.43188 	-36.609
5.43428 	-36.6056
5.43667 	-36.6022
5.43907 	-36.5988
5.44147 	-36.5953
5.44387 	-36.5918
5.44627 	-36.5883
5.44866 	-36.5847
5.45106 	-36.5811
5.45346 	-36.5775
5.45586 	-36.5739
5.45826 	-36.5702
5.46065 	-36.5665
5.46305 	-36.5627
5.46545 	-36.559
5.46785 	-36.5552
5.47025 	-36.5514
5.47264 	-36.5475
5.47504 	-36.5436
5.47744 	-36.5397
5.47984 	-36.5357
5.48224 	-36.5318
5.48463 	-36.5278
5.48703 	-36.5237
5.48943 	-36.5196
5.49183 	-36.5155
5.49423 	-36.5114
5.49662 	-36.5072
5.49902 	-36.503
5.50142 	-36.4988
5.50382 	-36.4946
5.50622 	-36.4903
5.50861 	-36.4859
5.51101 	-36.4816
5.51341 	-36.4772
5.51581 	-36.4728
5.51821 	-36.4683
5.5206 	-36.4639
5.523 	-36.4593
5.5254 	-36.4548
5.5278 	-36.4502
5.5302 	-36.4456
5.53259 	-36.441
5.53499 	-36.4363
5.53739 	-36.4316
5.53979 	-36.4268
5.54219 	-36.422
5.54458 	-36.4172
5.54698 	-36.4124
5.54938 	-36.4075
5.55178 	-36.4026
5.55418 	-36.3977
5.55657 	-36.3927
5.55897 	-36.3877
5.56137 	-36.3826
5.56377 	-36.3775
5.56617 	-36.3724
5.56856 	-36.3673
5.57096 	-36.3621
5.57336 	-36.3569
5.57576 	-36.3516
5.57816 	-36.3463
5.58055 	-36.341
5.58295 	-36.3357
5.58535 	-36.3303
5.58775 	-36.3248
5.59015 	-36.3194
5.59254 	-36.3139
5.59494 	-36.3083
5.59734 	-36.3028
5.59974 	-36.2972
5.60214 	-36.2915
5.60453 	-36.2859
5.60693 	-36.2801
5.60933 	-36.2744
5.61173 	-36.2686
5.61413 	-36.2628
5.61652 	-36.2569
5.61892 	-36.2511
5.62132 	-36.2451
5.62372 	-36.2392
5.62612 	-36.2332
5.62851 	-36.2271
5.63091 	-36.221
5.63331 	-36.2149
5.63571 	-36.2088
5.63811 	-36.2026
5.6405 	-36.1964
5.6429 	-36.1901
5.6453 	-36.1838
5.6477 	-36.1775
5.6501 	-36.1711
5.65249 	-36.1647
5.65489 	-36.1582
5.65729 	-36.1517
5.65969 	-36.1452
5.66209 	-36.1386
5.66448 	-36.132
5.66688 	-36.1254
5.66928 	-36.1187
5.67168 	-36.112
5.67408 	-36.1052
5.67647 	-36.0984
5.67887 	-36.0916
5.68127 	-36.0847
5.68367 	-36.0778
5.68607 	-36.0708
5.68846 	-36.0638
5.69086 	-36.0568
5.69326 	-36.0497
5.69566 	-36.0426
5.69806 	-36.0354
5.70045 	-36.0282
5.70285 	-36.021
5.70525 	-36.0137
5.70765 	-36.0064
5.71005 	-35.999
5.71244 	-35.9916
5.71484 	-35.9842
5.71724 	-35.9767
5.71964 	-35.9692
5.72204 	-35.9616
5.72443 	-35.954
5.72683 	-35.9464
5.72923 	-35.9387
5.73163 	-35.931
5.73403 	-35.9232
5.73642 	-35.9154
5.73882 	-35.9075
5.74122 	-35.8996
5.74362 	-35.8917
5.74602 	-35.8837
5.74841 	-35.8756
5.75081 	-35.8676
5.75321 	-35.8595
5.75561 	-35.8513
5.75801 	-35.8431
5.7604 	-35.8349
5.7628 	-35.8266
5.7652 	-35.8183
5.7676 	-35.8099
5.77 	-35.8015
5.77239 	-35.793
5.77479 	-35.7845
5.77719 	-35.776
5.77959 	-35.7674
5.78199 	-35.7587
5.78438 	-35.75
5.78678 	-35.7413
5.78918 	-35.7325
5.79158 	-35.7237
5.79398 	-35.7149
5.79637 	-35.706
5.79877 	-35.697
5.80117 	-35.688
5.80357 	-35.679
5.80597 	-35.6699
5.80836 	-35.6608
5.81076 	-35.6516
5.81316 	-35.6424
5.81556 	-35.6331
5.81796 	-35.6238
5.82035 	-35.6144
5.82275 	-35.605
5.82515 	-35.5955
5.82755 	-35.586
5.82995 	-35.5765
5.83234 	-35.5669
5.83474 	-35.5573
5.83714 	-35.5476
5.83954 	-35.5378
5.84194 	-35.528
5.84433 	-35.5182
5.84673 	-35.5083
5.84913 	-35.4984
5.85153 	-35.4884
5.85393 	-35.4784
5.85632 	-35.4683
5.85872 	-35.4582
5.86112 	-35.4481
5.86352 	-35.4378
5.86592 	-35.4276
5.86831 	-35.4173
5.87071 	-35.4069
5.87311 	-35.3965
5.87551 	-35.386
5.87791 	-35.3755
5.8803 	-35.365
5.8827 	-35.3543
5.8851 	-35.3437
5.8875 	-35.333
5.8899 	-35.3222
5.89229 	-35.3114
5.89469 	-35.3005
5.89709 	-35.2896
5.89949 	-35.2787
5.90189 	-35.2677
5.90428 	-35.2566
5.90668 	-35.2455
5.90908 	-35.2343
5.91148 	-35.2231
5.91388 	-35.2119
5.91627 	-35.2005
5.91867 	-35.1892
5.92107 	-35.1777
5.92347 	-35.1663
5.92587 	-35.1548
5.92826 	-35.1432
5.93066 	-35.1316
5.93306 	-35.1199
5.93546 	-35.1081
5.93786 	-35.0964
5.94025 	-35.0845
5.94265 	-35.0726
5.94505 	-35.0607
5.94745 	-35.0487
5.94985 	-35.0366
5.95224 	-35.0245
5.95464 	-35.0124
5.95704 	-35.0002
5.95944 	-34.9879
5.96184 	-34.9756
5.96423 	-34.9632
5.96663 	-34.9508
5.96903 	-34.9383
5.97143 	-34.9258
5.97383 	-34.9132
5.97622 	-34.9006
5.97862 	-34.8879
5.98102 	-34.8751
5.98342 	-34.8623
5.98582 	-34.8494
5.98821 	-34.8365
5.99061 	-34.8235
5.99301 	-34.8105
5.99541 	-34.7974
5.99781 	-34.7843
6.0002 	-34.7711
6.0026 	-34.7578
6.005 	-34.7445
6.0074 	-34.7312
6.0098 	-34.7177
6.01219 	-34.7043
6.01459 	-34.6907
6.01699 	-34.6771
6.01939 	-34.6635
6.02179 	-34.6498
6.02418 	-34.636
6.02658 	-34.6222
6.02898 	-34.6083
6.03138 	-34.5944
6.03378 	-34.5804
6.03617 	-34.5664
6.03857 	-34.5522
6.04097 	-34.5381
6.04337 	-34.5239
6.04577 	-34.5096
6.04816 	-34.4952
6.05056 	-34.4808
6.05296 	-34.4664
6.05536 	-34.4518
6.05776 	-34.4373
6.06015 	-34.4226
6.06255 	-34.4079
6.06495 	-34.3932
6.06735 	-34.3784
6.06975 	-34.3635
6.07214 	-34.3486
6.07454 	-34.3336
6.07694 	-34.3185
6.07934 	-34.3034
6.08174 	-34.2882
6.08413 	-34.273
6.08653 	-34.2577
6.08893 	-34.2423
6.09133 	-34.2269
6.09373 	-34.2114
6.09612 	-34.1959
6.09852 	-34.1803
6.10092 	-34.1646
6.10332 	-34.1489
6.10572 	-34.1331
6.10811 	-34.1173
6.11051 	-34.1014
6.11291 	-34.0854
6.11531 	-34.0694
6.11771 	-34.0533
6.1201 	-34.0371
6.1225 	-34.0209
6.1249 	-34.0046
6.1273 	-33.9883
6.1297 	-33.9719
6.13209 	-33.9554
6.13449 	-33.9388
6.13689 	-33.9222
6.13929 	-33.9056
6.14169 	-33.8889
6.14408 	-33.8721
6.14648 	-33.8552
6.14888 	-33.8383
6.15128 	-33.8213
6.15368 	-33.8043
6.15607 	-33.7872
6.15847 	-33.77
6.16087 	-33.7528
6.16327 	-33.7354
6.16567 	-33.7181
6.16806 	-33.7006
6.17046 	-33.6832
6.17286 	-33.6656
6.17526 	-33.648
6.17766 	-33.6303
6.18005 	-33.6125
6.18245 	-33.5947
6.18485 	-33.5768
6.18725 	-33.5588
6.18965 	-33.5408
6.19204 	-33.5227
6.19444 	-33.5046
6.19684 	-33.4864
6.19924 	-33.4681
6.20164 	-33.4497
6.20403 	-33.4313
6.20643 	-33.4128
6.20883 	-33.3942
6.21123 	-33.3756
6.21363 	-33.3569
6.21602 	-33.3382
6.21842 	-33.3194
6.22082 	-33.3005
6.22322 	-33.2815
6.22562 	-33.2625
6.22801 	-33.2434
6.23041 	-33.2242
6.23281 	-33.205
6.23521 	-33.1857
6.23761 	-33.1663
6.24 	-33.1469
6.2424 	-33.1274
6.2448 	-33.1078
6.2472 	-33.0882
6.2496 	-33.0685
6.25199 	-33.0487
6.25439 	-33.0288
6.25679 	-33.0089
6.25919 	-32.9889
6.26159 	-32.9689
6.26398 	-32.9487
6.26638 	-32.9285
6.26878 	-32.9083
6.27118 	-32.8879
6.27358 	-32.8675
6.27597 	-32.847
6.27837 	-32.8265
6.28077 	-32.8059
6.28317 	-32.7852
6.28557 	-32.7644
6.28796 	-32.7436
6.29036 	-32.7227
6.29276 	-32.7017
6.29516 	-32.6807
6.29756 	-32.6596
6.29995 	-32.6384
6.30235 	-32.6171
6.30475 	-32.5958
6.30715 	-32.5744
6.30955 	-32.5529
6.31194 	-32.5314
6.31434 	-32.5098
6.31674 	-32.4881
6.31914 	-32.4663
6.32154 	-32.4445
6.32393 	-32.4226
6.32633 	-32.4006
6.32873 	-32.3786
6.33113 	-32.3565
6.33353 	-32.3343
6.33592 	-32.312
6.33832 	-32.2897
6.34072 	-32.2673
6.34312 	-32.2448
6.34552 	-32.2222
6.34791 	-32.1996
6.35031 	-32.1769
6.35271 	-32.1541
6.35511 	-32.1313
6.35751 	-32.1083
6.3599 	-32.0853
6.3623 	-32.0623
6.3647 	-32.0391
6.3671 	-32.0159
6.3695 	-31.9926
6.37189 	-31.9692
6.37429 	-31.9458
6.37669 	-31.9223
6.37909 	-31.8987
6.38149 	-31.875
6.38388 	-31.8513
6.38628 	-31.8275
6.38868 	-31.8036
6.39108 	-31.7796
6.39348 	-31.7556
6.39587 	-31.7315
6.39827 	-31.7073
6.40067 	-31.683
6.40307 	-31.6587
6.40547 	-31.6343
6.40786 	-31.6098
6.41026 	-31.5852
6.41266 	-31.5606
6.41506 	-31.5358
6.41746 	-31.5111
6.41985 	-31.4862
6.42225 	-31.4612
6.42465 	-31.4362
6.42705 	-31.4111
6.42945 	-31.386
6.43184 	-31.3607
6.43424 	-31.3354
6.43664 	-31.31
6.43904 	-31.2845
6.44144 	-31.259
6.44383 	-31.2333
6.44623 	-31.2076
6.44863 	-31.1818
6.45103 	-31.156
6.45343 	-31.13
6.45582 	-31.104
6.45822 	-31.0779
6.46062 	-31.0518
6.46302 	-31.0255
6.46542 	-30.9992
6.46781 	-30.9728
6.47021 	-30.9463
6.47261 	-30.9198
6.47501 	-30.8931
6.47741 	-30.8664
6.4798 	-30.8397
6.4822 	-30.8128
6.4846 	-30.7859
6.487 	-30.7588
6.4894 	-30.7317
6.49179 	-30.7046
6.49419 	-30.6773
6.49659 	-30.65
6.49899 	-30.6226
6.50139 	-30.5951
6.50378 	-30.5675
6.50618 	-30.5399
6.50858 	-30.5122
6.51098 	-30.4844
6.51338 	-30.4565
6.51577 	-30.4286
6.51817 	-30.4005
6.52057 	-30.3724
6.52297 	-30.3442
6.52537 	-30.316
6.52776 	-30.2876
6.53016 	-30.2592
6.53256 	-30.2307
6.53496 	-30.2021
6.53736 	-30.1735
6.53975 	-30.1448
6.54215 	-30.1159
6.54455 	-30.087
6.54695 	-30.0581
6.54935 	-30.029
6.55174 	-29.9999
6.55414 	-29.9707
6.55654 	-29.9414
6.55894 	-29.912
6.56134 	-29.8826
6.56373 	-29.8531
6.56613 	-29.8235
6.56853 	-29.7938
6.57093 	-29.764
6.57333 	-29.7342
6.57572 	-29.7043
6.57812 	-29.6743
6.58052 	-29.6442
6.58292 	-29.6141
6.58532 	-29.5838
6.58771 	-29.5535
6.59011 	-29.5231
6.59251 	-29.4927
6.59491 	-29.4621
6.59731 	-29.4315
6.5997 	-29.4008
6.6021 	-29.37
6.6045 	-29.3392
6.6069 	-29.3082
6.6093 	-29.2772
6.61169 	-29.2461
6.61409 	-29.2149
6.61649 	-29.1837
6.61889 	-29.1523
6.62129 	-29.1209
6.62368 	-29.0894
6.62608 	-29.0578
6.62848 	-29.0262
6.63088 	-28.9944
6.63328 	-28.9626
6.63567 	-28.9307
6.63807 	-28.8988
6.64047 	-28.8667
6.64287 	-28.8346
6.64527 	-28.8024
6.64766 	-28.7701
6.65006 	-28.7378
6.65246 	-28.7053
6.65486 	-28.6728
6.65726 	-28.6402
6.65965 	-28.6075
6.66205 	-28.5748
6.66445 	-28.5419
6.66685 	-28.509
6.66925 	-28.476
6.67164 	-28.4429
6.67404 	-28.4098
6.67644 	-28.3766
6.67884 	-28.3433
6.68124 	-28.3099
6.68363 	-28.2764
6.68603 	-28.2429
6.68843 	-28.2092
6.69083 	-28.1755
6.69323 	-28.1418
6.69562 	-28.1079
6.69802 	-28.074
6.70042 	-28.04
6.70282 	-28.0059
6.70522 	-27.9717
6.70761 	-27.9374
6.71001 	-27.9031
6.71241 	-27.8687
6.71481 	-27.8342
6.71721 	-27.7997
6.7196 	-27.765
6.722 	-27.7303
6.7244 	-27.6955
6.7268 	-27.6607
6.7292 	-27.6257
6.73159 	-27.5907
6.73399 	-27.5556
6.73639 	-27.5204
6.73879 	-27.4851
6.74119 	-27.4498
6.74358 	-27.4144
6.74598 	-27.3789
6.74838 	-27.3433
6.75078 	-27.3077
6.75318 	-27.272
6.75557 	-27.2362
6.75797 	-27.2003
6.76037 	-27.1643
6.76277 	-27.1283
6.76517 	-27.0922
6.76756 	-27.056
6.76996 	-27.0198
6.77236 	-26.9834
6.77476 	-26.947
6.77716 	-26.9105
6.77955 	-26.874
6.78195 	-26.8373
6.78435 	-26.8006
6.78675 	-26.7638
6.78915 	-26.727
6.79154 	-26.69
6.79394 	-26.653
6.79634 	-26.6159
6.79874 	-26.5788
6.80114 	-26.5415
6.80353 	-26.5042
6.80593 	-26.4668
6.80833 	-26.4293
6.81073 	-26.3918
6.81313 	-26.3542
6.81552 	-26.3165
6.81792 	-26.2787
6.82032 	-26.2409
6.82272 	-26.203
6.82512 	-26.165
6.82751 	-26.1269
6.82991 	-26.0888
6.83231 	-26.0505
6.83471 	-26.0123
6.83711 	-25.9739
6.8395 	-25.9355
6.8419 	-25.897
6.8443 	-25.8584
6.8467 	-25.8197
6.8491 	-25.781
6.85149 	-25.7422
6.85389 	-25.7033
6.85629 	-25.6644
6.85869 	-25.6254
6.86109 	-25.5863
6.86348 	-25.5471
6.86588 	-25.5079
6.86828 	-25.4686
6.87068 	-25.4292
6.87308 	-25.3898
6.87547 	-25.3503
6.87787 	-25.3107
6.88027 	-25.271
6.88267 	-25.2313
6.88507 	-25.1915
6.88746 	-25.1516
6.88986 	-25.1116
6.89226 	-25.0716
6.89466 	-25.0315
6.89706 	-24.9914
6.89945 	-24.9512
6.90185 	-24.9109
6.90425 	-24.8705
6.90665 	-24.8301
6.90905 	-24.7896
6.91144 	-24.749
6.91384 	-24.7083
6.91624 	-24.6676
6.91864 	-24.6269
6.92104 	-24.586
6.92343 	-24.5451
6.92583 	-24.5041
6.92823 	-24.4631
6.93063 	-24.4219
6.93303 	-24.3807
6.93542 	-24.3395
6.93782 	-24.2982
6.94022 	-24.2568
6.94262 	-24.2153
6.94502 	-24.1738
6.94741 	-24.1322
6.94981 	-24.0906
6.95221 	-24.0488
6.95461 	-24.007
6.95701 	-23.9652
6.9594 	-23.9233
6.9618 	-23.8813
6.9642 	-23.8392
6.9666 	-23.7971
6.969 	-23.7549
6.97139 	-23.7127
6.97379 	-23.6704
6.97619 	-23.628
6.97859 	-23.5856
6.98099 	-23.5431
6.98338 	-23.5005
6.98578 	-23.4579
6.98818 	-23.4152
6.99058 	-23.3724
6.99298 	-23.3296
6.99537 	-23.2867
6.99777 	-23.2438
7.00017 	-23.2008
7.00257 	-23.1577
7.00497 	-23.1146
7.00736 	-23.0714
7.00976 	-23.0282
7.01216 	-22.9848
7.01456 	-22.9415
7.01696 	-22.898
7.01935 	-22.8545
7.02175 	-22.811
7.02415 	-22.7674
7.02655 	-22.7237
7.02895 	-22.68
7.03134 	-22.6362
7.03374 	-22.5923
7.03614 	-22.5484
7.03854 	-22.5045
7.04094 	-22.4604
7.04333 	-22.4164
7.04573 	-22.3722
7.04813 	-22.328
7.05053 	-22.2838
7.05293 	-22.2394
7.05532 	-22.1951
7.05772 	-22.1507
7.06012 	-22.1062
7.06252 	-22.0616
7.06492 	-22.017
7.06731 	-21.9724
7.06971 	-21.9277
7.07211 	-21.8829
7.07451 	-21.8381
7.07691 	-21.7932
7.0793 	-21.7483
7.0817 	-21.7033
7.0841 	-21.6583
7.0865 	-21.6132
7.0889 	-21.5681
7.09129 	-21.5229
7.09369 	-21.4777
7.09609 	-21.4324
7.09849 	-21.387
7.10089 	-21.3416
7.10328 	-21.2962
7.10568 	-21.2507
7.10808 	-21.2051
7.11048 	-21.1595
7.11288 	-21.1139
7.11527 	-21.0681
7.11767 	-21.0224
7.12007 	-20.9766
7.12247 	-20.9307
7.12487 	-20.8848
7.12726 	-20.8389
7.12966 	-20.7929
7.13206 	-20.7468
7.13446 	-20.7007
7.13686 	-20.6546
7.13925 	-20.6084
7.14165 	-20.5622
7.14405 	-20.5159
7.14645 	-20.4696
7.14885 	-20.4232
7.15124 	-20.3768
7.15364 	-20.3303
7.15604 	-20.2838
7.15844 	-20.2372
7.16084 	-20.1906
7.16323 	-20.144
7.16563 	-20.0973
7.16803 	-20.0506
7.17043 	-20.0038
7.17283 	-19.957
7.17522 	-19.9101
7.17762 	-19.8632
7.18002 	-19.8162
7.18242 	-19.7692
7.18482 	-19.7222
7.18721 	-19.6751
7.18961 	-19.628
7.19201 	-19.5809
7.19441 	-19.5337
7.19681 	-19.4864
7.1992 	-19.4392
7.2016 	-19.3919
7.204 	-19.3445
7.2064 	-19.2971
7.2088 	-19.2497
7.21119 	-19.2022
7.21359 	-19.1547
7.21599 	-19.1072
7.21839 	-19.0596
7.22079 	-19.012
7.22318 	-18.9643
7.22558 	-18.9166
7.22798 	-18.8689
7.23038 	-18.8211
7.23278 	-18.7733
7.23517 	-18.7255
7.23757 	-18.6776
7.23997 	-18.6297
7.24237 	-18.5818
7.24477 	-18.5338
7.24716 	-18.4858
7.24956 	-18.4378
7.25196 	-18.3897
7.25436 	-18.3416
7.25676 	-18.2935
7.25915 	-18.2453
7.26155 	-18.1972
7.26395 	-18.1489
7.26635 	-18.1007
7.26875 	-18.0524
7.27114 	-18.0041
7.27354 	-17.9557
7.27594 	-17.9074
7.27834 	-17.859
7.28074 	-17.8105
7.28313 	-17.7621
7.28553 	-17.7136
7.28793 	-17.6651
7.29033 	-17.6165
7.29273 	-17.568
7.29512 	-17.5194
7.29752 	-17.4708
7.29992 	-17.4221
7.30232 	-17.3735
7.30472 	-17.3248
7.30711 	-17.276
7.30951 	-17.2273
7.31191 	-17.1785
7.31431 	-17.1297
7.31671 	-17.0809
7.3191 	-17.0321
7.3215 	-16.9832
7.3239 	-16.9344
7.3263 	-16.8854
7.3287 	-16.8365
7.33109 	-16.7876
7.33349 	-16.7386
7.33589 	-16.6896
7.33829 	-16.6406
7.34069 	-16.5916
7.34308 	-16.5426
7.34548 	-16.4935
7.34788 	-16.4444
7.35028 	-16.3953
7.35268 	-16.3462
7.35507 	-16.2971
7.35747 	-16.2479
7.35987 	-16.1987
7.36227 	-16.1496
7.36467 	-16.1004
7.36706 	-16.0511
7.36946 	-16.0019
7.37186 	-15.9527
7.37426 	-15.9034
7.37666 	-15.8541
7.37905 	-15.8048
7.38145 	-15.7555
7.38385 	-15.7062
7.38625 	-15.6569
7.38865 	-15.6076
7.39104 	-15.5582
7.39344 	-15.5088
7.39584 	-15.4595
7.39824 	-15.4101
7.40064 	-15.3607
7.40303 	-15.3113
7.40543 	-15.2619
7.40783 	-15.2125
7.41023 	-15.163
7.41263 	-15.1136
7.41502 	-15.0641
7.41742 	-15.0147
7.41982 	-14.9652
7.42222 	-14.9157
7.42462 	-14.8663
7.42701 	-14.8168
7.42941 	-14.7673
7.43181 	-14.7178
7.43421 	-14.6683
7.43661 	-14.6188
7.439 	-14.5693
7.4414 	-14.5197
7.4438 	-14.4702
7.4462 	-14.4207
7.4486 	-14.3712
7.45099 	-14.3217
7.45339 	-14.2721
7.45579 	-14.2226
7.45819 	-14.1731
7.46059 	-14.1235
7.46298 	-14.074
7.46538 	-14.0245
7.46778 	-13.9749
7.47018 	-13.9254
7.47258 	-13.8758
7.47497 	-13.8263
7.47737 	-13.7767
7.47977 	-13.7272
7.48217 	-13.6776
7.48457 	-13.6281
7.48696 	-13.5785
7.48936 	-13.5289
7.49176 	-13.4794
7.49416 	-13.4298
7.49656 	-13.3802
7.49895 	-13.3307
7.50135 	-13.2811
7.50375 	-13.2315
7.50615 	-13.182
7.50855 	-13.1324
7.51094 	-13.0829
7.51334 	-13.0333
7.51574 	-12.9837
7.51814 	-12.9342
7.52054 	-12.8846
7.52293 	-12.8351
7.52533 	-12.7856
7.52773 	-12.736
7.53013 	-12.6865
7.53253 	-12.637
7.53492 	-12.5874
7.53732 	-12.5379
7.53972 	-12.4884
7.54212 	-12.4389
7.54452 	-12.3894
7.54691 	-12.3399
7.54931 	-12.2905
7.55171 	-12.241
7.55411 	-12.1915
7.55651 	-12.1421
7.5589 	-12.0926
7.5613 	-12.0432
7.5637 	-11.9938
7.5661 	-11.9444
7.5685 	-11.895
7.57089 	-11.8456
7.57329 	-11.7962
7.57569 	-11.7468
7.57809 	-11.6975
7.58049 	-11.6481
7.58288 	-11.5988
7.58528 	-11.5495
7.58768 	-11.5002
7.59008 	-11.4509
7.59248 	-11.4016
7.59487 	-11.3524
7.59727 	-11.3031
7.59967 	-11.2539
7.60207 	-11.2047
7.60447 	-11.1555
7.60686 	-11.1063
7.60926 	-11.0571
7.61166 	-11.008
7.61406 	-10.9589
7.61646 	-10.9098
7.61885 	-10.8607
7.62125 	-10.8116
7.62365 	-10.7625
7.62605 	-10.7135
7.62845 	-10.6645
7.63084 	-10.6155
7.63324 	-10.5665
7.63564 	-10.5176
7.63804 	-10.4686
7.64044 	-10.4197
7.64283 	-10.3708
7.64523 	-10.322
7.64763 	-10.2731
7.65003 	-10.2243
7.65243 	-10.1755
7.65482 	-10.1267
7.65722 	-10.078
7.65962 	-10.0293
7.66202 	-9.98057
7.66442 	-9.93189
7.66681 	-9.88325
7.66921 	-9.83462
7.67161 	-9.78602
7.67401 	-9.73745
7.67641 	-9.68891
7.6788 	-9.64039
7.6812 	-9.5919
7.6836 	-9.54344
7.686 	-9.495
7.6884 	-9.44659
7.69079 	-9.39822
7.69319 	-9.34987
7.69559 	-9.30155
7.69799 	-9.25326
7.70039 	-9.205
7.70278 	-9.15677
7.70518 	-9.10857
7.70758 	-9.0604
7.70998 	-9.01227
7.71238 	-8.96416
7.71477 	-8.91609
7.71717 	-8.86805
7.71957 	-8.82004
7.72197 	-8.77207
7.72437 	-8.72413
7.72676 	-8.67622
7.72916 	-8.62835
7.73156 	-8.58051
7.73396 	-8.5327
7.73636 	-8.48493
7.73875 	-8.4372
7.74115 	-8.3895
7.74355 	-8.34183
7.74595 	-8.2942
7.74835 	-8.24661
7.75074 	-8.19906
7.75314 	-8.15154
7.75554 	-8.10406
7.75794 	-8.05662
7.76034 	-8.00921
7.76273 	-7.96185
7.76513 	-7.91452
7.76753 	-7.86723
7.76993 	-7.81998
7.77233 	-7.77277
7.77472 	-7.7256
7.77712 	-7.67847
7.77952 	-7.63138
7.78192 	-7.58433
7.78432 	-7.53732
7.78671 	-7.49035
7.78911 	-7.44343
7.79151 	-7.39654
7.79391 	-7.3497
7.79631 	-7.3029
7.7987 	-7.25614
7.8011 	-7.20943
7.8035 	-7.16276
7.8059 	-7.11613
7.8083 	-7.06955
7.81069 	-7.02301
7.81309 	-6.97652
7.81549 	-6.93006
7.81789 	-6.88366
7.82029 	-6.8373
7.82268 	-6.79098
7.82508 	-6.74472
7.82748 	-6.69849
7.82988 	-6.65232
7.83228 	-6.60619
7.83467 	-6.5601
7.83707 	-6.51407
7.83947 	-6.46808
7.84187 	-6.42214
7.84427 	-6.37624
7.84666 	-6.3304
7.84906 	-6.2846
7.85146 	-6.23885
7.85386 	-6.19316
7.85626 	-6.14751
7.85865 	-6.10191
7.86105 	-6.05636
7.86345 	-6.01086
7.86585 	-5.9654
7.86825 	-5.92
7.87064 	-5.87466
7.87304 	-5.82936
7.87544 	-5.78411
7.87784 	-5.73892
7.88024 	-5.69377
7.88263 	-5.64868
7.88503 	-5.60364
7.88743 	-5.55865
7.88983 	-5.51372
7.89223 	-5.46884
7.89462 	-5.42401
7.89702 	-5.37923
7.89942 	-5.33451
7.90182 	-5.28985
7.90422 	-5.24523
7.90661 	-5.20067
7.90901 	-5.15617
7.91141 	-5.11172
7.91381 	-5.06732
7.91621 	-5.02299
7.9186 	-4.9787
7.921 	-4.93447
7.9234 	-4.8903
7.9258 	-4.84619
7.9282 	-4.80213
7.93059 	-4.75812
7.93299 	-4.71418
7.93539 	-4.67029
7.93779 	-4.62645
7.94019 	-4.58268
7.94258 	-4.53896
7.94498 	-4.4953
7.94738 	-4.4517
7.94978 	-4.40816
7.95218 	-4.36468
7.95457 	-4.32125
7.95697 	-4.27788
7.95937 	-4.23458
7.96177 	-4.19133
7.96417 	-4.14814
7.96656 	-4.10501
7.96896 	-4.06194
7.97136 	-4.01893
7.97376 	-3.97598
7.97616 	-3.93309
7.97855 	-3.89027
7.98095 	-3.8475
7.98335 	-3.80479
7.98575 	-3.76215
7.98815 	-3.71956
7.99054 	-3.67704
7.99294 	-3.63458
7.99534 	-3.59218
7.99774 	-3.54985
8.00014 	-3.50757
8.00253 	-3.46536
8.00493 	-3.42322
8.00733 	-3.38113
8.00973 	-3.33911
8.01213 	-3.29715
8.01452 	-3.25525
8.01692 	-3.21342
8.01932 	-3.17165
8.02172 	-3.12995
8.02412 	-3.0883
8.02651 	-3.04673
8.02891 	-3.00522
8.03131 	-2.96377
8.03371 	-2.92238
8.03611 	-2.88107
8.0385 	-2.83981
8.0409 	-2.79862
8.0433 	-2.7575
8.0457 	-2.71644
8.0481 	-2.67545
8.05049 	-2.63453
8.05289 	-2.59367
8.05529 	-2.55287
8.05769 	-2.51214
8.06009 	-2.47148
8.06248 	-2.43089
8.06488 	-2.39036
8.06728 	-2.3499
8.06968 	-2.3095
8.07208 	-2.26917
8.07447 	-2.22891
8.07687 	-2.18872
8.07927 	-2.14859
8.08167 	-2.10854
8.08407 	-2.06855
8.08646 	-2.02862
8.08886 	-1.98877
8.09126 	-1.94898
8.09366 	-1.90926
8.09606 	-1.86961
8.09845 	-1.83003
8.10085 	-1.79052
8.10325 	-1.75107
8.10565 	-1.7117
8.10805 	-1.67239
8.11044 	-1.63315
8.11284 	-1.59399
8.11524 	-1.55489
8.11764 	-1.51586
8.12004 	-1.4769
8.12243 	-1.43801
8.12483 	-1.39919
8.12723 	-1.36044
8.12963 	-1.32175
8.13203 	-1.28314
8.13442 	-1.2446
8.13682 	-1.20613
8.13922 	-1.16773
8.14162 	-1.1294
8.14402 	-1.09114
8.14641 	-1.05295
8.14881 	-1.01484
8.15121 	-0.97679
8.15361 	-0.938814
8.15601 	-0.900909
8.1584 	-0.863075
8.1608 	-0.825312
8.1632 	-0.787621
8.1656 	-0.750001
8.168 	-0.712452
8.17039 	-0.674975
8.17279 	-0.63757
8.17519 	-0.600236
8.17759 	-0.562974
8.17999 	-0.525784
8.18238 	-0.488666
8.18478 	-0.45162
8.18718 	-0.414646
8.18958 	-0.377744
8.19198 	-0.340914
8.19437 	-0.304157
8.19677 	-0.267472
8.19917 	-0.23086
8.20157 	-0.19432
8.20397 	-0.157852
8.20636 	-0.121458
8.20876 	-0.0851355
8.21116 	-0.0488862
8.21356 	-0.0127098
8.21596 	0.0233937
8.21835 	0.0594243
8.22075 	0.0953819
8.22315 	0.131266
8.22555 	0.167078
8.22795 	0.202816
8.23034 	0.238481
8.23274 	0.274073
8.23514 	0.309591
8.23754 	0.345036
8.23994 	0.380408
8.24233 	0.415706
8.24473 	0.450931
8.24713 	0.486082
8.24953 	0.521159
8.25193 	0.556163
8.25432 	0.591093
8.25672 	0.62595
8.25912 	0.660732
8.26152 	0.695441
8.26392 	0.730076
8.26631 	0.764637
8.26871 	0.799125
8.27111 	0.833538
8.27351 	0.867877
8.27591 	0.902142
8.2783 	0.936334
8.2807 	0.970451
8.2831 	1.00449
8.2855 	1.03846
8.2879 	1.07236
8.29029 	1.10618
8.29269 	1.13993
8.29509 	1.1736
8.29749 	1.2072
8.29989 	1.24072
8.30228 	1.27417
8.30468 	1.30754
8.30708 	1.34085
8.30948 	1.37407
8.31188 	1.40723
8.31427 	1.4403
8.31667 	1.47331
8.31907 	1.50624
8.32147 	1.53909
8.32387 	1.57187
8.32626 	1.60458
8.32866 	1.63721
8.33106 	1.66977
8.33346 	1.70225
8.33586 	1.73466
8.33825 	1.76699
8.34065 	1.79925
8.34305 	1.83144
8.34545 	1.86355
8.34785 	1.89559
8.35024 	1.92755
8.35264 	1.95944
8.35504 	1.99125
8.35744 	2.02299
8.35984 	2.05465
8.36223 	2.08624
8.36463 	2.11776
8.36703 	2.1492
8.36943 	2.18057
8.37183 	2.21186
8.37422 	2.24308
8.37662 	2.27422
8.37902 	2.30529
8.38142 	2.33629
8.38382 	2.36721
8.38621 	2.39806
8.38861 	2.42883
8.39101 	2.45953
8.39341 	2.49015
8.39581 	2.5207
8.3982 	2.55118
8.4006 	2.58158
8.403 	2.61191
8.4054 	2.64216
8.4078 	2.67234
8.41019 	2.70245
8.41259 	2.73248
8.41499 	2.76244
8.41739 	2.79232
8.41979 	2.82213
8.42218 	2.85187
8.42458 	2.88153
8.42698 	2.91112
8.42938 	2.94063
8.43178 	2.97007
8.43417 	2.99944
8.43657 	3.02873
8.43897 	3.05795
8.44137 	3.0871
8.44377 	3.11617
8.44616 	3.14517
8.44856 	3.1741
8.45096 	3.20295
8.45336 	3.23173
8.45576 	3.26043
8.45815 	3.28907
8.46055 	3.31762
8.46295 	3.34611
8.46535 	3.37452
8.46775 	3.40286
8.47014 	3.43113
8.47254 	3.45932
8.47494 	3.48744
8.47734 	3.51549
8.47974 	3.54346
8.48213 	3.57136
8.48453 	3.59919
8.48693 	3.62695
8.48933 	3.65463
8.49173 	3.68224
8.49412 	3.70978
8.49652 	3.73724
8.49892 	3.76464
8.50132 	3.79196
8.50372 	3.8192
8.50611 	3.84638
8.50851 	3.87348
8.51091 	3.90051
8.51331 	3.92747
8.51571 	3.95436
8.5181 	3.98117
8.5205 	4.00792
8.5229 	4.03459
8.5253 	4.06119
8.5277 	4.08772
8.53009 	4.11417
8.53249 	4.14056
8.53489 	4.16687
8.53729 	4.19311
8.53969 	4.21928
8.54208 	4.24538
8.54448 	4.27141
8.54688 	4.29736
8.54928 	4.32325
8.55168 	4.34906
8.55407 	4.3748
8.55647 	4.40047
8.55887 	4.42608
8.56127 	4.45161
8.56367 	4.47707
8.56606 	4.50245
8.56846 	4.52777
8.57086 	4.55302
8.57326 	4.5782
8.57566 	4.6033
8.57805 	4.62834
8.58045 	4.65331
8.58285 	4.6782
8.58525 	4.70303
8.58765 	4.72779
8.59004 	4.75247
8.59244 	4.77709
8.59484 	4.80164
8.59724 	4.82611
8.59964 	4.85052
8.60203 	4.87486
8.60443 	4.89913
8.60683 	4.92333
8.60923 	4.94746
8.61163 	4.97152
8.61402 	4.99551
8.61642 	5.01944
8.61882 	5.04329
8.62122 	5.06708
8.62362 	5.09079
8.62601 	5.11444
8.62841 	5.13802
8.63081 	5.16153
8.63321 	5.18498
8.63561 	5.20835
8.638 	5.23166
8.6404 	5.2549
8.6428 	5.27807
8.6452 	5.30117
8.6476 	5.32421
8.64999 	5.34717
8.65239 	5.37007
8.65479 	5.3929
8.65719 	5.41567
8.65959 	5.43837
8.66198 	5.461
8.66438 	5.48356
8.66678 	5.50605
8.66918 	5.52848
8.67158 	5.55085
8.67397 	5.57314
8.67637 	5.59537
8.67877 	5.61753
8.68117 	5.63963
8.68357 	5.66166
8.68596 	5.68362
8.68836 	5.70552
8.69076 	5.72735
8.69316 	5.74911
8.69556 	5.77081
8.69795 	5.79244
8.70035 	5.81401
8.70275 	5.83551
8.70515 	5.85695
8.70755 	5.87832
8.70994 	5.89962
8.71234 	5.92086
8.71474 	5.94204
8.71714 	5.96315
8.71954 	5.98419
8.72193 	6.00518
8.72433 	6.02609
8.72673 	6.04694
8.72913 	6.06773
8.73153 	6.08845
8.73392 	6.10911
8.73632 	6.12971
8.73872 	6.15024
8.74112 	6.1707
8.74352 	6.1911
8.74591 	6.21144
8.74831 	6.23172
8.75071 	6.25193
8.75311 	6.27208
8.75551 	6.29216
8.7579 	6.31218
8.7603 	6.33214
8.7627 	6.35204
8.7651 	6.37187
8.7675 	6.39164
8.76989 	6.41135
8.77229 	6.43099
8.77469 	6.45058
8.77709 	6.4701
8.77949 	6.48956
8.78188 	6.50895
8.78428 	6.52829
8.78668 	6.54756
8.78908 	6.56677
8.79148 	6.58592
8.79387 	6.605
8.79627 	6.62403
8.79867 	6.64299
8.80107 	6.6619
8.80347 	6.68074
8.80586 	6.69952
8.80826 	6.71824
8.81066 	6.7369
8.81306 	6.7555
8.81546 	6.77404
8.81785 	6.79252
8.82025 	6.81093
8.82265 	6.82929
8.82505 	6.84759
8.82745 	6.86583
8.82984 	6.884
8.83224 	6.90212
8.83464 	6.92018
8.83704 	6.93818
8.83944 	6.95612
8.84183 	6.974
8.84423 	6.99182
8.84663 	7.00958
8.84903 	7.02728
8.85143 	7.04493
8.85382 	7.06251
8.85622 	7.08004
8.85862 	7.09751
8.86102 	7.11492
8.86342 	7.13227
8.86581 	7.14957
8.86821 	7.1668
8.87061 	7.18398
8.87301 	7.2011
8.87541 	7.21816
8.8778 	7.23517
8.8802 	7.25211
8.8826 	7.269
8.885 	7.28584
8.8874 	7.30261
8.88979 	7.31933
8.89219 	7.336
8.89459 	7.3526
8.89699 	7.36915
8.89939 	7.38564
8.90178 	7.40208
8.90418 	7.41846
8.90658 	7.43478
8.90898 	7.45105
8.91138 	7.46726
8.91377 	7.48342
8.91617 	7.49952
8.91857 	7.51557
8.92097 	7.53156
8.92337 	7.54749
8.92576 	7.56337
8.92816 	7.57919
8.93056 	7.59496
8.93296 	7.61068
8.93536 	7.62634
8.93775 	7.64194
8.94015 	7.65749
8.94255 	7.67299
8.94495 	7.68843
8.94735 	7.70382
8.94974 	7.71915
8.95214 	7.73443
8.95454 	7.74966
8.95694 	7.76483
8.95934 	7.77995
8.96173 	7.79502
8.96413 	7.81003
8.96653 	7.82499
8.96893 	7.8399
8.97133 	7.85475
8.97372 	7.86955
8.97612 	7.8843
8.97852 	7.899
8.98092 	7.91364
8.98332 	7.92823
8.98571 	7.94277
8.98811 	7.95726
8.99051 	7.97169
8.99291 	7.98607
8.99531 	8.0004
8.9977 	8.01468
9.0001 	8.02891
9.0025 	8.04309
9.0049 	8.05721
9.0073 	8.07129
9.00969 	8.08531
9.01209 	8.09928
9.01449 	8.11321
9.01689 	8.12708
9.01929 	8.1409
9.02168 	8.15467
9.02408 	8.16839
9.02648 	8.18206
9.02888 	8.19568
9.03128 	8.20925
9.03367 	8.22277
9.03607 	8.23624
9.03847 	8.24966
9.04087 	8.26303
9.04327 	8.27635
9.04566 	8.28962
9.04806 	8.30285
9.05046 	8.31602
9.05286 	8.32915
9.05526 	8.34223
9.05765 	8.35525
9.06005 	8.36823
9.06245 	8.38117
9.06485 	8.39405
9.06725 	8.40688
9.06964 	8.41967
9.07204 	8.43241
9.07444 	8.4451
9.07684 	8.45775
9.07924 	8.47034
9.08163 	8.48289
9.08403 	8.49539
9.08643 	8.50785
9.08883 	8.52025
9.09123 	8.53261
9.09362 	8.54493
9.09602 	8.55719
9.09842 	8.56941
9.10082 	8.58159
9.10322 	8.59371
9.10561 	8.60579
9.10801 	8.61783
9.11041 	8.62982
9.11281 	8.64176
9.11521 	8.65366
9.1176 	8.66551
9.12 	8.67731
9.1224 	8.68907
9.1248 	8.70079
9.1272 	8.71246
9.12959 	8.72408
9.13199 	8.73566
9.13439 	8.7472
9.13679 	8.75869
9.13919 	8.77013
9.14158 	8.78153
9.14398 	8.79289
9.14638 	8.8042
9.14878 	8.81547
9.15118 	8.82669
9.15357 	8.83787
9.15597 	8.84901
9.15837 	8.8601
9.16077 	8.87115
9.16317 	8.88215
9.16556 	8.89312
9.16796 	8.90403
9.17036 	8.91491
9.17276 	8.92574
9.17516 	8.93653
9.17755 	8.94728
9.17995 	8.95798
9.18235 	8.96864
9.18475 	8.97926
9.18715 	8.98984
9.18954 	9.00037
9.19194 	9.01086
9.19434 	9.02131
9.19674 	9.03172
9.19914 	9.04209
9.20153 	9.05241
9.20393 	9.0627
9.20633 	9.07294
9.20873 	9.08314
9.21113 	9.0933
9.21352 	9.10341
9.21592 	9.11349
9.21832 	9.12353
9.22072 	9.13352
9.22312 	9.14348
9.22551 	9.15339
9.22791 	9.16326
9.23031 	9.1731
9.23271 	9.18289
9.23511 	9.19264
9.2375 	9.20236
9.2399 	9.21203
9.2423 	9.22166
9.2447 	9.23125
9.2471 	9.24081
9.24949 	9.25032
9.25189 	9.2598
9.25429 	9.26923
9.25669 	9.27863
9.25909 	9.28799
9.26148 	9.29731
9.26388 	9.30659
9.26628 	9.31583
9.26868 	9.32503
9.27108 	9.33419
9.27347 	9.34332
9.27587 	9.35241
9.27827 	9.36146
9.28067 	9.37047
9.28307 	9.37944
9.28546 	9.38838
9.28786 	9.39727
9.29026 	9.40613
9.29266 	9.41496
9.29506 	9.42374
9.29745 	9.43249
9.29985 	9.4412
9.30225 	9.44987
9.30465 	9.45851
9.30705 	9.46711
9.30944 	9.47567
9.31184 	9.4842
9.31424 	9.49269
9.31664 	9.50114
9.31904 	9.50956
9.32143 	9.51794
9.32383 	9.52628
9.32623 	9.53459
9.32863 	9.54286
9.33103 	9.5511
9.33342 	9.5593
9.33582 	9.56746
9.33822 	9.57559
9.34062 	9.58369
9.34302 	9.59174
9.34541 	9.59977
9.34781 	9.60776
9.35021 	9.61571
9.35261 	9.62363
9.35501 	9.63151
9.3574 	9.63936
9.3598 	9.64717
9.3622 	9.65495
9.3646 	9.6627
9.367 	9.67041
9.36939 	9.67809
9.37179 	9.68573
9.37419 	9.69334
9.37659 	9.70091
9.37899 	9.70845
9.38138 	9.71596
9.38378 	9.72343
9.38618 	9.73087
9.38858 	9.73828
9.39098 	9.74565
9.39337 	9.75299
9.39577 	9.7603
9.39817 	9.76757
9.40057 	9.77482
9.40297 	9.78202
9.40536 	9.7892
9.40776 	9.79634
9.41016 	9.80345
9.41256 	9.81053
9.41496 	9.81757
9.41735 	9.82459
9.41975 	9.83157
9.42215 	9.83852
9.42455 	9.84544
9.42695 	9.85232
9.42934 	9.85917
9.43174 	9.866
9.43414 	9.87279
9.43654 	9.87954
9.43894 	9.88627
9.44133 	9.89297
9.44373 	9.89963
9.44613 	9.90627
9.44853 	9.91287
9.45093 	9.91944
9.45332 	9.92598
9.45572 	9.93249
9.45812 	9.93897
9.46052 	9.94542
9.46292 	9.95184
9.46531 	9.95823
9.46771 	9.96459
9.47011 	9.97092
9.47251 	9.97721
9.47491 	9.98348
9.4773 	9.98972
9.4797 	9.99593
9.4821 	10.0021
9.4845 	10.0083
9.4869 	10.0144
9.48929 	10.0205
9.49169 	10.0265
9.49409 	10.0326
9.49649 	10.0386
9.49889 	10.0445
9.50128 	10.0505
9.50368 	10.0564
9.50608 	10.0623
9.50848 	10.0681
9.51088 	10.074
9.51327 	10.0798
9.51567 	10.0855
9.51807 	10.0913
9.52047 	10.097
9.52287 	10.1027
9.52526 	10.1083
9.52766 	10.114
9.53006 	10.1196
9.53246 	10.1252
9.53486 	10.1307
9.53725 	10.1362
9.53965 	10.1417
9.54205 	10.1472
9.54445 	10.1526
9.54685 	10.158
9.54924 	10.1634
9.55164 	10.1688
9.55404 	10.1741
9.55644 	10.1794
9.55884 	10.1847
9.56123 	10.1899
9.56363 	10.1951
9.56603 	10.2003
9.56843 	10.2055
9.57083 	10.2107
9.57322 	10.2158
9.57562 	10.2209
9.57802 	10.2259
9.58042 	10.231
9.58282 	10.236
9.58521 	10.241
9.58761 	10.2459
9.59001 	10.2509
9.59241 	10.2558
9.59481 	10.2606
9.5972 	10.2655
9.5996 	10.2703
9.602 	10.2751
9.6044 	10.2799
9.6068 	10.2847
9.60919 	10.2894
9.61159 	10.2941
9.61399 	10.2988
9.61639 	10.3034
9.61879 	10.3081
9.62118 	10.3127
9.62358 	10.3173
9.62598 	10.3218
9.62838 	10.3264
9.63078 	10.3309
9.63317 	10.3353
9.63557 	10.3398
9.63797 	10.3442
9.64037 	10.3487
9.64277 	10.353
9.64516 	10.3574
9.64756 	10.3617
9.64996 	10.3661
9.65236 	10.3703
9.65476 	10.3746
9.65715 	10.3789
9.65955 	10.3831
9.66195 	10.3873
9.66435 	10.3915
9.66675 	10.3956
9.66914 	10.3997
9.67154 	10.4038
9.67394 	10.4079
9.67634 	10.412
9.67874 	10.416
9.68113 	10.42
9.68353 	10.424
9.68593 	10.428
9.68833 	10.4319
9.69073 	10.4359
9.69312 	10.4398
9.69552 	10.4436
9.69792 	10.4475
9.70032 	10.4513
9.70272 	10.4551
9.70511 	10.4589
9.70751 	10.4627
9.70991 	10.4664
9.71231 	10.4702
9.71471 	10.4739
9.7171 	10.4775
9.7195 	10.4812
9.7219 	10.4848
9.7243 	10.4885
9.7267 	10.4921
9.72909 	10.4956
9.73149 	10.4992
9.73389 	10.5027
9.73629 	10.5062
9.73869 	10.5097
9.74108 	10.5132
9.74348 	10.5166
9.74588 	10.52
9.74828 	10.5235
9.75068 	10.5268
9.75307 	10.5302
9.75547 	10.5335
9.75787 	10.5369
9.76027 	10.5402
9.76267 	10.5435
9.76506 	10.5467
9.76746 	10.55
9.76986 	10.5532
9.77226 	10.5564
9.77466 	10.5596
9.77705 	10.5627
9.77945 	10.5659
9.78185 	10.569
9.78425 	10.5721
9.78665 	10.5752
9.78904 	10.5782
9.79144 	10.5813
9.79384 	10.5843
9.79624 	10.5873
9.79864 	10.5903
9.80103 	10.5933
9.80343 	10.5962
9.80583 	10.5991
9.80823 	10.602
9.81063 	10.6049
9.81302 	10.6078
9.81542 	10.6106
9.81782 	10.6135
9.82022 	10.6163
9.82262 	10.6191
9.82501 	10.6219
9.82741 	10.6246
9.82981 	10.6274
9.83221 	10.6301
9.83461 	10.6328
9.837 	10.6355
9.8394 	10.6381
9.8418 	10.6408
9.8442 	10.6434
9.8466 	10.646
9.84899 	10.6486
9.85139 	10.6512
9.85379 	10.6538
9.85619 	10.6563
9.85859 	10.6588
9.86098 	10.6613
9.86338 	10.6638
9.86578 	10.6663
9.86818 	10.6687
9.87058 	10.6712
9.87297 	10.6736
9.87537 	10.676
9.87777 	10.6784
9.88017 	10.6807
9.88257 	10.6831
9.88496 	10.6854
9.88736 	10.6877
9.88976 	10.69
9.89216 	10.6923
9.89456 	10.6946
9.89695 	10.6968
9.89935 	10.699
9.90175 	10.7013
9.90415 	10.7035
9.90655 	10.7056
9.90894 	10.7078
9.91134 	10.7099
9.91374 	10.7121
9.91614 	10.7142
9.91854 	10.7163
9.92093 	10.7184
9.92333 	10.7204
9.92573 	10.7225
9.92813 	10.7245
9.93053 	10.7265
9.93292 	10.7285
9.93532 	10.7305
9.93772 	10.7325
9.94012 	10.7344
9.94252 	10.7364
9.94491 	10.7383
9.94731 	10.7402
9.94971 	10.7421
9.95211 	10.744
9.95451 	10.7458
9.9569 	10.7477
9.9593 	10.7495
9.9617 	10.7513
9.9641 	10.7531
9.9665 	10.7549
9.96889 	10.7567
9.97129 	10.7584
9.97369 	10.7602
9.97609 	10.7619
9.97849 	10.7636
9.98088 	10.7653
9.98328 	10.767
9.98568 	10.7687
9.98808 	10.7703
9.99048 	10.7719
9.99287 	10.7736
9.99527 	10.7752
9.99767 	10.7768
10.0001 	10.7783
10.0025 	10.7799
10.0049 	10.7815
10.0073 	10.783
10.0097 	10.7845
10.0121 	10.786
10.0145 	10.7875
10.0169 	10.789
10.0193 	10.7905
10.0216 	10.7919
10.024 	10.7933
10.0264 	10.7948
10.0288 	10.7962
10.0312 	10.7976
10.0336 	10.799
10.036 	10.8003
10.0384 	10.8017
10.0408 	10.803
10.0432 	10.8043
10.0456 	10.8057
10.048 	10.807
10.0504 	10.8082
10.0528 	10.8095
10.0552 	10.8108
10.0576 	10.812
10.06 	10.8133
10.0624 	10.8145
10.0648 	10.8157
10.0672 	10.8169
10.0696 	10.8181
10.072 	10.8192
10.0744 	10.8204
10.0768 	10.8215
10.0792 	10.8227
10.0816 	10.8238
10.084 	10.8249
10.0864 	10.826
10.0888 	10.8271
10.0912 	10.8281
10.0936 	10.8292
10.096 	10.8302
10.0984 	10.8313
10.1008 	10.8323
10.1032 	10.8333
10.1056 	10.8343
10.108 	10.8353
10.1104 	10.8362
10.1128 	10.8372
10.1152 	10.8381
10.1176 	10.8391
10.12 	10.84
10.1224 	10.8409
10.1248 	10.8418
10.1272 	10.8427
10.1296 	10.8435
10.132 	10.8444
10.1344 	10.8452
10.1368 	10.8461
10.1392 	10.8469
10.1416 	10.8477
10.1439 	10.8485
10.1463 	10.8493
10.1487 	10.8501
10.1511 	10.8509
10.1535 	10.8516
10.1559 	10.8524
10.1583 	10.8531
10.1607 	10.8538
10.1631 	10.8545
10.1655 	10.8552
10.1679 	10.8559
10.1703 	10.8566
10.1727 	10.8573
10.1751 	10.8579
10.1775 	10.8586
10.1799 	10.8592
10.1823 	10.8598
10.1847 	10.8604
10.1871 	10.861
10.1895 	10.8616
10.1919 	10.8622
10.1943 	10.8628
10.1967 	10.8633
10.1991 	10.8639
10.2015 	10.8644
10.2039 	10.8649
10.2063 	10.8654
10.2087 	10.8659
10.2111 	10.8664
10.2135 	10.8669
10.2159 	10.8674
10.2183 	10.8679
10.2207 	10.8683
10.2231 	10.8688
10.2255 	10.8692
10.2279 	10.8696
10.2303 	10.87
10.2327 	10.8704
10.2351 	10.8708
10.2375 	10.8712
10.2399 	10.8716
10.2423 	10.8719
10.2447 	10.8723
10.2471 	10.8726
10.2495 	10.873
10.2519 	10.8733
10.2543 	10.8736
10.2567 	10.8739
10.2591 	10.8742
10.2614 	10.8745
10.2638 	10.8748
10.2662 	10.875
10.2686 	10.8753
10.271 	10.8755
10.2734 	10.8758
10.2758 	10.876
10.2782 	10.8762
10.2806 	10.8764
10.283 	10.8766
10.2854 	10.8768
10.2878 	10.877
10.2902 	10.8772
10.2926 	10.8773
10.295 	10.8775
10.2974 	10.8776
10.2998 	10.8777
10.3022 	10.8779
10.3046 	10.878
10.307 	10.8781
10.3094 	10.8782
10.3118 	10.8783
10.3142 	10.8784
10.3166 	10.8784
10.319 	10.8785
10.3214 	10.8786
10.3238 	10.8786
10.3262 	10.8786
10.3286 	10.8787
10.331 	10.8787
10.3334 	10.8787
10.3358 	10.8787
10.3382 	10.8787
10.3406 	10.8787
10.343 	10.8787
10.3454 	10.8786
10.3478 	10.8786
10.3502 	10.8785
10.3526 	10.8785
10.355 	10.8784
10.3574 	10.8783
10.3598 	10.8783
10.3622 	10.8782
10.3646 	10.8781
10.367 	10.878
10.3694 	10.8779
10.3718 	10.8777
10.3742 	10.8776
10.3766 	10.8775
10.379 	10.8773
10.3813 	10.8772
10.3837 	10.877
10.3861 	10.8768
10.3885 	10.8767
10.3909 	10.8765
10.3933 	10.8763
10.3957 	10.8761
10.3981 	10.8759
10.4005 	10.8757
10.4029 	10.8754
10.4053 	10.8752
10.4077 	10.875
10.4101 	10.8747
10.4125 	10.8745
10.4149 	10.8742
10.4173 	10.8739
10.4197 	10.8736
10.4221 	10.8734
10.4245 	10.8731
10.4269 	10.8728
10.4293 	10.8725
10.4317 	10.8722
10.4341 	10.8718
10.4365 	10.8715
10.4389 	10.8712
10.4413 	10.8708
10.4437 	10.8705
10.4461 	10.8701
10.4485 	10.8698
10.4509 	10.8694
10.4533 	10.869
10.4557 	10.8686
10.4581 	10.8682
10.4605 	10.8678
10.4629 	10.8674
10.4653 	10.867
10.4677 	10.8666
10.4701 	10.8662
10.4725 	10.8657
10.4749 	10.8653
10.4773 	10.8648
10.4797 	10.8644
10.4821 	10.8639
10.4845 	10.8634
10.4869 	10.863
10.4893 	10.8625
10.4917 	10.862
10.4941 	10.8615
10.4965 	10.861
10.4989 	10.8605
10.5013 	10.86
10.5036 	10.8595
10.506 	10.8589
10.5084 	10.8584
10.5108 	10.8579
10.5132 	10.8573
10.5156 	10.8568
10.518 	10.8562
10.5204 	10.8556
10.5228 	10.8551
10.5252 	10.8545
10.5276 	10.8539
10.53 	10.8533
10.5324 	10.8527
10.5348 	10.8521
10.5372 	10.8515
10.5396 	10.8509
10.542 	10.8503
10.5444 	10.8496
10.5468 	10.849
10.5492 	10.8484
10.5516 	10.8477
10.554 	10.8471
10.5564 	10.8464
10.5588 	10.8458
10.5612 	10.8451
10.5636 	10.8444
10.566 	10.8437
10.5684 	10.843
10.5708 	10.8424
10.5732 	10.8417
10.5756 	10.841
10.578 	10.8402
10.5804 	10.8395
10.5828 	10.8388
10.5852 	10.8381
10.5876 	10.8373
10.59 	10.8366
10.5924 	10.8359
10.5948 	10.8351
10.5972 	10.8344
10.5996 	10.8336
10.602 	10.8328
10.6044 	10.8321
10.6068 	10.8313
10.6092 	10.8305
10.6116 	10.8297
10.614 	10.8289
10.6164 	10.8281
10.6188 	10.8273
10.6212 	10.8265
10.6235 	10.8257
10.6259 	10.8249
10.6283 	10.8241
10.6307 	10.8232
10.6331 	10.8224
10.6355 	10.8216
10.6379 	10.8207
10.6403 	10.8199
10.6427 	10.819
10.6451 	10.8181
10.6475 	10.8173
10.6499 	10.8164
10.6523 	10.8155
10.6547 	10.8146
10.6571 	10.8138
10.6595 	10.8129
10.6619 	10.812
10.6643 	10.8111
10.6667 	10.8102
10.6691 	10.8093
10.6715 	10.8083
10.6739 	10.8074
10.6763 	10.8065
10.6787 	10.8056
10.6811 	10.8046
10.6835 	10.8037
10.6859 	10.8027
10.6883 	10.8018
10.6907 	10.8008
10.6931 	10.7999
10.6955 	10.7989
10.6979 	10.798
10.7003 	10.797
10.7027 	10.796
10.7051 	10.795
10.7075 	10.794
10.7099 	10.793
10.7123 	10.792
10.7147 	10.791
10.7171 	10.79
10.7195 	10.789
10.7219 	10.788
10.7243 	10.787
10.7267 	10.786
10.7291 	10.785
10.7315 	10.7839
10.7339 	10.7829
10.7363 	10.7818
10.7387 	10.7808
10.741 	10.7798
10.7434 	10.7787
10.7458 	10.7776
10.7482 	10.7766
10.7506 	10.7755
10.753 	10.7745
10.7554 	10.7734
10.7578 	10.7723
10.7602 	10.7712
10.7626 	10.7701
10.765 	10.769
10.7674 	10.7679
10.7698 	10.7668
10.7722 	10.7657
10.7746 	10.7646
10.777 	10.7635
10.7794 	10.7624
10.7818 	10.7613
10.7842 	10.7602
10.7866 	10.759
10.789 	10.7579
10.7914 	10.7568
10.7938 	10.7556
10.7962 	10.7545
10.7986 	10.7534
10.801 	10.7522
10.8034 	10.7511
10.8058 	10.7499
10.8082 	10.7487
10.8106 	10.7476
10.813 	10.7464
10.8154 	10.7452
10.8178 	10.744
10.8202 	10.7429
10.8226 	10.7417
10.825 	10.7405
10.8274 	10.7393
10.8298 	10.7381
10.8322 	10.7369
10.8346 	10.7357
10.837 	10.7345
10.8394 	10.7333
10.8418 	10.7321
10.8442 	10.7309
10.8466 	10.7296
10.849 	10.7284
10.8514 	10.7272
10.8538 	10.726
10.8562 	10.7247
10.8586 	10.7235
10.8609 	10.7222
10.8633 	10.721
10.8657 	10.7198
10.8681 	10.7185
10.8705 	10.7172
10.8729 	10.716
10.8753 	10.7147
10.8777 	10.7135
10.8801 	10.7122
10.8825 	10.7109
10.8849 	10.7096
10.8873 	10.7084
10.8897 	10.7071
10.8921 	10.7058
10.8945 	10.7045
10.8969 	10.7032
10.8993 	10.7019
10.9017 	10.7006
10.9041 	10.6993
10.9065 	10.698
10.9089 	10.6967
10.9113 	10.6954
10.9137 	10.6941
10.9161 	10.6928
10.9185 	10.6915
10.9209 	10.6901
10.9233 	10.6888
10.9257 	10.6875
10.9281 	10.6862
10.9305 	10.6848
10.9329 	10.6835
10.9353 	10.6821
10.9377 	10.6808
10.9401 	10.6794
10.9425 	10.6781
10.9449 	10.6767
10.9473 	10.6754
10.9497 	10.674
10.9521 	10.6727
10.9545 	10.6713
10.9569 	10.6699
10.9593 	10.6686
10.9617 	10.6672
10.9641 	10.6658
10.9665 	10.6644
10.9689 	10.6631
10.9713 	10.6617
10.9737 	10.6603
10.9761 	10.6589
10.9785 	10.6575
10.9809 	10.6561
10.9832 	10.6547
10.9856 	10.6533
10.988 	10.6519
10.9904 	10.6505
10.9928 	10.6491
10.9952 	10.6477
10.9976 	10.6463
11 	10.6448
11.0024 	10.6434
11.0048 	10.642
11.0072 	10.6406
11.0096 	10.6392
11.012 	10.6377
11.0144 	10.6363
11.0168 	10.6349
11.0192 	10.6334
11.0216 	10.632
11.024 	10.6305
11.0264 	10.6291
11.0288 	10.6276
11.0312 	10.6262
11.0336 	10.6247
11.036 	10.6233
11.0384 	10.6218
11.0408 	10.6204
11.0432 	10.6189
11.0456 	10.6174
11.048 	10.616
11.0504 	10.6145
11.0528 	10.613
11.0552 	10.6116
11.0576 	10.6101
11.06 	10.6086
11.0624 	10.6071
11.0648 	10.6056
11.0672 	10.6041
11.0696 	10.6027
11.072 	10.6012
11.0744 	10.5997
11.0768 	10.5982
11.0792 	10.5967
11.0816 	10.5952
11.084 	10.5937
11.0864 	10.5922
11.0888 	10.5907
11.0912 	10.5892
11.0936 	10.5877
11.096 	10.5861
11.0984 	10.5846
11.1007 	10.5831
11.1031 	10.5816
11.1055 	10.5801
11.1079 	10.5785
11.1103 	10.577
11.1127 	10.5755
11.1151 	10.574
11.1175 	10.5724
11.1199 	10.5709
11.1223 	10.5694
11.1247 	10.5678
11.1271 	10.5663
11.1295 	10.5647
11.1319 	10.5632
11.1343 	10.5616
11.1367 	10.5601
11.1391 	10.5586
11.1415 	10.557
11.1439 	10.5554
11.1463 	10.5539
11.1487 	10.5523
11.1511 	10.5508
11.1535 	10.5492
11.1559 	10.5476
11.1583 	10.5461
11.1607 	10.5445
11.1631 	10.5429
11.1655 	10.5414
11.1679 	10.5398
11.1703 	10.5382
11.1727 	10.5366
11.1751 	10.5351
11.1775 	10.5335
11.1799 	10.5319
11.1823 	10.5303
11.1847 	10.5287
11.1871 	10.5271
11.1895 	10.5256
11.1919 	10.524
11.1943 	10.5224
11.1967 	10.5208
11.1991 	10.5192
11.2015 	10.5176
11.2039 	10.516
11.2063 	10.5144
11.2087 	10.5128
11.2111 	10.5112
11.2135 	10.5096
11.2159 	10.508
11.2183 	10.5063
11.2206 	10.5047
11.223 	10.5031
11.2254 	10.5015
11.2278 	10.4999
11.2302 	10.4983
11.2326 	10.4967
11.235 	10.495
11.2374 	10.4934
11.2398 	10.4918
11.2422 	10.4902
11.2446 	10.4885
11.247 	10.4869
11.2494 	10.4853
11.2518 	10.4836
11.2542 	10.482
11.2566 	10.4804
11.259 	10.4787
11.2614 	10.4771
11.2638 	10.4754
11.2662 	10.4738
11.2686 	10.4722
11.271 	10.4705
11.2734 	10.4689
11.2758 	10.4672
11.2782 	10.4656
11.2806 	10.4639
11.283 	10.4623
11.2854 	10.4606
11.2878 	10.459
11.2902 	10.4573
11.2926 	10.4556
11.295 	10.454
11.2974 	10.4523
11.2998 	10.4507
11.3022 	10.449
11.3046 	10.4473
11.307 	10.4457
11.3094 	10.444
11.3118 	10.4423
11.3142 	10.4407
11.3166 	10.439
11.319 	10.4373
11.3214 	10.4357
11.3238 	10.434
11.3262 	10.4323
11.3286 	10.4306
11.331 	10.4289
11.3334 	10.4273
11.3358 	10.4256
11.3382 	10.4239
11.3406 	10.4222
11.3429 	10.4205
11.3453 	10.4188
11.3477 	10.4172
11.3501 	10.4155
11.3525 	10.4138
11.3549 	10.4121
11.3573 	10.4104
11.3597 	10.4087
11.3621 	10.407
11.3645 	10.4053
11.3669 	10.4036
11.3693 	10.4019
11.3717 	10.4002
11.3741 	10.3985
11.3765 	10.3968
11.3789 	10.3951
11.3813 	10.3934
11.3837 	10.3917
11.3861 	10.39
11.3885 	10.3883
11.3909 	10.3866
11.3933 	10.3849
11.3957 	10.3831
11.3981 	10.3814
11.4005 	10.3797
11.4029 	10.378
11.4053 	10.3763
11.4077 	10.3746
11.4101 	10.3729
11.4125 	10.3711
11.4149 	10.3694
11.4173 	10.3677
11.4197 	10.366
11.4221 	10.3643
11.4245 	10.3625
11.4269 	10.3608
11.4293 	10.3591
11.4317 	10.3574
11.4341 	10.3556
11.4365 	10.3539
11.4389 	10.3522
11.4413 	10.3504
11.4437 	10.3487
11.4461 	10.347
11.4485 	10.3452
11.4509 	10.3435
11.4533 	10.3418
11.4557 	10.34
11.4581 	10.3383
11.4604 	10.3366
11.4628 	10.3348
11.4652 	10.3331
11.4676 	10.3313
11.47 	10.3296
11.4724 	10.3279
11.4748 	10.3261
11.4772 	10.3244
11.4796 	10.3226
11.482 	10.3209
11.4844 	10.3191
11.4868 	10.3174
11.4892 	10.3156
11.4916 	10.3139
11.494 	10.3121
11.4964 	10.3104
11.4988 	10.3086
11.5012 	10.3069
11.5036 	10.3051
11.506 	10.3034
11.5084 	10.3016
11.5108 	10.2999
11.5132 	10.2981
11.5156 	10.2964
11.518 	10.2946
11.5204 	10.2928
11.5228 	10.2911
11.5252 	10.2893
11.5276 	10.2876
11.53 	10.2858
11.5324 	10.284
11.5348 	10.2823
11.5372 	10.2805
11.5396 	10.2787
11.542 	10.277
11.5444 	10.2752
11.5468 	10.2734
11.5492 	10.2717
11.5516 	10.2699
11.554 	10.2681
11.5564 	10.2664
11.5588 	10.2646
11.5612 	10.2628
11.5636 	10.2611
11.566 	10.2593
11.5684 	10.2575
11.5708 	10.2557
11.5732 	10.254
11.5756 	10.2522
11.578 	10.2504
11.5803 	10.2486
11.5827 	10.2469
11.5851 	10.2451
11.5875 	10.2433
11.5899 	10.2415
11.5923 	10.2397
11.5947 	10.238
11.5971 	10.2362
11.5995 	10.2344
11.6019 	10.2326
11.6043 	10.2308
11.6067 	10.2291
11.6091 	10.2273
11.6115 	10.2255
11.6139 	10.2237
11.6163 	10.2219
11.6187 	10.2201
11.6211 	10.2184
11.6235 	10.2166
11.6259 	10.2148
11.6283 	10.213
11.6307 	10.2112
11.6331 	10.2094
11.6355 	10.2076
11.6379 	10.2058
11.6403 	10.204
11.6427 	10.2023
11.6451 	10.2005
11.6475 	10.1987
11.6499 	10.1969
11.6523 	10.1951
11.6547 	10.1933
11.6571 	10.1915
11.6595 	10.1897
11.6619 	10.1879
11.6643 	10.1861
11.6667 	10.1843
11.6691 	10.1825
11.6715 	10.1807
11.6739 	10.1789
11.6763 	10.1771
11.6787 	10.1753
11.6811 	10.1735
11.6835 	10.1717
11.6859 	10.1699
11.6883 	10.1681
11.6907 	10.1663
11.6931 	10.1645
11.6955 	10.1627
11.6979 	10.1609
11.7003 	10.1591
11.7026 	10.1573
11.705 	10.1555
11.7074 	10.1537
11.7098 	10.1519
11.7122 	10.1501
11.7146 	10.1483
11.717 	10.1465
11.7194 	10.1447
11.7218 	10.1429
11.7242 	10.1411
11.7266 	10.1393
11.729 	10.1375
11.7314 	10.1357
11.7338 	10.1339
11.7362 	10.1321
11.7386 	10.1303
11.741 	10.1284
11.7434 	10.1266
11.7458 	10.1248
11.7482 	10.123
11.7506 	10.1212
11.753 	10.1194
11.7554 	10.1176
11.7578 	10.1158
11.7602 	10.114
11.7626 	10.1122
11.765 	10.1103
11.7674 	10.1085
11.7698 	10.1067
11.7722 	10.1049
11.7746 	10.1031
11.777 	10.1013
11.7794 	10.0995
11.7818 	10.0977
11.7842 	10.0958
11.7866 	10.094
11.789 	10.0922
11.7914 	10.0904
11.7938 	10.0886
11.7962 	10.0868
11.7986 	10.085
11.801 	10.0831
11.8034 	10.0813
11.8058 	10.0795
11.8082 	10.0777
11.8106 	10.0759
11.813 	10.0741
11.8154 	10.0722
11.8178 	10.0704
11.8201 	10.0686
11.8225 	10.0668
11.8249 	10.065
11.8273 	10.0632
11.8297 	10.0613
11.8321 	10.0595
11.8345 	10.0577
11.8369 	10.0559
11.8393 	10.0541
11.8417 	10.0523
11.8441 	10.0504
11.8465 	10.0486
11.8489 	10.0468
11.8513 	10.045
11.8537 	10.0432
11.8561 	10.0413
11.8585 	10.0395
11.8609 	10.0377
11.8633 	10.0359
11.8657 	10.0341
11.8681 	10.0322
11.8705 	10.0304
11.8729 	10.0286
11.8753 	10.0268
11.8777 	10.025
11.8801 	10.0231
11.8825 	10.0213
11.8849 	10.0195
11.8873 	10.0177
11.8897 	10.0158
11.8921 	10.014
11.8945 	10.0122
11.8969 	10.0104
11.8993 	10.0086
11.9017 	10.0067
11.9041 	10.0049
11.9065 	10.0031
11.9089 	10.0013
11.9113 	9.99945
11.9137 	9.99762
11.9161 	9.9958
11.9185 	9.99398
11.9209 	9.99215
11.9233 	9.99033
11.9257 	9.98851
11.9281 	9.98668
11.9305 	9.98486
11.9329 	9.98304
11.9353 	9.98121
11.9377 	9.97939
11.94 	9.97757
11.9424 	9.97574
11.9448 	9.97392
11.9472 	9.9721
11.9496 	9.97027
11.952 	9.96845
11.9544 	9.96662
11.9568 	9.9648
11.9592 	9.96298
11.9616 	9.96115
11.964 	9.95933
11.9664 	9.9575
11.9688 	9.95568
11.9712 	9.95386
11.9736 	9.95203
11.976 	9.95021
11.9784 	9.94838
11.9808 	9.94656
11.9832 	9.94473
11.9856 	9.94291
11.988 	9.94109
11.9904 	9.93926
11.9928 	9.93744
11.9952 	9.93561
11.9976 	9.93379
