# Mass = 0.0480256 Mev*(hbarc)^2/2 
# R = 7.46549 fm 
# a = 0.662 fm 
# V0 = 45.1828 MeV 
# RSO = 6.87299 fm 
# aSO = 0.662 fm 
# VSO = 27.9403 MeV fm^2
# l = 1 
# two_j = 3 
# two_t = -1 
# Energy = -37.1982 MeV
# r 	 V_eff [2m/hbar/hbar]
0.01 	416399
0.012398 	270883
0.014796 	190180
0.017194 	140820
0.019592 	108447
0.02199 	86075.3
0.024388 	69971.9
0.026786 	57996.6
0.029184 	48850.1
0.031582 	41706.8
0.03398 	36021.8
0.036378 	31423.5
0.038776 	27651.7
0.041174 	24519.5
0.043572 	21890
0.04597 	19661.2
0.048368 	17755.6
0.050766 	16113.7
0.053164 	14688.8
0.055562 	13444.5
0.05796 	12351.3
0.060358 	11385.9
0.062756 	10529
0.065154 	9764.93
0.067552 	9080.81
0.06995 	8465.82
0.072348 	7910.97
0.074746 	7408.66
0.077144 	6952.46
0.079542 	6536.9
0.08194 	6157.28
0.084338 	5809.58
0.086736 	5490.32
0.089134 	5196.48
0.091532 	4925.43
0.09393 	4674.88
0.096328 	4442.8
0.098726 	4227.42
0.101124 	4027.19
0.103522 	3840.71
0.10592 	3666.75
0.108318 	3504.22
0.110716 	3352.13
0.113114 	3209.61
0.115512 	3075.87
0.11791 	2950.22
0.120308 	2832
0.122706 	2720.64
0.125104 	2615.62
0.127502 	2516.48
0.1299 	2422.77
0.132298 	2334.12
0.134696 	2250.15
0.137094 	2170.56
0.139492 	2095.03
0.14189 	2023.3
0.144288 	1955.12
0.146686 	1890.25
0.149084 	1828.49
0.151482 	1769.64
0.15388 	1713.52
0.156278 	1659.96
0.158676 	1608.81
0.161074 	1559.93
0.163472 	1513.18
0.16587 	1468.45
0.168268 	1425.61
0.170666 	1384.57
0.173064 	1345.22
0.175462 	1307.48
0.17786 	1271.25
0.180258 	1236.46
0.182656 	1203.03
0.185054 	1170.89
0.187452 	1139.97
0.18985 	1110.22
0.192248 	1081.58
0.194646 	1053.99
0.197044 	1027.4
0.199442 	1001.76
0.20184 	977.029
0.204238 	953.166
0.206636 	930.129
0.209034 	907.88
0.211432 	886.383
0.21383 	865.606
0.216228 	845.517
0.218626 	826.085
0.221024 	807.282
0.223422 	789.081
0.22582 	771.456
0.228218 	754.385
0.230616 	737.843
0.233014 	721.809
0.235412 	706.263
0.23781 	691.185
0.240208 	676.556
0.242606 	662.359
0.245004 	648.576
0.247402 	635.192
0.2498 	622.192
0.252198 	609.561
0.254596 	597.285
0.256994 	585.352
0.259392 	573.747
0.26179 	562.46
0.264188 	551.479
0.266586 	540.793
0.268984 	530.392
0.271382 	520.265
0.27378 	510.403
0.276178 	500.797
0.278576 	491.438
0.280974 	482.317
0.283372 	473.427
0.28577 	464.76
0.288168 	456.308
0.290566 	448.065
0.292964 	440.023
0.295362 	432.176
0.29776 	424.518
0.300158 	417.043
0.302556 	409.745
0.304954 	402.619
0.307352 	395.658
0.30975 	388.859
0.312148 	382.216
0.314546 	375.724
0.316944 	369.379
0.319342 	363.176
0.32174 	357.112
0.324138 	351.181
0.326536 	345.381
0.328934 	339.707
0.331332 	334.156
0.33373 	328.724
0.336128 	323.408
0.338526 	318.205
0.340924 	313.111
0.343322 	308.123
0.34572 	303.239
0.348118 	298.455
0.350516 	293.769
0.352914 	289.179
0.355312 	284.681
0.35771 	280.273
0.360108 	275.953
0.362506 	271.718
0.364904 	267.567
0.367302 	263.496
0.3697 	259.505
0.372098 	255.59
0.374496 	251.751
0.376894 	247.984
0.379292 	244.289
0.38169 	240.663
0.384088 	237.105
0.386486 	233.613
0.388884 	230.185
0.391282 	226.82
0.39368 	223.517
0.396078 	220.273
0.398476 	217.088
0.400874 	213.959
0.403272 	210.886
0.40567 	207.868
0.408068 	204.903
0.410466 	201.989
0.412864 	199.126
0.415262 	196.313
0.41766 	193.548
0.420058 	190.83
0.422456 	188.158
0.424854 	185.531
0.427252 	182.949
0.42965 	180.409
0.432048 	177.912
0.434446 	175.456
0.436844 	173.04
0.439242 	170.664
0.44164 	168.326
0.444038 	166.026
0.446436 	163.764
0.448834 	161.537
0.451232 	159.345
0.45363 	157.189
0.456028 	155.066
0.458426 	152.977
0.460824 	150.92
0.463222 	148.894
0.46562 	146.901
0.468018 	144.937
0.470416 	143.004
0.472814 	141.1
0.475212 	139.224
0.47761 	137.377
0.480008 	135.558
0.482406 	133.765
0.484804 	132
0.487202 	130.26
0.4896 	128.545
0.491998 	126.856
0.494396 	125.191
0.496794 	123.55
0.499192 	121.933
0.50159 	120.339
0.503988 	118.768
0.506386 	117.218
0.508784 	115.691
0.511182 	114.185
0.51358 	112.701
0.515978 	111.236
0.518376 	109.793
0.520774 	108.369
0.523172 	106.964
0.52557 	105.579
0.527968 	104.213
0.530366 	102.865
0.532764 	101.535
0.535162 	100.223
0.53756 	98.9286
0.539958 	97.6515
0.542356 	96.3912
0.544754 	95.1475
0.547152 	93.9201
0.54955 	92.7088
0.551948 	91.5132
0.554346 	90.3331
0.556744 	89.1683
0.559142 	88.0184
0.56154 	86.8831
0.563938 	85.7624
0.566336 	84.6558
0.568734 	83.5632
0.571132 	82.4843
0.57353 	81.419
0.575928 	80.3669
0.578326 	79.3279
0.580724 	78.3017
0.583122 	77.2882
0.58552 	76.2871
0.587918 	75.2982
0.590316 	74.3213
0.592714 	73.3563
0.595112 	72.4029
0.59751 	71.461
0.599908 	70.5303
0.602306 	69.6108
0.604704 	68.7021
0.607102 	67.8042
0.6095 	66.9169
0.611898 	66.04
0.614296 	65.1733
0.616694 	64.3168
0.619092 	63.4701
0.62149 	62.6333
0.623888 	61.806
0.626286 	60.9883
0.628684 	60.1799
0.631082 	59.3807
0.63348 	58.5906
0.635878 	57.8093
0.638276 	57.0369
0.640674 	56.2731
0.643072 	55.5179
0.64547 	54.771
0.647868 	54.0325
0.650266 	53.3021
0.652664 	52.5797
0.655062 	51.8652
0.65746 	51.1586
0.659858 	50.4596
0.662256 	49.7682
0.664654 	49.0843
0.667052 	48.4078
0.66945 	47.7385
0.671848 	47.0763
0.674246 	46.4213
0.676644 	45.7731
0.679042 	45.1318
0.68144 	44.4973
0.683838 	43.8695
0.686236 	43.2482
0.688634 	42.6334
0.691032 	42.025
0.69343 	41.4228
0.695828 	40.8269
0.698226 	40.2372
0.700624 	39.6534
0.703022 	39.0757
0.70542 	38.5038
0.707818 	37.9377
0.710216 	37.3773
0.712614 	36.8226
0.715012 	36.2735
0.71741 	35.7299
0.719808 	35.1916
0.722206 	34.6588
0.724604 	34.1312
0.727002 	33.6088
0.7294 	33.0916
0.731798 	32.5795
0.734196 	32.0723
0.736594 	31.5701
0.738992 	31.0728
0.74139 	30.5803
0.743788 	30.0926
0.746186 	29.6095
0.748584 	29.1311
0.750982 	28.6573
0.75338 	28.188
0.755778 	27.7231
0.758176 	27.2627
0.760574 	26.8065
0.762972 	26.3547
0.76537 	25.9072
0.767768 	25.4638
0.770166 	25.0245
0.772564 	24.5894
0.774962 	24.1582
0.77736 	23.7311
0.779758 	23.3079
0.782156 	22.8886
0.784554 	22.4731
0.786952 	22.0614
0.78935 	21.6534
0.791748 	21.2492
0.794146 	20.8486
0.796544 	20.4516
0.798942 	20.0582
0.80134 	19.6683
0.803738 	19.2819
0.806136 	18.899
0.808534 	18.5194
0.810932 	18.1432
0.81333 	17.7704
0.815728 	17.4008
0.818126 	17.0344
0.820524 	16.6713
0.822922 	16.3114
0.82532 	15.9545
0.827718 	15.6008
0.830116 	15.2501
0.832514 	14.9025
0.834912 	14.5578
0.83731 	14.2161
0.839708 	13.8774
0.842106 	13.5415
0.844504 	13.2085
0.846902 	12.8783
0.8493 	12.5509
0.851698 	12.2262
0.854096 	11.9043
0.856494 	11.5851
0.858892 	11.2685
0.86129 	10.9546
0.863688 	10.6433
0.866086 	10.3346
0.868484 	10.0285
0.870882 	9.72483
0.87328 	9.4237
0.875678 	9.12504
0.878076 	8.82882
0.880474 	8.53502
0.882872 	8.2436
0.88527 	7.95456
0.887668 	7.66785
0.890066 	7.38346
0.892464 	7.10135
0.894862 	6.82151
0.89726 	6.54392
0.899658 	6.26853
0.902056 	5.99535
0.904454 	5.72433
0.906852 	5.45546
0.90925 	5.18871
0.911648 	4.92407
0.914046 	4.6615
0.916444 	4.401
0.918842 	4.14253
0.92124 	3.88608
0.923638 	3.63162
0.926036 	3.37914
0.928434 	3.12861
0.930832 	2.88001
0.93323 	2.63333
0.935628 	2.38854
0.938026 	2.14563
0.940424 	1.90458
0.942822 	1.66536
0.94522 	1.42796
0.947618 	1.19235
0.950016 	0.958536
0.952414 	0.726481
0.954812 	0.496172
0.95721 	0.267592
0.959608 	0.0407237
0.962006 	-0.18445
0.964404 	-0.407947
0.966802 	-0.629782
0.9692 	-0.849972
0.971598 	-1.06853
0.973996 	-1.28548
0.976394 	-1.50084
0.978792 	-1.71461
0.98119 	-1.92682
0.983588 	-2.13747
0.985986 	-2.3466
0.988384 	-2.5542
0.990782 	-2.76029
0.99318 	-2.9649
0.995578 	-3.16802
0.997976 	-3.36969
1.00037 	-3.56991
1.00277 	-3.76869
1.00517 	-3.96605
1.00757 	-4.162
1.00997 	-4.35656
1.01236 	-4.54974
1.01476 	-4.74155
1.01716 	-4.932
1.01956 	-5.12112
1.02196 	-5.3089
1.02435 	-5.49537
1.02675 	-5.68053
1.02915 	-5.86439
1.03155 	-6.04698
1.03395 	-6.2283
1.03634 	-6.40836
1.03874 	-6.58718
1.04114 	-6.76476
1.04354 	-6.94112
1.04594 	-7.11626
1.04833 	-7.29021
1.05073 	-7.46296
1.05313 	-7.63454
1.05553 	-7.80495
1.05793 	-7.9742
1.06032 	-8.14231
1.06272 	-8.30927
1.06512 	-8.47512
1.06752 	-8.63984
1.06992 	-8.80346
1.07231 	-8.96598
1.07471 	-9.12742
1.07711 	-9.28777
1.07951 	-9.44707
1.08191 	-9.6053
1.0843 	-9.76248
1.0867 	-9.91863
1.0891 	-10.0737
1.0915 	-10.2278
1.0939 	-10.3809
1.09629 	-10.533
1.09869 	-10.6841
1.10109 	-10.8342
1.10349 	-10.9833
1.10589 	-11.1314
1.10828 	-11.2786
1.11068 	-11.4249
1.11308 	-11.5702
1.11548 	-11.7145
1.11788 	-11.8579
1.12027 	-12.0004
1.12267 	-12.142
1.12507 	-12.2827
1.12747 	-12.4225
1.12987 	-12.5614
1.13226 	-12.6995
1.13466 	-12.8366
1.13706 	-12.9729
1.13946 	-13.1083
1.14186 	-13.2429
1.14425 	-13.3766
1.14665 	-13.5095
1.14905 	-13.6416
1.15145 	-13.7728
1.15385 	-13.9032
1.15624 	-14.0328
1.15864 	-14.1616
1.16104 	-14.2896
1.16344 	-14.4168
1.16584 	-14.5432
1.16823 	-14.6689
1.17063 	-14.7938
1.17303 	-14.9179
1.17543 	-15.0412
1.17783 	-15.1638
1.18022 	-15.2857
1.18262 	-15.4068
1.18502 	-15.5272
1.18742 	-15.6468
1.18982 	-15.7658
1.19221 	-15.884
1.19461 	-16.0015
1.19701 	-16.1183
1.19941 	-16.2344
1.20181 	-16.3498
1.2042 	-16.4645
1.2066 	-16.5785
1.209 	-16.6919
1.2114 	-16.8045
1.2138 	-16.9165
1.21619 	-17.0279
1.21859 	-17.1386
1.22099 	-17.2486
1.22339 	-17.358
1.22579 	-17.4668
1.22818 	-17.5749
1.23058 	-17.6824
1.23298 	-17.7892
1.23538 	-17.8955
1.23778 	-18.0011
1.24017 	-18.1061
1.24257 	-18.2105
1.24497 	-18.3143
1.24737 	-18.4175
1.24977 	-18.5201
1.25216 	-18.6221
1.25456 	-18.7235
1.25696 	-18.8244
1.25936 	-18.9247
1.26176 	-19.0244
1.26415 	-19.1235
1.26655 	-19.2221
1.26895 	-19.3201
1.27135 	-19.4176
1.27375 	-19.5145
1.27614 	-19.6108
1.27854 	-19.7067
1.28094 	-19.802
1.28334 	-19.8967
1.28574 	-19.9909
1.28813 	-20.0846
1.29053 	-20.1778
1.29293 	-20.2705
1.29533 	-20.3626
1.29773 	-20.4542
1.30012 	-20.5454
1.30252 	-20.636
1.30492 	-20.7261
1.30732 	-20.8157
1.30972 	-20.9049
1.31211 	-20.9935
1.31451 	-21.0817
1.31691 	-21.1694
1.31931 	-21.2566
1.32171 	-21.3433
1.3241 	-21.4296
1.3265 	-21.5154
1.3289 	-21.6007
1.3313 	-21.6856
1.3337 	-21.77
1.33609 	-21.8539
1.33849 	-21.9374
1.34089 	-22.0205
1.34329 	-22.1031
1.34569 	-22.1853
1.34808 	-22.267
1.35048 	-22.3483
1.35288 	-22.4292
1.35528 	-22.5096
1.35768 	-22.5896
1.36007 	-22.6692
1.36247 	-22.7484
1.36487 	-22.8271
1.36727 	-22.9055
1.36967 	-22.9834
1.37206 	-23.0609
1.37446 	-23.138
1.37686 	-23.2147
1.37926 	-23.291
1.38166 	-23.3669
1.38405 	-23.4425
1.38645 	-23.5176
1.38885 	-23.5923
1.39125 	-23.6667
1.39365 	-23.7406
1.39604 	-23.8142
1.39844 	-23.8874
1.40084 	-23.9603
1.40324 	-24.0327
1.40564 	-24.1048
1.40803 	-24.1765
1.41043 	-24.2479
1.41283 	-24.3189
1.41523 	-24.3895
1.41763 	-24.4598
1.42002 	-24.5297
1.42242 	-24.5993
1.42482 	-24.6685
1.42722 	-24.7374
1.42962 	-24.8059
1.43201 	-24.874
1.43441 	-24.9419
1.43681 	-25.0094
1.43921 	-25.0765
1.44161 	-25.1433
1.444 	-25.2098
1.4464 	-25.276
1.4488 	-25.3418
1.4512 	-25.4073
1.4536 	-25.4725
1.45599 	-25.5374
1.45839 	-25.6019
1.46079 	-25.6661
1.46319 	-25.73
1.46559 	-25.7936
1.46798 	-25.8569
1.47038 	-25.9199
1.47278 	-25.9825
1.47518 	-26.0449
1.47758 	-26.1069
1.47997 	-26.1687
1.48237 	-26.2301
1.48477 	-26.2913
1.48717 	-26.3522
1.48957 	-26.4127
1.49196 	-26.473
1.49436 	-26.533
1.49676 	-26.5927
1.49916 	-26.6521
1.50156 	-26.7112
1.50395 	-26.7701
1.50635 	-26.8286
1.50875 	-26.8869
1.51115 	-26.9449
1.51355 	-27.0026
1.51594 	-27.0601
1.51834 	-27.1173
1.52074 	-27.1742
1.52314 	-27.2308
1.52554 	-27.2872
1.52793 	-27.3433
1.53033 	-27.3992
1.53273 	-27.4547
1.53513 	-27.5101
1.53753 	-27.5651
1.53992 	-27.6199
1.54232 	-27.6745
1.54472 	-27.7288
1.54712 	-27.7829
1.54952 	-27.8366
1.55191 	-27.8902
1.55431 	-27.9435
1.55671 	-27.9965
1.55911 	-28.0494
1.56151 	-28.1019
1.5639 	-28.1542
1.5663 	-28.2063
1.5687 	-28.2582
1.5711 	-28.3098
1.5735 	-28.3612
1.57589 	-28.4123
1.57829 	-28.4632
1.58069 	-28.5139
1.58309 	-28.5643
1.58549 	-28.6145
1.58788 	-28.6645
1.59028 	-28.7143
1.59268 	-28.7638
1.59508 	-28.8131
1.59748 	-28.8622
1.59987 	-28.9111
1.60227 	-28.9597
1.60467 	-29.0082
1.60707 	-29.0564
1.60947 	-29.1044
1.61186 	-29.1522
1.61426 	-29.1997
1.61666 	-29.2471
1.61906 	-29.2942
1.62146 	-29.3412
1.62385 	-29.3879
1.62625 	-29.4344
1.62865 	-29.4808
1.63105 	-29.5269
1.63345 	-29.5728
1.63584 	-29.6185
1.63824 	-29.664
1.64064 	-29.7093
1.64304 	-29.7544
1.64544 	-29.7994
1.64783 	-29.8441
1.65023 	-29.8886
1.65263 	-29.9329
1.65503 	-29.9771
1.65743 	-30.021
1.65982 	-30.0648
1.66222 	-30.1083
1.66462 	-30.1517
1.66702 	-30.1949
1.66942 	-30.2379
1.67181 	-30.2807
1.67421 	-30.3234
1.67661 	-30.3658
1.67901 	-30.4081
1.68141 	-30.4502
1.6838 	-30.4921
1.6862 	-30.5338
1.6886 	-30.5754
1.691 	-30.6168
1.6934 	-30.658
1.69579 	-30.699
1.69819 	-30.7399
1.70059 	-30.7805
1.70299 	-30.821
1.70539 	-30.8614
1.70778 	-30.9016
1.71018 	-30.9416
1.71258 	-30.9814
1.71498 	-31.021
1.71738 	-31.0605
1.71977 	-31.0999
1.72217 	-31.139
1.72457 	-31.178
1.72697 	-31.2169
1.72937 	-31.2556
1.73176 	-31.2941
1.73416 	-31.3324
1.73656 	-31.3707
1.73896 	-31.4087
1.74136 	-31.4466
1.74375 	-31.4843
1.74615 	-31.5219
1.74855 	-31.5593
1.75095 	-31.5966
1.75335 	-31.6337
1.75574 	-31.6706
1.75814 	-31.7074
1.76054 	-31.7441
1.76294 	-31.7806
1.76534 	-31.817
1.76773 	-31.8532
1.77013 	-31.8893
1.77253 	-31.9252
1.77493 	-31.9609
1.77733 	-31.9966
1.77972 	-32.0321
1.78212 	-32.0674
1.78452 	-32.1026
1.78692 	-32.1377
1.78932 	-32.1726
1.79171 	-32.2073
1.79411 	-32.242
1.79651 	-32.2765
1.79891 	-32.3108
1.80131 	-32.3451
1.8037 	-32.3791
1.8061 	-32.4131
1.8085 	-32.4469
1.8109 	-32.4806
1.8133 	-32.5141
1.81569 	-32.5475
1.81809 	-32.5808
1.82049 	-32.614
1.82289 	-32.647
1.82529 	-32.6799
1.82768 	-32.7126
1.83008 	-32.7453
1.83248 	-32.7778
1.83488 	-32.8101
1.83728 	-32.8424
1.83967 	-32.8745
1.84207 	-32.9065
1.84447 	-32.9384
1.84687 	-32.9701
1.84927 	-33.0018
1.85166 	-33.0333
1.85406 	-33.0646
1.85646 	-33.0959
1.85886 	-33.127
1.86126 	-33.158
1.86365 	-33.1889
1.86605 	-33.2197
1.86845 	-33.2504
1.87085 	-33.2809
1.87325 	-33.3113
1.87564 	-33.3416
1.87804 	-33.3718
1.88044 	-33.4019
1.88284 	-33.4319
1.88524 	-33.4617
1.88763 	-33.4914
1.89003 	-33.521
1.89243 	-33.5505
1.89483 	-33.5799
1.89723 	-33.6092
1.89962 	-33.6384
1.90202 	-33.6674
1.90442 	-33.6964
1.90682 	-33.7252
1.90922 	-33.754
1.91161 	-33.7826
1.91401 	-33.8111
1.91641 	-33.8395
1.91881 	-33.8678
1.92121 	-33.896
1.9236 	-33.9241
1.926 	-33.9521
1.9284 	-33.98
1.9308 	-34.0077
1.9332 	-34.0354
1.93559 	-34.063
1.93799 	-34.0904
1.94039 	-34.1178
1.94279 	-34.1451
1.94519 	-34.1722
1.94758 	-34.1993
1.94998 	-34.2263
1.95238 	-34.2531
1.95478 	-34.2799
1.95718 	-34.3066
1.95957 	-34.3331
1.96197 	-34.3596
1.96437 	-34.386
1.96677 	-34.4122
1.96917 	-34.4384
1.97156 	-34.4645
1.97396 	-34.4905
1.97636 	-34.5164
1.97876 	-34.5422
1.98116 	-34.5679
1.98355 	-34.5935
1.98595 	-34.619
1.98835 	-34.6445
1.99075 	-34.6698
1.99315 	-34.695
1.99554 	-34.7202
1.99794 	-34.7452
2.00034 	-34.7702
2.00274 	-34.7951
2.00514 	-34.8199
2.00753 	-34.8446
2.00993 	-34.8692
2.01233 	-34.8937
2.01473 	-34.9182
2.01713 	-34.9425
2.01952 	-34.9668
2.02192 	-34.991
2.02432 	-35.0151
2.02672 	-35.0391
2.02912 	-35.063
2.03151 	-35.0868
2.03391 	-35.1106
2.03631 	-35.1343
2.03871 	-35.1578
2.04111 	-35.1813
2.0435 	-35.2048
2.0459 	-35.2281
2.0483 	-35.2513
2.0507 	-35.2745
2.0531 	-35.2976
2.05549 	-35.3206
2.05789 	-35.3435
2.06029 	-35.3664
2.06269 	-35.3892
2.06509 	-35.4119
2.06748 	-35.4345
2.06988 	-35.457
2.07228 	-35.4794
2.07468 	-35.5018
2.07708 	-35.5241
2.07947 	-35.5463
2.08187 	-35.5685
2.08427 	-35.5905
2.08667 	-35.6125
2.08907 	-35.6345
2.09146 	-35.6563
2.09386 	-35.6781
2.09626 	-35.6997
2.09866 	-35.7214
2.10106 	-35.7429
2.10345 	-35.7644
2.10585 	-35.7858
2.10825 	-35.8071
2.11065 	-35.8283
2.11305 	-35.8495
2.11544 	-35.8706
2.11784 	-35.8916
2.12024 	-35.9126
2.12264 	-35.9335
2.12504 	-35.9543
2.12743 	-35.975
2.12983 	-35.9957
2.13223 	-36.0163
2.13463 	-36.0368
2.13703 	-36.0573
2.13942 	-36.0777
2.14182 	-36.098
2.14422 	-36.1183
2.14662 	-36.1385
2.14902 	-36.1586
2.15141 	-36.1787
2.15381 	-36.1987
2.15621 	-36.2186
2.15861 	-36.2384
2.16101 	-36.2582
2.1634 	-36.278
2.1658 	-36.2976
2.1682 	-36.3172
2.1706 	-36.3367
2.173 	-36.3562
2.17539 	-36.3756
2.17779 	-36.3949
2.18019 	-36.4142
2.18259 	-36.4334
2.18499 	-36.4525
2.18738 	-36.4716
2.18978 	-36.4906
2.19218 	-36.5096
2.19458 	-36.5285
2.19698 	-36.5473
2.19937 	-36.5661
2.20177 	-36.5848
2.20417 	-36.6034
2.20657 	-36.622
2.20897 	-36.6405
2.21136 	-36.659
2.21376 	-36.6774
2.21616 	-36.6957
2.21856 	-36.714
2.22096 	-36.7323
2.22335 	-36.7504
2.22575 	-36.7685
2.22815 	-36.7866
2.23055 	-36.8046
2.23295 	-36.8225
2.23534 	-36.8404
2.23774 	-36.8582
2.24014 	-36.8759
2.24254 	-36.8936
2.24494 	-36.9113
2.24733 	-36.9289
2.24973 	-36.9464
2.25213 	-36.9639
2.25453 	-36.9813
2.25693 	-36.9986
2.25932 	-37.0159
2.26172 	-37.0332
2.26412 	-37.0504
2.26652 	-37.0675
2.26892 	-37.0846
2.27131 	-37.1016
2.27371 	-37.1186
2.27611 	-37.1355
2.27851 	-37.1524
2.28091 	-37.1692
2.2833 	-37.186
2.2857 	-37.2027
2.2881 	-37.2194
2.2905 	-37.236
2.2929 	-37.2525
2.29529 	-37.269
2.29769 	-37.2855
2.30009 	-37.3019
2.30249 	-37.3182
2.30489 	-37.3345
2.30728 	-37.3507
2.30968 	-37.3669
2.31208 	-37.3831
2.31448 	-37.3992
2.31688 	-37.4152
2.31927 	-37.4312
2.32167 	-37.4471
2.32407 	-37.463
2.32647 	-37.4789
2.32887 	-37.4946
2.33126 	-37.5104
2.33366 	-37.5261
2.33606 	-37.5417
2.33846 	-37.5573
2.34086 	-37.5729
2.34325 	-37.5884
2.34565 	-37.6038
2.34805 	-37.6192
2.35045 	-37.6346
2.35285 	-37.6499
2.35524 	-37.6652
2.35764 	-37.6804
2.36004 	-37.6955
2.36244 	-37.7107
2.36484 	-37.7257
2.36723 	-37.7408
2.36963 	-37.7558
2.37203 	-37.7707
2.37443 	-37.7856
2.37683 	-37.8004
2.37922 	-37.8152
2.38162 	-37.83
2.38402 	-37.8447
2.38642 	-37.8594
2.38882 	-37.874
2.39121 	-37.8886
2.39361 	-37.9031
2.39601 	-37.9176
2.39841 	-37.9321
2.40081 	-37.9465
2.4032 	-37.9608
2.4056 	-37.9751
2.408 	-37.9894
2.4104 	-38.0037
2.4128 	-38.0178
2.41519 	-38.032
2.41759 	-38.0461
2.41999 	-38.0601
2.42239 	-38.0742
2.42479 	-38.0881
2.42718 	-38.1021
2.42958 	-38.116
2.43198 	-38.1298
2.43438 	-38.1436
2.43678 	-38.1574
2.43917 	-38.1711
2.44157 	-38.1848
2.44397 	-38.1985
2.44637 	-38.2121
2.44877 	-38.2256
2.45116 	-38.2392
2.45356 	-38.2527
2.45596 	-38.2661
2.45836 	-38.2795
2.46076 	-38.2929
2.46315 	-38.3062
2.46555 	-38.3195
2.46795 	-38.3327
2.47035 	-38.346
2.47275 	-38.3591
2.47514 	-38.3723
2.47754 	-38.3854
2.47994 	-38.3984
2.48234 	-38.4114
2.48474 	-38.4244
2.48713 	-38.4374
2.48953 	-38.4503
2.49193 	-38.4631
2.49433 	-38.4759
2.49673 	-38.4887
2.49912 	-38.5015
2.50152 	-38.5142
2.50392 	-38.5269
2.50632 	-38.5395
2.50872 	-38.5521
2.51111 	-38.5647
2.51351 	-38.5772
2.51591 	-38.5897
2.51831 	-38.6022
2.52071 	-38.6146
2.5231 	-38.627
2.5255 	-38.6394
2.5279 	-38.6517
2.5303 	-38.664
2.5327 	-38.6762
2.53509 	-38.6884
2.53749 	-38.7006
2.53989 	-38.7128
2.54229 	-38.7249
2.54469 	-38.7369
2.54708 	-38.749
2.54948 	-38.761
2.55188 	-38.773
2.55428 	-38.7849
2.55668 	-38.7968
2.55907 	-38.8087
2.56147 	-38.8205
2.56387 	-38.8323
2.56627 	-38.8441
2.56867 	-38.8558
2.57106 	-38.8675
2.57346 	-38.8792
2.57586 	-38.8908
2.57826 	-38.9024
2.58066 	-38.914
2.58305 	-38.9255
2.58545 	-38.937
2.58785 	-38.9485
2.59025 	-38.9599
2.59265 	-38.9713
2.59504 	-38.9827
2.59744 	-38.994
2.59984 	-39.0054
2.60224 	-39.0166
2.60464 	-39.0279
2.60703 	-39.0391
2.60943 	-39.0503
2.61183 	-39.0614
2.61423 	-39.0726
2.61663 	-39.0837
2.61902 	-39.0947
2.62142 	-39.1057
2.62382 	-39.1167
2.62622 	-39.1277
2.62862 	-39.1386
2.63101 	-39.1496
2.63341 	-39.1604
2.63581 	-39.1713
2.63821 	-39.1821
2.64061 	-39.1929
2.643 	-39.2036
2.6454 	-39.2144
2.6478 	-39.2251
2.6502 	-39.2357
2.6526 	-39.2464
2.65499 	-39.257
2.65739 	-39.2676
2.65979 	-39.2781
2.66219 	-39.2886
2.66459 	-39.2991
2.66698 	-39.3096
2.66938 	-39.32
2.67178 	-39.3304
2.67418 	-39.3408
2.67658 	-39.3512
2.67897 	-39.3615
2.68137 	-39.3718
2.68377 	-39.382
2.68617 	-39.3923
2.68857 	-39.4025
2.69096 	-39.4127
2.69336 	-39.4228
2.69576 	-39.4329
2.69816 	-39.443
2.70056 	-39.4531
2.70295 	-39.4632
2.70535 	-39.4732
2.70775 	-39.4832
2.71015 	-39.4931
2.71255 	-39.5031
2.71494 	-39.513
2.71734 	-39.5228
2.71974 	-39.5327
2.72214 	-39.5425
2.72454 	-39.5523
2.72693 	-39.5621
2.72933 	-39.5719
2.73173 	-39.5816
2.73413 	-39.5913
2.73653 	-39.6009
2.73892 	-39.6106
2.74132 	-39.6202
2.74372 	-39.6298
2.74612 	-39.6394
2.74852 	-39.6489
2.75091 	-39.6584
2.75331 	-39.6679
2.75571 	-39.6774
2.75811 	-39.6868
2.76051 	-39.6962
2.7629 	-39.7056
2.7653 	-39.715
2.7677 	-39.7243
2.7701 	-39.7337
2.7725 	-39.7429
2.77489 	-39.7522
2.77729 	-39.7614
2.77969 	-39.7707
2.78209 	-39.7799
2.78449 	-39.789
2.78688 	-39.7982
2.78928 	-39.8073
2.79168 	-39.8164
2.79408 	-39.8255
2.79648 	-39.8345
2.79887 	-39.8435
2.80127 	-39.8525
2.80367 	-39.8615
2.80607 	-39.8705
2.80847 	-39.8794
2.81086 	-39.8883
2.81326 	-39.8972
2.81566 	-39.906
2.81806 	-39.9149
2.82046 	-39.9237
2.82285 	-39.9325
2.82525 	-39.9412
2.82765 	-39.95
2.83005 	-39.9587
2.83245 	-39.9674
2.83484 	-39.9761
2.83724 	-39.9847
2.83964 	-39.9933
2.84204 	-40.0019
2.84444 	-40.0105
2.84683 	-40.0191
2.84923 	-40.0276
2.85163 	-40.0362
2.85403 	-40.0446
2.85643 	-40.0531
2.85882 	-40.0616
2.86122 	-40.07
2.86362 	-40.0784
2.86602 	-40.0868
2.86842 	-40.0952
2.87081 	-40.1035
2.87321 	-40.1118
2.87561 	-40.1201
2.87801 	-40.1284
2.88041 	-40.1367
2.8828 	-40.1449
2.8852 	-40.1531
2.8876 	-40.1613
2.89 	-40.1695
2.8924 	-40.1776
2.89479 	-40.1857
2.89719 	-40.1939
2.89959 	-40.2019
2.90199 	-40.21
2.90439 	-40.2181
2.90678 	-40.2261
2.90918 	-40.2341
2.91158 	-40.2421
2.91398 	-40.25
2.91638 	-40.258
2.91877 	-40.2659
2.92117 	-40.2738
2.92357 	-40.2817
2.92597 	-40.2896
2.92837 	-40.2974
2.93076 	-40.3052
2.93316 	-40.313
2.93556 	-40.3208
2.93796 	-40.3286
2.94036 	-40.3363
2.94275 	-40.344
2.94515 	-40.3517
2.94755 	-40.3594
2.94995 	-40.3671
2.95235 	-40.3747
2.95474 	-40.3824
2.95714 	-40.39
2.95954 	-40.3976
2.96194 	-40.4051
2.96434 	-40.4127
2.96673 	-40.4202
2.96913 	-40.4277
2.97153 	-40.4352
2.97393 	-40.4427
2.97633 	-40.4501
2.97872 	-40.4576
2.98112 	-40.465
2.98352 	-40.4724
2.98592 	-40.4798
2.98832 	-40.4871
2.99071 	-40.4945
2.99311 	-40.5018
2.99551 	-40.5091
2.99791 	-40.5164
3.00031 	-40.5236
3.0027 	-40.5309
3.0051 	-40.5381
3.0075 	-40.5453
3.0099 	-40.5525
3.0123 	-40.5597
3.01469 	-40.5669
3.01709 	-40.574
3.01949 	-40.5811
3.02189 	-40.5882
3.02429 	-40.5953
3.02668 	-40.6024
3.02908 	-40.6095
3.03148 	-40.6165
3.03388 	-40.6235
3.03628 	-40.6305
3.03867 	-40.6375
3.04107 	-40.6445
3.04347 	-40.6514
3.04587 	-40.6583
3.04827 	-40.6652
3.05066 	-40.6721
3.05306 	-40.679
3.05546 	-40.6859
3.05786 	-40.6927
3.06026 	-40.6996
3.06265 	-40.7064
3.06505 	-40.7132
3.06745 	-40.7199
3.06985 	-40.7267
3.07225 	-40.7334
3.07464 	-40.7402
3.07704 	-40.7469
3.07944 	-40.7536
3.08184 	-40.7603
3.08424 	-40.7669
3.08663 	-40.7736
3.08903 	-40.7802
3.09143 	-40.7868
3.09383 	-40.7934
3.09623 	-40.8
3.09862 	-40.8065
3.10102 	-40.8131
3.10342 	-40.8196
3.10582 	-40.8261
3.10822 	-40.8326
3.11061 	-40.8391
3.11301 	-40.8456
3.11541 	-40.852
3.11781 	-40.8585
3.12021 	-40.8649
3.1226 	-40.8713
3.125 	-40.8777
3.1274 	-40.884
3.1298 	-40.8904
3.1322 	-40.8967
3.13459 	-40.903
3.13699 	-40.9094
3.13939 	-40.9157
3.14179 	-40.9219
3.14419 	-40.9282
3.14658 	-40.9344
3.14898 	-40.9407
3.15138 	-40.9469
3.15378 	-40.9531
3.15618 	-40.9593
3.15857 	-40.9654
3.16097 	-40.9716
3.16337 	-40.9777
3.16577 	-40.9839
3.16817 	-40.99
3.17056 	-40.9961
3.17296 	-41.0022
3.17536 	-41.0082
3.17776 	-41.0143
3.18016 	-41.0203
3.18255 	-41.0263
3.18495 	-41.0323
3.18735 	-41.0383
3.18975 	-41.0443
3.19215 	-41.0503
3.19454 	-41.0562
3.19694 	-41.0621
3.19934 	-41.0681
3.20174 	-41.074
3.20414 	-41.0799
3.20653 	-41.0857
3.20893 	-41.0916
3.21133 	-41.0974
3.21373 	-41.1033
3.21613 	-41.1091
3.21852 	-41.1149
3.22092 	-41.1207
3.22332 	-41.1265
3.22572 	-41.1322
3.22812 	-41.138
3.23051 	-41.1437
3.23291 	-41.1494
3.23531 	-41.1551
3.23771 	-41.1608
3.24011 	-41.1665
3.2425 	-41.1722
3.2449 	-41.1778
3.2473 	-41.1835
3.2497 	-41.1891
3.2521 	-41.1947
3.25449 	-41.2003
3.25689 	-41.2059
3.25929 	-41.2115
3.26169 	-41.217
3.26409 	-41.2226
3.26648 	-41.2281
3.26888 	-41.2336
3.27128 	-41.2391
3.27368 	-41.2446
3.27608 	-41.2501
3.27847 	-41.2555
3.28087 	-41.261
3.28327 	-41.2664
3.28567 	-41.2718
3.28807 	-41.2772
3.29046 	-41.2826
3.29286 	-41.288
3.29526 	-41.2934
3.29766 	-41.2988
3.30006 	-41.3041
3.30245 	-41.3094
3.30485 	-41.3147
3.30725 	-41.32
3.30965 	-41.3253
3.31205 	-41.3306
3.31444 	-41.3359
3.31684 	-41.3411
3.31924 	-41.3464
3.32164 	-41.3516
3.32404 	-41.3568
3.32643 	-41.362
3.32883 	-41.3672
3.33123 	-41.3724
3.33363 	-41.3776
3.33603 	-41.3827
3.33842 	-41.3879
3.34082 	-41.393
3.34322 	-41.3981
3.34562 	-41.4032
3.34802 	-41.4083
3.35041 	-41.4134
3.35281 	-41.4184
3.35521 	-41.4235
3.35761 	-41.4285
3.36001 	-41.4336
3.3624 	-41.4386
3.3648 	-41.4436
3.3672 	-41.4486
3.3696 	-41.4536
3.372 	-41.4585
3.37439 	-41.4635
3.37679 	-41.4684
3.37919 	-41.4734
3.38159 	-41.4783
3.38399 	-41.4832
3.38638 	-41.4881
3.38878 	-41.493
3.39118 	-41.4979
3.39358 	-41.5027
3.39598 	-41.5076
3.39837 	-41.5124
3.40077 	-41.5172
3.40317 	-41.522
3.40557 	-41.5268
3.40797 	-41.5316
3.41036 	-41.5364
3.41276 	-41.5412
3.41516 	-41.5459
3.41756 	-41.5507
3.41996 	-41.5554
3.42235 	-41.5601
3.42475 	-41.5649
3.42715 	-41.5696
3.42955 	-41.5742
3.43195 	-41.5789
3.43434 	-41.5836
3.43674 	-41.5882
3.43914 	-41.5929
3.44154 	-41.5975
3.44394 	-41.6021
3.44633 	-41.6067
3.44873 	-41.6113
3.45113 	-41.6159
3.45353 	-41.6205
3.45593 	-41.625
3.45832 	-41.6296
3.46072 	-41.6341
3.46312 	-41.6387
3.46552 	-41.6432
3.46792 	-41.6477
3.47031 	-41.6522
3.47271 	-41.6567
3.47511 	-41.6612
3.47751 	-41.6656
3.47991 	-41.6701
3.4823 	-41.6745
3.4847 	-41.6789
3.4871 	-41.6834
3.4895 	-41.6878
3.4919 	-41.6922
3.49429 	-41.6966
3.49669 	-41.7009
3.49909 	-41.7053
3.50149 	-41.7096
3.50389 	-41.714
3.50628 	-41.7183
3.50868 	-41.7226
3.51108 	-41.727
3.51348 	-41.7313
3.51588 	-41.7356
3.51827 	-41.7398
3.52067 	-41.7441
3.52307 	-41.7484
3.52547 	-41.7526
3.52787 	-41.7569
3.53026 	-41.7611
3.53266 	-41.7653
3.53506 	-41.7695
3.53746 	-41.7737
3.53986 	-41.7779
3.54225 	-41.7821
3.54465 	-41.7862
3.54705 	-41.7904
3.54945 	-41.7945
3.55185 	-41.7987
3.55424 	-41.8028
3.55664 	-41.8069
3.55904 	-41.811
3.56144 	-41.8151
3.56384 	-41.8192
3.56623 	-41.8233
3.56863 	-41.8273
3.57103 	-41.8314
3.57343 	-41.8354
3.57583 	-41.8394
3.57822 	-41.8435
3.58062 	-41.8475
3.58302 	-41.8515
3.58542 	-41.8555
3.58782 	-41.8595
3.59021 	-41.8634
3.59261 	-41.8674
3.59501 	-41.8713
3.59741 	-41.8753
3.59981 	-41.8792
3.6022 	-41.8831
3.6046 	-41.8871
3.607 	-41.891
3.6094 	-41.8948
3.6118 	-41.8987
3.61419 	-41.9026
3.61659 	-41.9065
3.61899 	-41.9103
3.62139 	-41.9142
3.62379 	-41.918
3.62618 	-41.9218
3.62858 	-41.9256
3.63098 	-41.9294
3.63338 	-41.9332
3.63578 	-41.937
3.63817 	-41.9408
3.64057 	-41.9446
3.64297 	-41.9483
3.64537 	-41.9521
3.64777 	-41.9558
3.65016 	-41.9595
3.65256 	-41.9633
3.65496 	-41.967
3.65736 	-41.9707
3.65976 	-41.9744
3.66215 	-41.978
3.66455 	-41.9817
3.66695 	-41.9854
3.66935 	-41.989
3.67175 	-41.9927
3.67414 	-41.9963
3.67654 	-41.9999
3.67894 	-42.0035
3.68134 	-42.0071
3.68374 	-42.0107
3.68613 	-42.0143
3.68853 	-42.0179
3.69093 	-42.0215
3.69333 	-42.025
3.69573 	-42.0286
3.69812 	-42.0321
3.70052 	-42.0356
3.70292 	-42.0392
3.70532 	-42.0427
3.70772 	-42.0462
3.71011 	-42.0497
3.71251 	-42.0532
3.71491 	-42.0566
3.71731 	-42.0601
3.71971 	-42.0636
3.7221 	-42.067
3.7245 	-42.0704
3.7269 	-42.0739
3.7293 	-42.0773
3.7317 	-42.0807
3.73409 	-42.0841
3.73649 	-42.0875
3.73889 	-42.0909
3.74129 	-42.0943
3.74369 	-42.0976
3.74608 	-42.101
3.74848 	-42.1043
3.75088 	-42.1077
3.75328 	-42.111
3.75568 	-42.1143
3.75807 	-42.1176
3.76047 	-42.1209
3.76287 	-42.1242
3.76527 	-42.1275
3.76767 	-42.1308
3.77006 	-42.1341
3.77246 	-42.1373
3.77486 	-42.1406
3.77726 	-42.1438
3.77966 	-42.1471
3.78205 	-42.1503
3.78445 	-42.1535
3.78685 	-42.1567
3.78925 	-42.1599
3.79165 	-42.1631
3.79404 	-42.1663
3.79644 	-42.1694
3.79884 	-42.1726
3.80124 	-42.1758
3.80364 	-42.1789
3.80603 	-42.182
3.80843 	-42.1852
3.81083 	-42.1883
3.81323 	-42.1914
3.81563 	-42.1945
3.81802 	-42.1976
3.82042 	-42.2007
3.82282 	-42.2037
3.82522 	-42.2068
3.82762 	-42.2099
3.83001 	-42.2129
3.83241 	-42.216
3.83481 	-42.219
3.83721 	-42.222
3.83961 	-42.225
3.842 	-42.228
3.8444 	-42.231
3.8468 	-42.234
3.8492 	-42.237
3.8516 	-42.24
3.85399 	-42.2429
3.85639 	-42.2459
3.85879 	-42.2488
3.86119 	-42.2518
3.86359 	-42.2547
3.86598 	-42.2576
3.86838 	-42.2605
3.87078 	-42.2634
3.87318 	-42.2663
3.87558 	-42.2692
3.87797 	-42.2721
3.88037 	-42.275
3.88277 	-42.2778
3.88517 	-42.2807
3.88757 	-42.2835
3.88996 	-42.2864
3.89236 	-42.2892
3.89476 	-42.292
3.89716 	-42.2948
3.89956 	-42.2976
3.90195 	-42.3004
3.90435 	-42.3032
3.90675 	-42.306
3.90915 	-42.3088
3.91155 	-42.3115
3.91394 	-42.3143
3.91634 	-42.317
3.91874 	-42.3198
3.92114 	-42.3225
3.92354 	-42.3252
3.92593 	-42.3279
3.92833 	-42.3306
3.93073 	-42.3333
3.93313 	-42.336
3.93553 	-42.3387
3.93792 	-42.3414
3.94032 	-42.344
3.94272 	-42.3467
3.94512 	-42.3493
3.94752 	-42.352
3.94991 	-42.3546
3.95231 	-42.3572
3.95471 	-42.3598
3.95711 	-42.3624
3.95951 	-42.365
3.9619 	-42.3676
3.9643 	-42.3702
3.9667 	-42.3728
3.9691 	-42.3753
3.9715 	-42.3779
3.97389 	-42.3804
3.97629 	-42.383
3.97869 	-42.3855
3.98109 	-42.388
3.98349 	-42.3905
3.98588 	-42.3931
3.98828 	-42.3956
3.99068 	-42.398
3.99308 	-42.4005
3.99548 	-42.403
3.99787 	-42.4055
4.00027 	-42.4079
4.00267 	-42.4104
4.00507 	-42.4128
4.00747 	-42.4152
4.00986 	-42.4177
4.01226 	-42.4201
4.01466 	-42.4225
4.01706 	-42.4249
4.01946 	-42.4273
4.02185 	-42.4297
4.02425 	-42.432
4.02665 	-42.4344
4.02905 	-42.4368
4.03145 	-42.4391
4.03384 	-42.4415
4.03624 	-42.4438
4.03864 	-42.4461
4.04104 	-42.4485
4.04344 	-42.4508
4.04583 	-42.4531
4.04823 	-42.4554
4.05063 	-42.4577
4.05303 	-42.4599
4.05543 	-42.4622
4.05782 	-42.4645
4.06022 	-42.4667
4.06262 	-42.469
4.06502 	-42.4712
4.06742 	-42.4734
4.06981 	-42.4757
4.07221 	-42.4779
4.07461 	-42.4801
4.07701 	-42.4823
4.07941 	-42.4845
4.0818 	-42.4867
4.0842 	-42.4888
4.0866 	-42.491
4.089 	-42.4932
4.0914 	-42.4953
4.09379 	-42.4975
4.09619 	-42.4996
4.09859 	-42.5017
4.10099 	-42.5038
4.10339 	-42.5059
4.10578 	-42.5081
4.10818 	-42.5101
4.11058 	-42.5122
4.11298 	-42.5143
4.11538 	-42.5164
4.11777 	-42.5184
4.12017 	-42.5205
4.12257 	-42.5225
4.12497 	-42.5246
4.12737 	-42.5266
4.12976 	-42.5286
4.13216 	-42.5307
4.13456 	-42.5327
4.13696 	-42.5347
4.13936 	-42.5366
4.14175 	-42.5386
4.14415 	-42.5406
4.14655 	-42.5426
4.14895 	-42.5445
4.15135 	-42.5465
4.15374 	-42.5484
4.15614 	-42.5504
4.15854 	-42.5523
4.16094 	-42.5542
4.16334 	-42.5561
4.16573 	-42.558
4.16813 	-42.5599
4.17053 	-42.5618
4.17293 	-42.5637
4.17533 	-42.5655
4.17772 	-42.5674
4.18012 	-42.5693
4.18252 	-42.5711
4.18492 	-42.5729
4.18732 	-42.5748
4.18971 	-42.5766
4.19211 	-42.5784
4.19451 	-42.5802
4.19691 	-42.582
4.19931 	-42.5838
4.2017 	-42.5856
4.2041 	-42.5874
4.2065 	-42.5891
4.2089 	-42.5909
4.2113 	-42.5926
4.21369 	-42.5944
4.21609 	-42.5961
4.21849 	-42.5978
4.22089 	-42.5995
4.22329 	-42.6013
4.22568 	-42.603
4.22808 	-42.6047
4.23048 	-42.6063
4.23288 	-42.608
4.23528 	-42.6097
4.23767 	-42.6113
4.24007 	-42.613
4.24247 	-42.6146
4.24487 	-42.6163
4.24727 	-42.6179
4.24966 	-42.6195
4.25206 	-42.6211
4.25446 	-42.6227
4.25686 	-42.6243
4.25926 	-42.6259
4.26165 	-42.6275
4.26405 	-42.6291
4.26645 	-42.6306
4.26885 	-42.6322
4.27125 	-42.6337
4.27364 	-42.6353
4.27604 	-42.6368
4.27844 	-42.6383
4.28084 	-42.6399
4.28324 	-42.6414
4.28563 	-42.6429
4.28803 	-42.6443
4.29043 	-42.6458
4.29283 	-42.6473
4.29523 	-42.6488
4.29762 	-42.6502
4.30002 	-42.6517
4.30242 	-42.6531
4.30482 	-42.6545
4.30722 	-42.656
4.30961 	-42.6574
4.31201 	-42.6588
4.31441 	-42.6602
4.31681 	-42.6616
4.31921 	-42.663
4.3216 	-42.6643
4.324 	-42.6657
4.3264 	-42.6671
4.3288 	-42.6684
4.3312 	-42.6698
4.33359 	-42.6711
4.33599 	-42.6724
4.33839 	-42.6737
4.34079 	-42.6751
4.34319 	-42.6764
4.34558 	-42.6776
4.34798 	-42.6789
4.35038 	-42.6802
4.35278 	-42.6815
4.35518 	-42.6827
4.35757 	-42.684
4.35997 	-42.6852
4.36237 	-42.6865
4.36477 	-42.6877
4.36717 	-42.6889
4.36956 	-42.6901
4.37196 	-42.6913
4.37436 	-42.6925
4.37676 	-42.6937
4.37916 	-42.6949
4.38155 	-42.696
4.38395 	-42.6972
4.38635 	-42.6983
4.38875 	-42.6995
4.39115 	-42.7006
4.39354 	-42.7017
4.39594 	-42.7028
4.39834 	-42.704
4.40074 	-42.7051
4.40314 	-42.7061
4.40553 	-42.7072
4.40793 	-42.7083
4.41033 	-42.7094
4.41273 	-42.7104
4.41513 	-42.7115
4.41752 	-42.7125
4.41992 	-42.7135
4.42232 	-42.7146
4.42472 	-42.7156
4.42712 	-42.7166
4.42951 	-42.7176
4.43191 	-42.7186
4.43431 	-42.7195
4.43671 	-42.7205
4.43911 	-42.7215
4.4415 	-42.7224
4.4439 	-42.7234
4.4463 	-42.7243
4.4487 	-42.7252
4.4511 	-42.7262
4.45349 	-42.7271
4.45589 	-42.728
4.45829 	-42.7289
4.46069 	-42.7297
4.46309 	-42.7306
4.46548 	-42.7315
4.46788 	-42.7323
4.47028 	-42.7332
4.47268 	-42.734
4.47508 	-42.7349
4.47747 	-42.7357
4.47987 	-42.7365
4.48227 	-42.7373
4.48467 	-42.7381
4.48707 	-42.7389
4.48946 	-42.7397
4.49186 	-42.7404
4.49426 	-42.7412
4.49666 	-42.7419
4.49906 	-42.7427
4.50145 	-42.7434
4.50385 	-42.7441
4.50625 	-42.7448
4.50865 	-42.7456
4.51105 	-42.7462
4.51344 	-42.7469
4.51584 	-42.7476
4.51824 	-42.7483
4.52064 	-42.7489
4.52304 	-42.7496
4.52543 	-42.7502
4.52783 	-42.7509
4.53023 	-42.7515
4.53263 	-42.7521
4.53503 	-42.7527
4.53742 	-42.7533
4.53982 	-42.7539
4.54222 	-42.7545
4.54462 	-42.7551
4.54702 	-42.7556
4.54941 	-42.7562
4.55181 	-42.7567
4.55421 	-42.7572
4.55661 	-42.7578
4.55901 	-42.7583
4.5614 	-42.7588
4.5638 	-42.7593
4.5662 	-42.7598
4.5686 	-42.7602
4.571 	-42.7607
4.57339 	-42.7612
4.57579 	-42.7616
4.57819 	-42.7621
4.58059 	-42.7625
4.58299 	-42.7629
4.58538 	-42.7633
4.58778 	-42.7637
4.59018 	-42.7641
4.59258 	-42.7645
4.59498 	-42.7649
4.59737 	-42.7652
4.59977 	-42.7656
4.60217 	-42.7659
4.60457 	-42.7663
4.60697 	-42.7666
4.60936 	-42.7669
4.61176 	-42.7672
4.61416 	-42.7675
4.61656 	-42.7678
4.61896 	-42.7681
4.62135 	-42.7684
4.62375 	-42.7686
4.62615 	-42.7689
4.62855 	-42.7691
4.63095 	-42.7693
4.63334 	-42.7696
4.63574 	-42.7698
4.63814 	-42.77
4.64054 	-42.7701
4.64294 	-42.7703
4.64533 	-42.7705
4.64773 	-42.7707
4.65013 	-42.7708
4.65253 	-42.771
4.65493 	-42.7711
4.65732 	-42.7712
4.65972 	-42.7713
4.66212 	-42.7714
4.66452 	-42.7715
4.66692 	-42.7716
4.66931 	-42.7717
4.67171 	-42.7717
4.67411 	-42.7718
4.67651 	-42.7718
4.67891 	-42.7718
4.6813 	-42.7719
4.6837 	-42.7719
4.6861 	-42.7719
4.6885 	-42.7719
4.6909 	-42.7718
4.69329 	-42.7718
4.69569 	-42.7718
4.69809 	-42.7717
4.70049 	-42.7716
4.70289 	-42.7716
4.70528 	-42.7715
4.70768 	-42.7714
4.71008 	-42.7713
4.71248 	-42.7712
4.71488 	-42.7711
4.71727 	-42.7709
4.71967 	-42.7708
4.72207 	-42.7706
4.72447 	-42.7705
4.72687 	-42.7703
4.72926 	-42.7701
4.73166 	-42.7699
4.73406 	-42.7697
4.73646 	-42.7695
4.73886 	-42.7692
4.74125 	-42.769
4.74365 	-42.7687
4.74605 	-42.7685
4.74845 	-42.7682
4.75085 	-42.7679
4.75324 	-42.7676
4.75564 	-42.7673
4.75804 	-42.767
4.76044 	-42.7667
4.76284 	-42.7663
4.76523 	-42.766
4.76763 	-42.7656
4.77003 	-42.7653
4.77243 	-42.7649
4.77483 	-42.7645
4.77722 	-42.7641
4.77962 	-42.7637
4.78202 	-42.7633
4.78442 	-42.7628
4.78682 	-42.7624
4.78921 	-42.7619
4.79161 	-42.7614
4.79401 	-42.761
4.79641 	-42.7605
4.79881 	-42.76
4.8012 	-42.7594
4.8036 	-42.7589
4.806 	-42.7584
4.8084 	-42.7578
4.8108 	-42.7573
4.81319 	-42.7567
4.81559 	-42.7561
4.81799 	-42.7555
4.82039 	-42.7549
4.82279 	-42.7543
4.82518 	-42.7537
4.82758 	-42.753
4.82998 	-42.7524
4.83238 	-42.7517
4.83478 	-42.751
4.83717 	-42.7503
4.83957 	-42.7496
4.84197 	-42.7489
4.84437 	-42.7482
4.84677 	-42.7475
4.84916 	-42.7467
4.85156 	-42.746
4.85396 	-42.7452
4.85636 	-42.7444
4.85876 	-42.7436
4.86115 	-42.7428
4.86355 	-42.742
4.86595 	-42.7412
4.86835 	-42.7403
4.87075 	-42.7395
4.87314 	-42.7386
4.87554 	-42.7377
4.87794 	-42.7368
4.88034 	-42.7359
4.88274 	-42.735
4.88513 	-42.7341
4.88753 	-42.7332
4.88993 	-42.7322
4.89233 	-42.7312
4.89473 	-42.7303
4.89712 	-42.7293
4.89952 	-42.7283
4.90192 	-42.7273
4.90432 	-42.7262
4.90672 	-42.7252
4.90911 	-42.7241
4.91151 	-42.7231
4.91391 	-42.722
4.91631 	-42.7209
4.91871 	-42.7198
4.9211 	-42.7187
4.9235 	-42.7176
4.9259 	-42.7164
4.9283 	-42.7153
4.9307 	-42.7141
4.93309 	-42.7129
4.93549 	-42.7117
4.93789 	-42.7105
4.94029 	-42.7093
4.94269 	-42.7081
4.94508 	-42.7068
4.94748 	-42.7056
4.94988 	-42.7043
4.95228 	-42.703
4.95468 	-42.7017
4.95707 	-42.7004
4.95947 	-42.6991
4.96187 	-42.6978
4.96427 	-42.6964
4.96667 	-42.695
4.96906 	-42.6937
4.97146 	-42.6923
4.97386 	-42.6909
4.97626 	-42.6895
4.97866 	-42.688
4.98105 	-42.6866
4.98345 	-42.6851
4.98585 	-42.6837
4.98825 	-42.6822
4.99065 	-42.6807
4.99304 	-42.6792
4.99544 	-42.6776
4.99784 	-42.6761
5.00024 	-42.6745
5.00264 	-42.673
5.00503 	-42.6714
5.00743 	-42.6698
5.00983 	-42.6682
5.01223 	-42.6666
5.01463 	-42.6649
5.01702 	-42.6633
5.01942 	-42.6616
5.02182 	-42.6599
5.02422 	-42.6582
5.02662 	-42.6565
5.02901 	-42.6548
5.03141 	-42.6531
5.03381 	-42.6513
5.03621 	-42.6496
5.03861 	-42.6478
5.041 	-42.646
5.0434 	-42.6442
5.0458 	-42.6424
5.0482 	-42.6405
5.0506 	-42.6387
5.05299 	-42.6368
5.05539 	-42.6349
5.05779 	-42.633
5.06019 	-42.6311
5.06259 	-42.6292
5.06498 	-42.6272
5.06738 	-42.6253
5.06978 	-42.6233
5.07218 	-42.6213
5.07458 	-42.6193
5.07697 	-42.6173
5.07937 	-42.6153
5.08177 	-42.6132
5.08417 	-42.6112
5.08657 	-42.6091
5.08896 	-42.607
5.09136 	-42.6049
5.09376 	-42.6028
5.09616 	-42.6006
5.09856 	-42.5985
5.10095 	-42.5963
5.10335 	-42.5941
5.10575 	-42.5919
5.10815 	-42.5897
5.11055 	-42.5875
5.11294 	-42.5852
5.11534 	-42.5829
5.11774 	-42.5807
5.12014 	-42.5784
5.12254 	-42.5761
5.12493 	-42.5737
5.12733 	-42.5714
5.12973 	-42.569
5.13213 	-42.5666
5.13453 	-42.5643
5.13692 	-42.5618
5.13932 	-42.5594
5.14172 	-42.557
5.14412 	-42.5545
5.14652 	-42.5521
5.14891 	-42.5496
5.15131 	-42.5471
5.15371 	-42.5445
5.15611 	-42.542
5.15851 	-42.5394
5.1609 	-42.5369
5.1633 	-42.5343
5.1657 	-42.5317
5.1681 	-42.529
5.1705 	-42.5264
5.17289 	-42.5238
5.17529 	-42.5211
5.17769 	-42.5184
5.18009 	-42.5157
5.18249 	-42.513
5.18488 	-42.5102
5.18728 	-42.5075
5.18968 	-42.5047
5.19208 	-42.5019
5.19448 	-42.4991
5.19687 	-42.4962
5.19927 	-42.4934
5.20167 	-42.4905
5.20407 	-42.4877
5.20647 	-42.4848
5.20886 	-42.4818
5.21126 	-42.4789
5.21366 	-42.476
5.21606 	-42.473
5.21846 	-42.47
5.22085 	-42.467
5.22325 	-42.464
5.22565 	-42.4609
5.22805 	-42.4579
5.23045 	-42.4548
5.23284 	-42.4517
5.23524 	-42.4486
5.23764 	-42.4455
5.24004 	-42.4423
5.24244 	-42.4391
5.24483 	-42.436
5.24723 	-42.4328
5.24963 	-42.4295
5.25203 	-42.4263
5.25443 	-42.423
5.25682 	-42.4197
5.25922 	-42.4164
5.26162 	-42.4131
5.26402 	-42.4098
5.26642 	-42.4064
5.26881 	-42.4031
5.27121 	-42.3997
5.27361 	-42.3963
5.27601 	-42.3928
5.27841 	-42.3894
5.2808 	-42.3859
5.2832 	-42.3824
5.2856 	-42.3789
5.288 	-42.3754
5.2904 	-42.3718
5.29279 	-42.3683
5.29519 	-42.3647
5.29759 	-42.3611
5.29999 	-42.3575
5.30239 	-42.3538
5.30478 	-42.3502
5.30718 	-42.3465
5.30958 	-42.3428
5.31198 	-42.339
5.31438 	-42.3353
5.31677 	-42.3315
5.31917 	-42.3278
5.32157 	-42.3239
5.32397 	-42.3201
5.32637 	-42.3163
5.32876 	-42.3124
5.33116 	-42.3085
5.33356 	-42.3046
5.33596 	-42.3007
5.33836 	-42.2967
5.34075 	-42.2928
5.34315 	-42.2888
5.34555 	-42.2848
5.34795 	-42.2808
5.35035 	-42.2767
5.35274 	-42.2726
5.35514 	-42.2685
5.35754 	-42.2644
5.35994 	-42.2603
5.36234 	-42.2561
5.36473 	-42.2519
5.36713 	-42.2477
5.36953 	-42.2435
5.37193 	-42.2393
5.37433 	-42.235
5.37672 	-42.2307
5.37912 	-42.2264
5.38152 	-42.2221
5.38392 	-42.2177
5.38632 	-42.2134
5.38871 	-42.209
5.39111 	-42.2046
5.39351 	-42.2001
5.39591 	-42.1957
5.39831 	-42.1912
5.4007 	-42.1867
5.4031 	-42.1822
5.4055 	-42.1776
5.4079 	-42.173
5.4103 	-42.1684
5.41269 	-42.1638
5.41509 	-42.1592
5.41749 	-42.1545
5.41989 	-42.1498
5.42229 	-42.1451
5.42468 	-42.1404
5.42708 	-42.1356
5.42948 	-42.1309
5.43188 	-42.1261
5.43428 	-42.1212
5.43667 	-42.1164
5.43907 	-42.1115
5.44147 	-42.1066
5.44387 	-42.1017
5.44627 	-42.0968
5.44866 	-42.0918
5.45106 	-42.0868
5.45346 	-42.0818
5.45586 	-42.0768
5.45826 	-42.0717
5.46065 	-42.0666
5.46305 	-42.0615
5.46545 	-42.0564
5.46785 	-42.0512
5.47025 	-42.046
5.47264 	-42.0408
5.47504 	-42.0356
5.47744 	-42.0304
5.47984 	-42.0251
5.48224 	-42.0198
5.48463 	-42.0145
5.48703 	-42.0091
5.48943 	-42.0037
5.49183 	-41.9983
5.49423 	-41.9929
5.49662 	-41.9875
5.49902 	-41.982
5.50142 	-41.9765
5.50382 	-41.971
5.50622 	-41.9654
5.50861 	-41.9598
5.51101 	-41.9542
5.51341 	-41.9486
5.51581 	-41.9429
5.51821 	-41.9373
5.5206 	-41.9316
5.523 	-41.9258
5.5254 	-41.9201
5.5278 	-41.9143
5.5302 	-41.9085
5.53259 	-41.9026
5.53499 	-41.8968
5.53739 	-41.8909
5.53979 	-41.885
5.54219 	-41.879
5.54458 	-41.8731
5.54698 	-41.8671
5.54938 	-41.8611
5.55178 	-41.855
5.55418 	-41.8489
5.55657 	-41.8428
5.55897 	-41.8367
5.56137 	-41.8306
5.56377 	-41.8244
5.56617 	-41.8182
5.56856 	-41.8119
5.57096 	-41.8057
5.57336 	-41.7994
5.57576 	-41.7931
5.57816 	-41.7867
5.58055 	-41.7803
5.58295 	-41.7739
5.58535 	-41.7675
5.58775 	-41.761
5.59015 	-41.7546
5.59254 	-41.7481
5.59494 	-41.7415
5.59734 	-41.7349
5.59974 	-41.7283
5.60214 	-41.7217
5.60453 	-41.7151
5.60693 	-41.7084
5.60933 	-41.7017
5.61173 	-41.6949
5.61413 	-41.6882
5.61652 	-41.6814
5.61892 	-41.6745
5.62132 	-41.6677
5.62372 	-41.6608
5.62612 	-41.6539
5.62851 	-41.6469
5.63091 	-41.6399
5.63331 	-41.6329
5.63571 	-41.6259
5.63811 	-41.6188
5.6405 	-41.6118
5.6429 	-41.6046
5.6453 	-41.5975
5.6477 	-41.5903
5.6501 	-41.5831
5.65249 	-41.5758
5.65489 	-41.5686
5.65729 	-41.5613
5.65969 	-41.5539
5.66209 	-41.5466
5.66448 	-41.5392
5.66688 	-41.5318
5.66928 	-41.5243
5.67168 	-41.5168
5.67408 	-41.5093
5.67647 	-41.5017
5.67887 	-41.4942
5.68127 	-41.4866
5.68367 	-41.4789
5.68607 	-41.4712
5.68846 	-41.4635
5.69086 	-41.4558
5.69326 	-41.448
5.69566 	-41.4402
5.69806 	-41.4324
5.70045 	-41.4245
5.70285 	-41.4166
5.70525 	-41.4087
5.70765 	-41.4007
5.71005 	-41.3928
5.71244 	-41.3847
5.71484 	-41.3767
5.71724 	-41.3686
5.71964 	-41.3605
5.72204 	-41.3523
5.72443 	-41.3441
5.72683 	-41.3359
5.72923 	-41.3276
5.73163 	-41.3194
5.73403 	-41.311
5.73642 	-41.3027
5.73882 	-41.2943
5.74122 	-41.2859
5.74362 	-41.2774
5.74602 	-41.2689
5.74841 	-41.2604
5.75081 	-41.2519
5.75321 	-41.2433
5.75561 	-41.2346
5.75801 	-41.226
5.7604 	-41.2173
5.7628 	-41.2086
5.7652 	-41.1998
5.7676 	-41.191
5.77 	-41.1822
5.77239 	-41.1733
5.77479 	-41.1644
5.77719 	-41.1555
5.77959 	-41.1465
5.78199 	-41.1375
5.78438 	-41.1285
5.78678 	-41.1194
5.78918 	-41.1103
5.79158 	-41.1012
5.79398 	-41.092
5.79637 	-41.0828
5.79877 	-41.0735
5.80117 	-41.0642
5.80357 	-41.0549
5.80597 	-41.0455
5.80836 	-41.0361
5.81076 	-41.0267
5.81316 	-41.0172
5.81556 	-41.0077
5.81796 	-40.9982
5.82035 	-40.9886
5.82275 	-40.979
5.82515 	-40.9694
5.82755 	-40.9597
5.82995 	-40.95
5.83234 	-40.9402
5.83474 	-40.9304
5.83714 	-40.9206
5.83954 	-40.9107
5.84194 	-40.9008
5.84433 	-40.8908
5.84673 	-40.8808
5.84913 	-40.8708
5.85153 	-40.8608
5.85393 	-40.8507
5.85632 	-40.8405
5.85872 	-40.8303
5.86112 	-40.8201
5.86352 	-40.8099
5.86592 	-40.7996
5.86831 	-40.7893
5.87071 	-40.7789
5.87311 	-40.7685
5.87551 	-40.758
5.87791 	-40.7476
5.8803 	-40.737
5.8827 	-40.7265
5.8851 	-40.7159
5.8875 	-40.7052
5.8899 	-40.6946
5.89229 	-40.6838
5.89469 	-40.6731
5.89709 	-40.6623
5.89949 	-40.6514
5.90189 	-40.6406
5.90428 	-40.6297
5.90668 	-40.6187
5.90908 	-40.6077
5.91148 	-40.5967
5.91388 	-40.5856
5.91627 	-40.5745
5.91867 	-40.5633
5.92107 	-40.5521
5.92347 	-40.5409
5.92587 	-40.5296
5.92826 	-40.5182
5.93066 	-40.5069
5.93306 	-40.4955
5.93546 	-40.484
5.93786 	-40.4725
5.94025 	-40.461
5.94265 	-40.4494
5.94505 	-40.4378
5.94745 	-40.4262
5.94985 	-40.4145
5.95224 	-40.4027
5.95464 	-40.391
5.95704 	-40.3791
5.95944 	-40.3673
5.96184 	-40.3554
5.96423 	-40.3434
5.96663 	-40.3314
5.96903 	-40.3194
5.97143 	-40.3073
5.97383 	-40.2952
5.97622 	-40.283
5.97862 	-40.2708
5.98102 	-40.2585
5.98342 	-40.2462
5.98582 	-40.2339
5.98821 	-40.2215
5.99061 	-40.2091
5.99301 	-40.1966
5.99541 	-40.1841
5.99781 	-40.1716
6.0002 	-40.159
6.0026 	-40.1463
6.005 	-40.1336
6.0074 	-40.1209
6.0098 	-40.1081
6.01219 	-40.0953
6.01459 	-40.0824
6.01699 	-40.0695
6.01939 	-40.0565
6.02179 	-40.0435
6.02418 	-40.0305
6.02658 	-40.0174
6.02898 	-40.0043
6.03138 	-39.9911
6.03378 	-39.9778
6.03617 	-39.9646
6.03857 	-39.9513
6.04097 	-39.9379
6.04337 	-39.9245
6.04577 	-39.911
6.04816 	-39.8975
6.05056 	-39.884
6.05296 	-39.8704
6.05536 	-39.8567
6.05776 	-39.843
6.06015 	-39.8293
6.06255 	-39.8155
6.06495 	-39.8017
6.06735 	-39.7878
6.06975 	-39.7739
6.07214 	-39.7599
6.07454 	-39.7459
6.07694 	-39.7318
6.07934 	-39.7177
6.08174 	-39.7035
6.08413 	-39.6893
6.08653 	-39.6751
6.08893 	-39.6608
6.09133 	-39.6464
6.09373 	-39.632
6.09612 	-39.6176
6.09852 	-39.6031
6.10092 	-39.5885
6.10332 	-39.5739
6.10572 	-39.5593
6.10811 	-39.5446
6.11051 	-39.5299
6.11291 	-39.5151
6.11531 	-39.5002
6.11771 	-39.4853
6.1201 	-39.4704
6.1225 	-39.4554
6.1249 	-39.4404
6.1273 	-39.4253
6.1297 	-39.4102
6.13209 	-39.395
6.13449 	-39.3798
6.13689 	-39.3645
6.13929 	-39.3491
6.14169 	-39.3338
6.14408 	-39.3183
6.14648 	-39.3028
6.14888 	-39.2873
6.15128 	-39.2717
6.15368 	-39.2561
6.15607 	-39.2404
6.15847 	-39.2247
6.16087 	-39.2089
6.16327 	-39.193
6.16567 	-39.1772
6.16806 	-39.1612
6.17046 	-39.1452
6.17286 	-39.1292
6.17526 	-39.1131
6.17766 	-39.0969
6.18005 	-39.0807
6.18245 	-39.0645
6.18485 	-39.0482
6.18725 	-39.0318
6.18965 	-39.0154
6.19204 	-38.999
6.19444 	-38.9825
6.19684 	-38.9659
6.19924 	-38.9493
6.20164 	-38.9326
6.20403 	-38.9159
6.20643 	-38.8991
6.20883 	-38.8823
6.21123 	-38.8654
6.21363 	-38.8485
6.21602 	-38.8315
6.21842 	-38.8145
6.22082 	-38.7974
6.22322 	-38.7803
6.22562 	-38.7631
6.22801 	-38.7458
6.23041 	-38.7285
6.23281 	-38.7111
6.23521 	-38.6937
6.23761 	-38.6763
6.24 	-38.6587
6.2424 	-38.6412
6.2448 	-38.6235
6.2472 	-38.6059
6.2496 	-38.5881
6.25199 	-38.5703
6.25439 	-38.5525
6.25679 	-38.5346
6.25919 	-38.5166
6.26159 	-38.4986
6.26398 	-38.4806
6.26638 	-38.4625
6.26878 	-38.4443
6.27118 	-38.4261
6.27358 	-38.4078
6.27597 	-38.3894
6.27837 	-38.371
6.28077 	-38.3526
6.28317 	-38.3341
6.28557 	-38.3155
6.28796 	-38.2969
6.29036 	-38.2782
6.29276 	-38.2595
6.29516 	-38.2407
6.29756 	-38.2219
6.29995 	-38.203
6.30235 	-38.184
6.30475 	-38.165
6.30715 	-38.1459
6.30955 	-38.1268
6.31194 	-38.1076
6.31434 	-38.0884
6.31674 	-38.0691
6.31914 	-38.0498
6.32154 	-38.0304
6.32393 	-38.0109
6.32633 	-37.9914
6.32873 	-37.9718
6.33113 	-37.9522
6.33353 	-37.9325
6.33592 	-37.9127
6.33832 	-37.8929
6.34072 	-37.8731
6.34312 	-37.8531
6.34552 	-37.8332
6.34791 	-37.8131
6.35031 	-37.793
6.35271 	-37.7729
6.35511 	-37.7527
6.35751 	-37.7324
6.3599 	-37.7121
6.3623 	-37.6917
6.3647 	-37.6712
6.3671 	-37.6507
6.3695 	-37.6302
6.37189 	-37.6096
6.37429 	-37.5889
6.37669 	-37.5681
6.37909 	-37.5474
6.38149 	-37.5265
6.38388 	-37.5056
6.38628 	-37.4846
6.38868 	-37.4636
6.39108 	-37.4425
6.39348 	-37.4214
6.39587 	-37.4001
6.39827 	-37.3789
6.40067 	-37.3576
6.40307 	-37.3362
6.40547 	-37.3147
6.40786 	-37.2932
6.41026 	-37.2717
6.41266 	-37.25
6.41506 	-37.2284
6.41746 	-37.2066
6.41985 	-37.1848
6.42225 	-37.163
6.42465 	-37.141
6.42705 	-37.119
6.42945 	-37.097
6.43184 	-37.0749
6.43424 	-37.0527
6.43664 	-37.0305
6.43904 	-37.0082
6.44144 	-36.9859
6.44383 	-36.9635
6.44623 	-36.941
6.44863 	-36.9185
6.45103 	-36.8959
6.45343 	-36.8733
6.45582 	-36.8506
6.45822 	-36.8278
6.46062 	-36.805
6.46302 	-36.7821
6.46542 	-36.7592
6.46781 	-36.7361
6.47021 	-36.7131
6.47261 	-36.6899
6.47501 	-36.6668
6.47741 	-36.6435
6.4798 	-36.6202
6.4822 	-36.5968
6.4846 	-36.5734
6.487 	-36.5499
6.4894 	-36.5263
6.49179 	-36.5027
6.49419 	-36.479
6.49659 	-36.4553
6.49899 	-36.4315
6.50139 	-36.4076
6.50378 	-36.3837
6.50618 	-36.3597
6.50858 	-36.3356
6.51098 	-36.3115
6.51338 	-36.2874
6.51577 	-36.2631
6.51817 	-36.2388
6.52057 	-36.2145
6.52297 	-36.1901
6.52537 	-36.1656
6.52776 	-36.141
6.53016 	-36.1164
6.53256 	-36.0918
6.53496 	-36.067
6.53736 	-36.0422
6.53975 	-36.0174
6.54215 	-35.9925
6.54455 	-35.9675
6.54695 	-35.9425
6.54935 	-35.9174
6.55174 	-35.8922
6.55414 	-35.867
6.55654 	-35.8417
6.55894 	-35.8163
6.56134 	-35.7909
6.56373 	-35.7654
6.56613 	-35.7399
6.56853 	-35.7143
6.57093 	-35.6886
6.57333 	-35.6629
6.57572 	-35.6371
6.57812 	-35.6113
6.58052 	-35.5854
6.58292 	-35.5594
6.58532 	-35.5334
6.58771 	-35.5073
6.59011 	-35.4811
6.59251 	-35.4549
6.59491 	-35.4286
6.59731 	-35.4023
6.5997 	-35.3758
6.6021 	-35.3494
6.6045 	-35.3228
6.6069 	-35.2962
6.6093 	-35.2696
6.61169 	-35.2429
6.61409 	-35.2161
6.61649 	-35.1892
6.61889 	-35.1623
6.62129 	-35.1354
6.62368 	-35.1083
6.62608 	-35.0812
6.62848 	-35.0541
6.63088 	-35.0268
6.63328 	-34.9996
6.63567 	-34.9722
6.63807 	-34.9448
6.64047 	-34.9173
6.64287 	-34.8898
6.64527 	-34.8622
6.64766 	-34.8346
6.65006 	-34.8068
6.65246 	-34.7791
6.65486 	-34.7512
6.65726 	-34.7233
6.65965 	-34.6953
6.66205 	-34.6673
6.66445 	-34.6392
6.66685 	-34.6111
6.66925 	-34.5828
6.67164 	-34.5546
6.67404 	-34.5262
6.67644 	-34.4978
6.67884 	-34.4693
6.68124 	-34.4408
6.68363 	-34.4122
6.68603 	-34.3836
6.68843 	-34.3549
6.69083 	-34.3261
6.69323 	-34.2972
6.69562 	-34.2683
6.69802 	-34.2394
6.70042 	-34.2103
6.70282 	-34.1813
6.70522 	-34.1521
6.70761 	-34.1229
6.71001 	-34.0936
6.71241 	-34.0643
6.71481 	-34.0349
6.71721 	-34.0054
6.7196 	-33.9759
6.722 	-33.9463
6.7244 	-33.9167
6.7268 	-33.887
6.7292 	-33.8572
6.73159 	-33.8274
6.73399 	-33.7975
6.73639 	-33.7676
6.73879 	-33.7376
6.74119 	-33.7075
6.74358 	-33.6774
6.74598 	-33.6472
6.74838 	-33.6169
6.75078 	-33.5866
6.75318 	-33.5562
6.75557 	-33.5258
6.75797 	-33.4953
6.76037 	-33.4647
6.76277 	-33.4341
6.76517 	-33.4034
6.76756 	-33.3727
6.76996 	-33.3419
6.77236 	-33.311
6.77476 	-33.2801
6.77716 	-33.2491
6.77955 	-33.2181
6.78195 	-33.187
6.78435 	-33.1558
6.78675 	-33.1246
6.78915 	-33.0933
6.79154 	-33.0619
6.79394 	-33.0305
6.79634 	-32.9991
6.79874 	-32.9676
6.80114 	-32.936
6.80353 	-32.9043
6.80593 	-32.8726
6.80833 	-32.8409
6.81073 	-32.8091
6.81313 	-32.7772
6.81552 	-32.7452
6.81792 	-32.7132
6.82032 	-32.6812
6.82272 	-32.6491
6.82512 	-32.6169
6.82751 	-32.5847
6.82991 	-32.5524
6.83231 	-32.52
6.83471 	-32.4876
6.83711 	-32.4551
6.8395 	-32.4226
6.8419 	-32.39
6.8443 	-32.3574
6.8467 	-32.3247
6.8491 	-32.2919
6.85149 	-32.2591
6.85389 	-32.2262
6.85629 	-32.1933
6.85869 	-32.1603
6.86109 	-32.1273
6.86348 	-32.0942
6.86588 	-32.061
6.86828 	-32.0278
6.87068 	-31.9945
6.87308 	-31.9612
6.87547 	-31.9278
6.87787 	-31.8944
6.88027 	-31.8609
6.88267 	-31.8273
6.88507 	-31.7937
6.88746 	-31.76
6.88986 	-31.7263
6.89226 	-31.6925
6.89466 	-31.6587
6.89706 	-31.6248
6.89945 	-31.5908
6.90185 	-31.5568
6.90425 	-31.5228
6.90665 	-31.4887
6.90905 	-31.4545
6.91144 	-31.4203
6.91384 	-31.386
6.91624 	-31.3516
6.91864 	-31.3173
6.92104 	-31.2828
6.92343 	-31.2483
6.92583 	-31.2138
6.92823 	-31.1792
6.93063 	-31.1445
6.93303 	-31.1098
6.93542 	-31.075
6.93782 	-31.0402
6.94022 	-31.0053
6.94262 	-30.9704
6.94502 	-30.9354
6.94741 	-30.9004
6.94981 	-30.8653
6.95221 	-30.8302
6.95461 	-30.795
6.95701 	-30.7597
6.9594 	-30.7244
6.9618 	-30.6891
6.9642 	-30.6537
6.9666 	-30.6182
6.969 	-30.5827
6.97139 	-30.5472
6.97379 	-30.5116
6.97619 	-30.4759
6.97859 	-30.4402
6.98099 	-30.4044
6.98338 	-30.3686
6.98578 	-30.3328
6.98818 	-30.2969
6.99058 	-30.2609
6.99298 	-30.2249
6.99537 	-30.1888
6.99777 	-30.1527
7.00017 	-30.1166
7.00257 	-30.0803
7.00497 	-30.0441
7.00736 	-30.0078
7.00976 	-29.9714
7.01216 	-29.935
7.01456 	-29.8986
7.01696 	-29.8621
7.01935 	-29.8255
7.02175 	-29.7889
7.02415 	-29.7523
7.02655 	-29.7156
7.02895 	-29.6788
7.03134 	-29.642
7.03374 	-29.6052
7.03614 	-29.5683
7.03854 	-29.5314
7.04094 	-29.4944
7.04333 	-29.4574
7.04573 	-29.4203
7.04813 	-29.3832
7.05053 	-29.3461
7.05293 	-29.3089
7.05532 	-29.2716
7.05772 	-29.2343
7.06012 	-29.197
7.06252 	-29.1596
7.06492 	-29.1222
7.06731 	-29.0847
7.06971 	-29.0472
7.07211 	-29.0096
7.07451 	-28.972
7.07691 	-28.9343
7.0793 	-28.8967
7.0817 	-28.8589
7.0841 	-28.8211
7.0865 	-28.7833
7.0889 	-28.7455
7.09129 	-28.7075
7.09369 	-28.6696
7.09609 	-28.6316
7.09849 	-28.5936
7.10089 	-28.5555
7.10328 	-28.5174
7.10568 	-28.4792
7.10808 	-28.441
7.11048 	-28.4028
7.11288 	-28.3645
7.11527 	-28.3262
7.11767 	-28.2878
7.12007 	-28.2494
7.12247 	-28.211
7.12487 	-28.1725
7.12726 	-28.134
7.12966 	-28.0954
7.13206 	-28.0568
7.13446 	-28.0182
7.13686 	-27.9795
7.13925 	-27.9408
7.14165 	-27.9021
7.14405 	-27.8633
7.14645 	-27.8245
7.14885 	-27.7856
7.15124 	-27.7467
7.15364 	-27.7078
7.15604 	-27.6688
7.15844 	-27.6298
7.16084 	-27.5907
7.16323 	-27.5517
7.16563 	-27.5125
7.16803 	-27.4734
7.17043 	-27.4342
7.17283 	-27.395
7.17522 	-27.3557
7.17762 	-27.3164
7.18002 	-27.2771
7.18242 	-27.2378
7.18482 	-27.1984
7.18721 	-27.159
7.18961 	-27.1195
7.19201 	-27.08
7.19441 	-27.0405
7.19681 	-27.0009
7.1992 	-26.9613
7.2016 	-26.9217
7.204 	-26.8821
7.2064 	-26.8424
7.2088 	-26.8027
7.21119 	-26.7629
7.21359 	-26.7231
7.21599 	-26.6833
7.21839 	-26.6435
7.22079 	-26.6036
7.22318 	-26.5637
7.22558 	-26.5238
7.22798 	-26.4839
7.23038 	-26.4439
7.23278 	-26.4039
7.23517 	-26.3638
7.23757 	-26.3238
7.23997 	-26.2837
7.24237 	-26.2435
7.24477 	-26.2034
7.24716 	-26.1632
7.24956 	-26.123
7.25196 	-26.0828
7.25436 	-26.0425
7.25676 	-26.0022
7.25915 	-25.9619
7.26155 	-25.9216
7.26395 	-25.8812
7.26635 	-25.8408
7.26875 	-25.8004
7.27114 	-25.76
7.27354 	-25.7195
7.27594 	-25.679
7.27834 	-25.6385
7.28074 	-25.598
7.28313 	-25.5574
7.28553 	-25.5168
7.28793 	-25.4762
7.29033 	-25.4356
7.29273 	-25.395
7.29512 	-25.3543
7.29752 	-25.3136
7.29992 	-25.2729
7.30232 	-25.2322
7.30472 	-25.1914
7.30711 	-25.1506
7.30951 	-25.1098
7.31191 	-25.069
7.31431 	-25.0282
7.31671 	-24.9873
7.3191 	-24.9465
7.3215 	-24.9056
7.3239 	-24.8647
7.3263 	-24.8237
7.3287 	-24.7828
7.33109 	-24.7418
7.33349 	-24.7009
7.33589 	-24.6599
7.33829 	-24.6188
7.34069 	-24.5778
7.34308 	-24.5368
7.34548 	-24.4957
7.34788 	-24.4546
7.35028 	-24.4135
7.35268 	-24.3724
7.35507 	-24.3313
7.35747 	-24.2901
7.35987 	-24.249
7.36227 	-24.2078
7.36467 	-24.1666
7.36706 	-24.1254
7.36946 	-24.0842
7.37186 	-24.043
7.37426 	-24.0018
7.37666 	-23.9605
7.37905 	-23.9193
7.38145 	-23.878
7.38385 	-23.8367
7.38625 	-23.7954
7.38865 	-23.7541
7.39104 	-23.7128
7.39344 	-23.6715
7.39584 	-23.6301
7.39824 	-23.5888
7.40064 	-23.5474
7.40303 	-23.5061
7.40543 	-23.4647
7.40783 	-23.4233
7.41023 	-23.3819
7.41263 	-23.3405
7.41502 	-23.2991
7.41742 	-23.2577
7.41982 	-23.2163
7.42222 	-23.1748
7.42462 	-23.1334
7.42701 	-23.0919
7.42941 	-23.0505
7.43181 	-23.009
7.43421 	-22.9676
7.43661 	-22.9261
7.439 	-22.8846
7.4414 	-22.8432
7.4438 	-22.8017
7.4462 	-22.7602
7.4486 	-22.7187
7.45099 	-22.6772
7.45339 	-22.6357
7.45579 	-22.5942
7.45819 	-22.5527
7.46059 	-22.5112
7.46298 	-22.4697
7.46538 	-22.4282
7.46778 	-22.3867
7.47018 	-22.3452
7.47258 	-22.3037
7.47497 	-22.2621
7.47737 	-22.2206
7.47977 	-22.1791
7.48217 	-22.1376
7.48457 	-22.0961
7.48696 	-22.0546
7.48936 	-22.0131
7.49176 	-21.9716
7.49416 	-21.9301
7.49656 	-21.8885
7.49895 	-21.847
7.50135 	-21.8055
7.50375 	-21.764
7.50615 	-21.7225
7.50855 	-21.681
7.51094 	-21.6396
7.51334 	-21.5981
7.51574 	-21.5566
7.51814 	-21.5151
7.52054 	-21.4736
7.52293 	-21.4322
7.52533 	-21.3907
7.52773 	-21.3493
7.53013 	-21.3078
7.53253 	-21.2664
7.53492 	-21.2249
7.53732 	-21.1835
7.53972 	-21.1421
7.54212 	-21.1006
7.54452 	-21.0592
7.54691 	-21.0178
7.54931 	-20.9764
7.55171 	-20.9351
7.55411 	-20.8937
7.55651 	-20.8523
7.5589 	-20.811
7.5613 	-20.7696
7.5637 	-20.7283
7.5661 	-20.6869
7.5685 	-20.6456
7.57089 	-20.6043
7.57329 	-20.563
7.57569 	-20.5217
7.57809 	-20.4805
7.58049 	-20.4392
7.58288 	-20.3979
7.58528 	-20.3567
7.58768 	-20.3155
7.59008 	-20.2743
7.59248 	-20.2331
7.59487 	-20.1919
7.59727 	-20.1507
7.59967 	-20.1095
7.60207 	-20.0684
7.60447 	-20.0273
7.60686 	-19.9862
7.60926 	-19.9451
7.61166 	-19.904
7.61406 	-19.8629
7.61646 	-19.8218
7.61885 	-19.7808
7.62125 	-19.7398
7.62365 	-19.6988
7.62605 	-19.6578
7.62845 	-19.6168
7.63084 	-19.5759
7.63324 	-19.5349
7.63564 	-19.494
7.63804 	-19.4531
7.64044 	-19.4122
7.64283 	-19.3714
7.64523 	-19.3305
7.64763 	-19.2897
7.65003 	-19.2489
7.65243 	-19.2081
7.65482 	-19.1674
7.65722 	-19.1266
7.65962 	-19.0859
7.66202 	-19.0452
7.66442 	-19.0045
7.66681 	-18.9639
7.66921 	-18.9232
7.67161 	-18.8826
7.67401 	-18.842
7.67641 	-18.8014
7.6788 	-18.7609
7.6812 	-18.7204
7.6836 	-18.6799
7.686 	-18.6394
7.6884 	-18.5989
7.69079 	-18.5585
7.69319 	-18.5181
7.69559 	-18.4777
7.69799 	-18.4374
7.70039 	-18.397
7.70278 	-18.3567
7.70518 	-18.3164
7.70758 	-18.2762
7.70998 	-18.236
7.71238 	-18.1958
7.71477 	-18.1556
7.71717 	-18.1154
7.71957 	-18.0753
7.72197 	-18.0352
7.72437 	-17.9951
7.72676 	-17.9551
7.72916 	-17.9151
7.73156 	-17.8751
7.73396 	-17.8352
7.73636 	-17.7952
7.73875 	-17.7553
7.74115 	-17.7155
7.74355 	-17.6756
7.74595 	-17.6358
7.74835 	-17.596
7.75074 	-17.5563
7.75314 	-17.5166
7.75554 	-17.4769
7.75794 	-17.4372
7.76034 	-17.3976
7.76273 	-17.358
7.76513 	-17.3184
7.76753 	-17.2789
7.76993 	-17.2394
7.77233 	-17.1999
7.77472 	-17.1605
7.77712 	-17.1211
7.77952 	-17.0817
7.78192 	-17.0424
7.78432 	-17.0031
7.78671 	-16.9638
7.78911 	-16.9246
7.79151 	-16.8854
7.79391 	-16.8462
7.79631 	-16.8071
7.7987 	-16.768
7.8011 	-16.7289
7.8035 	-16.6899
7.8059 	-16.6509
7.8083 	-16.6119
7.81069 	-16.573
7.81309 	-16.5341
7.81549 	-16.4953
7.81789 	-16.4564
7.82029 	-16.4177
7.82268 	-16.3789
7.82508 	-16.3402
7.82748 	-16.3015
7.82988 	-16.2629
7.83228 	-16.2243
7.83467 	-16.1858
7.83707 	-16.1473
7.83947 	-16.1088
7.84187 	-16.0703
7.84427 	-16.0319
7.84666 	-15.9936
7.84906 	-15.9552
7.85146 	-15.917
7.85386 	-15.8787
7.85626 	-15.8405
7.85865 	-15.8023
7.86105 	-15.7642
7.86345 	-15.7261
7.86585 	-15.6881
7.86825 	-15.6501
7.87064 	-15.6121
7.87304 	-15.5742
7.87544 	-15.5363
7.87784 	-15.4985
7.88024 	-15.4607
7.88263 	-15.4229
7.88503 	-15.3852
7.88743 	-15.3475
7.88983 	-15.3099
7.89223 	-15.2723
7.89462 	-15.2348
7.89702 	-15.1973
7.89942 	-15.1598
7.90182 	-15.1224
7.90422 	-15.085
7.90661 	-15.0477
7.90901 	-15.0104
7.91141 	-14.9732
7.91381 	-14.936
7.91621 	-14.8988
7.9186 	-14.8617
7.921 	-14.8246
7.9234 	-14.7876
7.9258 	-14.7506
7.9282 	-14.7137
7.93059 	-14.6768
7.93299 	-14.64
7.93539 	-14.6032
7.93779 	-14.5664
7.94019 	-14.5297
7.94258 	-14.4931
7.94498 	-14.4565
7.94738 	-14.4199
7.94978 	-14.3834
7.95218 	-14.3469
7.95457 	-14.3105
7.95697 	-14.2741
7.95937 	-14.2378
7.96177 	-14.2015
7.96417 	-14.1652
7.96656 	-14.1291
7.96896 	-14.0929
7.97136 	-14.0568
7.97376 	-14.0208
7.97616 	-13.9848
7.97855 	-13.9488
7.98095 	-13.9129
7.98335 	-13.8771
7.98575 	-13.8413
7.98815 	-13.8055
7.99054 	-13.7698
7.99294 	-13.7342
7.99534 	-13.6985
7.99774 	-13.663
8.00014 	-13.6275
8.00253 	-13.592
8.00493 	-13.5566
8.00733 	-13.5213
8.00973 	-13.4859
8.01213 	-13.4507
8.01452 	-13.4155
8.01692 	-13.3803
8.01932 	-13.3452
8.02172 	-13.3102
8.02412 	-13.2752
8.02651 	-13.2402
8.02891 	-13.2053
8.03131 	-13.1704
8.03371 	-13.1356
8.03611 	-13.1009
8.0385 	-13.0662
8.0409 	-13.0315
8.0433 	-12.997
8.0457 	-12.9624
8.0481 	-12.9279
8.05049 	-12.8935
8.05289 	-12.8591
8.05529 	-12.8248
8.05769 	-12.7905
8.06009 	-12.7563
8.06248 	-12.7221
8.06488 	-12.688
8.06728 	-12.6539
8.06968 	-12.6199
8.07208 	-12.5859
8.07447 	-12.552
8.07687 	-12.5181
8.07927 	-12.4843
8.08167 	-12.4506
8.08407 	-12.4169
8.08646 	-12.3832
8.08886 	-12.3496
8.09126 	-12.3161
8.09366 	-12.2826
8.09606 	-12.2492
8.09845 	-12.2158
8.10085 	-12.1825
8.10325 	-12.1492
8.10565 	-12.116
8.10805 	-12.0829
8.11044 	-12.0498
8.11284 	-12.0167
8.11524 	-11.9837
8.11764 	-11.9508
8.12004 	-11.9179
8.12243 	-11.8851
8.12483 	-11.8523
8.12723 	-11.8196
8.12963 	-11.7869
8.13203 	-11.7543
8.13442 	-11.7218
8.13682 	-11.6893
8.13922 	-11.6568
8.14162 	-11.6245
8.14402 	-11.5921
8.14641 	-11.5599
8.14881 	-11.5276
8.15121 	-11.4955
8.15361 	-11.4634
8.15601 	-11.4313
8.1584 	-11.3993
8.1608 	-11.3674
8.1632 	-11.3355
8.1656 	-11.3037
8.168 	-11.2719
8.17039 	-11.2402
8.17279 	-11.2086
8.17519 	-11.177
8.17759 	-11.1454
8.17999 	-11.1139
8.18238 	-11.0825
8.18478 	-11.0511
8.18718 	-11.0198
8.18958 	-10.9886
8.19198 	-10.9574
8.19437 	-10.9262
8.19677 	-10.8951
8.19917 	-10.8641
8.20157 	-10.8331
8.20397 	-10.8022
8.20636 	-10.7714
8.20876 	-10.7406
8.21116 	-10.7098
8.21356 	-10.6791
8.21596 	-10.6485
8.21835 	-10.6179
8.22075 	-10.5874
8.22315 	-10.557
8.22555 	-10.5266
8.22795 	-10.4962
8.23034 	-10.466
8.23274 	-10.4357
8.23514 	-10.4056
8.23754 	-10.3755
8.23994 	-10.3454
8.24233 	-10.3154
8.24473 	-10.2855
8.24713 	-10.2556
8.24953 	-10.2258
8.25193 	-10.196
8.25432 	-10.1663
8.25672 	-10.1367
8.25912 	-10.1071
8.26152 	-10.0776
8.26392 	-10.0481
8.26631 	-10.0187
8.26871 	-9.98933
8.27111 	-9.96003
8.27351 	-9.93079
8.27591 	-9.90162
8.2783 	-9.87249
8.2807 	-9.84343
8.2831 	-9.81443
8.2855 	-9.78548
8.2879 	-9.75659
8.29029 	-9.72777
8.29269 	-9.699
8.29509 	-9.67028
8.29749 	-9.64163
8.29989 	-9.61303
8.30228 	-9.5845
8.30468 	-9.55602
8.30708 	-9.5276
8.30948 	-9.49924
8.31188 	-9.47093
8.31427 	-9.44269
8.31667 	-9.4145
8.31907 	-9.38638
8.32147 	-9.35831
8.32387 	-9.3303
8.32626 	-9.30235
8.32866 	-9.27445
8.33106 	-9.24662
8.33346 	-9.21884
8.33586 	-9.19112
8.33825 	-9.16346
8.34065 	-9.13586
8.34305 	-9.10832
8.34545 	-9.08084
8.34785 	-9.05341
8.35024 	-9.02605
8.35264 	-8.99874
8.35504 	-8.97149
8.35744 	-8.9443
8.35984 	-8.91717
8.36223 	-8.89009
8.36463 	-8.86308
8.36703 	-8.83612
8.36943 	-8.80922
8.37183 	-8.78238
8.37422 	-8.7556
8.37662 	-8.72888
8.37902 	-8.70221
8.38142 	-8.67561
8.38382 	-8.64906
8.38621 	-8.62257
8.38861 	-8.59614
8.39101 	-8.56977
8.39341 	-8.54345
8.39581 	-8.5172
8.3982 	-8.491
8.4006 	-8.46486
8.403 	-8.43878
8.4054 	-8.41276
8.4078 	-8.38679
8.41019 	-8.36088
8.41259 	-8.33504
8.41499 	-8.30925
8.41739 	-8.28351
8.41979 	-8.25784
8.42218 	-8.23222
8.42458 	-8.20667
8.42698 	-8.18117
8.42938 	-8.15573
8.43178 	-8.13034
8.43417 	-8.10502
8.43657 	-8.07975
8.43897 	-8.05454
8.44137 	-8.02939
8.44377 	-8.00429
8.44616 	-7.97926
8.44856 	-7.95428
8.45096 	-7.92936
8.45336 	-7.90449
8.45576 	-7.87969
8.45815 	-7.85494
8.46055 	-7.83025
8.46295 	-7.80562
8.46535 	-7.78104
8.46775 	-7.75652
8.47014 	-7.73206
8.47254 	-7.70766
8.47494 	-7.68331
8.47734 	-7.65903
8.47974 	-7.6348
8.48213 	-7.61062
8.48453 	-7.58651
8.48693 	-7.56245
8.48933 	-7.53844
8.49173 	-7.5145
8.49412 	-7.49061
8.49652 	-7.46678
8.49892 	-7.44301
8.50132 	-7.41929
8.50372 	-7.39563
8.50611 	-7.37203
8.50851 	-7.34848
8.51091 	-7.32499
8.51331 	-7.30156
8.51571 	-7.27818
8.5181 	-7.25486
8.5205 	-7.2316
8.5229 	-7.20839
8.5253 	-7.18524
8.5277 	-7.16214
8.53009 	-7.13911
8.53249 	-7.11613
8.53489 	-7.0932
8.53729 	-7.07033
8.53969 	-7.04752
8.54208 	-7.02476
8.54448 	-7.00206
8.54688 	-6.97942
8.54928 	-6.95683
8.55168 	-6.93429
8.55407 	-6.91182
8.55647 	-6.88939
8.55887 	-6.86703
8.56127 	-6.84472
8.56367 	-6.82246
8.56606 	-6.80026
8.56846 	-6.77812
8.57086 	-6.75603
8.57326 	-6.734
8.57566 	-6.71202
8.57805 	-6.6901
8.58045 	-6.66823
8.58285 	-6.64642
8.58525 	-6.62466
8.58765 	-6.60296
8.59004 	-6.58131
8.59244 	-6.55972
8.59484 	-6.53818
8.59724 	-6.5167
8.59964 	-6.49527
8.60203 	-6.4739
8.60443 	-6.45258
8.60683 	-6.43131
8.60923 	-6.4101
8.61163 	-6.38895
8.61402 	-6.36785
8.61642 	-6.3468
8.61882 	-6.3258
8.62122 	-6.30486
8.62362 	-6.28398
8.62601 	-6.26315
8.62841 	-6.24237
8.63081 	-6.22165
8.63321 	-6.20098
8.63561 	-6.18036
8.638 	-6.1598
8.6404 	-6.13929
8.6428 	-6.11883
8.6452 	-6.09843
8.6476 	-6.07808
8.64999 	-6.05778
8.65239 	-6.03754
8.65479 	-6.01735
8.65719 	-5.99721
8.65959 	-5.97713
8.66198 	-5.9571
8.66438 	-5.93712
8.66678 	-5.9172
8.66918 	-5.89732
8.67158 	-5.8775
8.67397 	-5.85773
8.67637 	-5.83802
8.67877 	-5.81836
8.68117 	-5.79874
8.68357 	-5.77919
8.68596 	-5.75968
8.68836 	-5.74023
8.69076 	-5.72082
8.69316 	-5.70147
8.69556 	-5.68217
8.69795 	-5.66293
8.70035 	-5.64373
8.70275 	-5.62459
8.70515 	-5.60549
8.70755 	-5.58645
8.70994 	-5.56746
8.71234 	-5.54852
8.71474 	-5.52964
8.71714 	-5.5108
8.71954 	-5.49202
8.72193 	-5.47328
8.72433 	-5.4546
8.72673 	-5.43597
8.72913 	-5.41738
8.73153 	-5.39885
8.73392 	-5.38037
8.73632 	-5.36194
8.73872 	-5.34356
8.74112 	-5.32523
8.74352 	-5.30695
8.74591 	-5.28872
8.74831 	-5.27054
8.75071 	-5.25241
8.75311 	-5.23433
8.75551 	-5.2163
8.7579 	-5.19832
8.7603 	-5.18039
8.7627 	-5.16251
8.7651 	-5.14468
8.7675 	-5.1269
8.76989 	-5.10917
8.77229 	-5.09148
8.77469 	-5.07385
8.77709 	-5.05626
8.77949 	-5.03873
8.78188 	-5.02124
8.78428 	-5.0038
8.78668 	-4.98641
8.78908 	-4.96907
8.79148 	-4.95177
8.79387 	-4.93453
8.79627 	-4.91733
8.79867 	-4.90018
8.80107 	-4.88308
8.80347 	-4.86603
8.80586 	-4.84903
8.80826 	-4.83207
8.81066 	-4.81516
8.81306 	-4.7983
8.81546 	-4.78149
8.81785 	-4.76473
8.82025 	-4.74801
8.82265 	-4.73134
8.82505 	-4.71471
8.82745 	-4.69814
8.82984 	-4.68161
8.83224 	-4.66513
8.83464 	-4.64869
8.83704 	-4.6323
8.83944 	-4.61596
8.84183 	-4.59967
8.84423 	-4.58342
8.84663 	-4.56722
8.84903 	-4.55106
8.85143 	-4.53495
8.85382 	-4.51889
8.85622 	-4.50287
8.85862 	-4.4869
8.86102 	-4.47098
8.86342 	-4.4551
8.86581 	-4.43927
8.86821 	-4.42348
8.87061 	-4.40774
8.87301 	-4.39204
8.87541 	-4.37639
8.8778 	-4.36079
8.8802 	-4.34523
8.8826 	-4.32971
8.885 	-4.31424
8.8874 	-4.29882
8.88979 	-4.28343
8.89219 	-4.2681
8.89459 	-4.25281
8.89699 	-4.23756
8.89939 	-4.22236
8.90178 	-4.2072
8.90418 	-4.19209
8.90658 	-4.17702
8.90898 	-4.162
8.91138 	-4.14702
8.91377 	-4.13208
8.91617 	-4.11719
8.91857 	-4.10234
8.92097 	-4.08753
8.92337 	-4.07277
8.92576 	-4.05805
8.92816 	-4.04338
8.93056 	-4.02875
8.93296 	-4.01416
8.93536 	-3.99961
8.93775 	-3.98511
8.94015 	-3.97065
8.94255 	-3.95623
8.94495 	-3.94186
8.94735 	-3.92753
8.94974 	-3.91324
8.95214 	-3.89899
8.95454 	-3.88479
8.95694 	-3.87063
8.95934 	-3.85651
8.96173 	-3.84243
8.96413 	-3.8284
8.96653 	-3.8144
8.96893 	-3.80045
8.97133 	-3.78654
8.97372 	-3.77268
8.97612 	-3.75885
8.97852 	-3.74506
8.98092 	-3.73132
8.98332 	-3.71762
8.98571 	-3.70396
8.98811 	-3.69034
8.99051 	-3.67676
8.99291 	-3.66322
8.99531 	-3.64972
8.9977 	-3.63627
9.0001 	-3.62285
9.0025 	-3.60948
9.0049 	-3.59614
9.0073 	-3.58285
9.00969 	-3.56959
9.01209 	-3.55638
9.01449 	-3.54321
9.01689 	-3.53007
9.01929 	-3.51698
9.02168 	-3.50392
9.02408 	-3.49091
9.02648 	-3.47793
9.02888 	-3.465
9.03128 	-3.4521
9.03367 	-3.43925
9.03607 	-3.42643
9.03847 	-3.41365
9.04087 	-3.40091
9.04327 	-3.38821
9.04566 	-3.37555
9.04806 	-3.36293
9.05046 	-3.35034
9.05286 	-3.3378
9.05526 	-3.32529
9.05765 	-3.31282
9.06005 	-3.30039
9.06245 	-3.288
9.06485 	-3.27565
9.06725 	-3.26333
9.06964 	-3.25105
9.07204 	-3.23882
9.07444 	-3.22661
9.07684 	-3.21445
9.07924 	-3.20232
9.08163 	-3.19023
9.08403 	-3.17818
9.08643 	-3.16617
9.08883 	-3.15419
9.09123 	-3.14225
9.09362 	-3.13035
9.09602 	-3.11848
9.09842 	-3.10665
9.10082 	-3.09486
9.10322 	-3.08311
9.10561 	-3.07139
9.10801 	-3.05971
9.11041 	-3.04806
9.11281 	-3.03645
9.11521 	-3.02488
9.1176 	-3.01334
9.12 	-3.00184
9.1224 	-2.99037
9.1248 	-2.97894
9.1272 	-2.96755
9.12959 	-2.95619
9.13199 	-2.94487
9.13439 	-2.93359
9.13679 	-2.92233
9.13919 	-2.91112
9.14158 	-2.89994
9.14398 	-2.88879
9.14638 	-2.87768
9.14878 	-2.86661
9.15118 	-2.85557
9.15357 	-2.84456
9.15597 	-2.83359
9.15837 	-2.82266
9.16077 	-2.81175
9.16317 	-2.80089
9.16556 	-2.79005
9.16796 	-2.77926
9.17036 	-2.76849
9.17276 	-2.75776
9.17516 	-2.74707
9.17755 	-2.7364
9.17995 	-2.72578
9.18235 	-2.71518
9.18475 	-2.70462
9.18715 	-2.69409
9.18954 	-2.6836
9.19194 	-2.67314
9.19434 	-2.66271
9.19674 	-2.65232
9.19914 	-2.64196
9.20153 	-2.63163
9.20393 	-2.62134
9.20633 	-2.61107
9.20873 	-2.60085
9.21113 	-2.59065
9.21352 	-2.58049
9.21592 	-2.57035
9.21832 	-2.56026
9.22072 	-2.55019
9.22312 	-2.54016
9.22551 	-2.53015
9.22791 	-2.52019
9.23031 	-2.51025
9.23271 	-2.50034
9.23511 	-2.49047
9.2375 	-2.48063
9.2399 	-2.47082
9.2423 	-2.46104
9.2447 	-2.45129
9.2471 	-2.44158
9.24949 	-2.43189
9.25189 	-2.42224
9.25429 	-2.41262
9.25669 	-2.40303
9.25909 	-2.39347
9.26148 	-2.38394
9.26388 	-2.37444
9.26628 	-2.36497
9.26868 	-2.35554
9.27108 	-2.34613
9.27347 	-2.33676
9.27587 	-2.32741
9.27827 	-2.3181
9.28067 	-2.30881
9.28307 	-2.29956
9.28546 	-2.29033
9.28786 	-2.28114
9.29026 	-2.27198
9.29266 	-2.26284
9.29506 	-2.25374
9.29745 	-2.24466
9.29985 	-2.23562
9.30225 	-2.2266
9.30465 	-2.21762
9.30705 	-2.20866
9.30944 	-2.19973
9.31184 	-2.19083
9.31424 	-2.18197
9.31664 	-2.17313
9.31904 	-2.16431
9.32143 	-2.15553
9.32383 	-2.14678
9.32623 	-2.13805
9.32863 	-2.12936
9.33103 	-2.12069
9.33342 	-2.11205
9.33582 	-2.10344
9.33822 	-2.09486
9.34062 	-2.0863
9.34302 	-2.07778
9.34541 	-2.06928
9.34781 	-2.06081
9.35021 	-2.05237
9.35261 	-2.04395
9.35501 	-2.03557
9.3574 	-2.02721
9.3598 	-2.01888
9.3622 	-2.01058
9.3646 	-2.0023
9.367 	-1.99405
9.36939 	-1.98583
9.37179 	-1.97764
9.37419 	-1.96947
9.37659 	-1.96133
9.37899 	-1.95322
9.38138 	-1.94513
9.38378 	-1.93707
9.38618 	-1.92904
9.38858 	-1.92103
9.39098 	-1.91305
9.39337 	-1.9051
9.39577 	-1.89718
9.39817 	-1.88928
9.40057 	-1.8814
9.40297 	-1.87356
9.40536 	-1.86573
9.40776 	-1.85794
9.41016 	-1.85017
9.41256 	-1.84243
9.41496 	-1.83471
9.41735 	-1.82702
9.41975 	-1.81935
9.42215 	-1.81171
9.42455 	-1.8041
9.42695 	-1.79651
9.42934 	-1.78895
9.43174 	-1.78141
9.43414 	-1.77389
9.43654 	-1.76641
9.43894 	-1.75894
9.44133 	-1.75151
9.44373 	-1.74409
9.44613 	-1.7367
9.44853 	-1.72934
9.45093 	-1.722
9.45332 	-1.71469
9.45572 	-1.7074
9.45812 	-1.70014
9.46052 	-1.6929
9.46292 	-1.68568
9.46531 	-1.67849
9.46771 	-1.67132
9.47011 	-1.66418
9.47251 	-1.65706
9.47491 	-1.64996
9.4773 	-1.64289
9.4797 	-1.63585
9.4821 	-1.62882
9.4845 	-1.62182
9.4869 	-1.61485
9.48929 	-1.60789
9.49169 	-1.60097
9.49409 	-1.59406
9.49649 	-1.58718
9.49889 	-1.58032
9.50128 	-1.57348
9.50368 	-1.56667
9.50608 	-1.55988
9.50848 	-1.55312
9.51088 	-1.54637
9.51327 	-1.53965
9.51567 	-1.53296
9.51807 	-1.52628
9.52047 	-1.51963
9.52287 	-1.513
9.52526 	-1.50639
9.52766 	-1.49981
9.53006 	-1.49325
9.53246 	-1.48671
9.53486 	-1.48019
9.53725 	-1.4737
9.53965 	-1.46722
9.54205 	-1.46077
9.54445 	-1.45435
9.54685 	-1.44794
9.54924 	-1.44155
9.55164 	-1.43519
9.55404 	-1.42885
9.55644 	-1.42253
9.55884 	-1.41623
9.56123 	-1.40996
9.56363 	-1.4037
9.56603 	-1.39747
9.56843 	-1.39126
9.57083 	-1.38506
9.57322 	-1.3789
9.57562 	-1.37275
9.57802 	-1.36662
9.58042 	-1.36051
9.58282 	-1.35443
9.58521 	-1.34836
9.58761 	-1.34232
9.59001 	-1.3363
9.59241 	-1.3303
9.59481 	-1.32431
9.5972 	-1.31835
9.5996 	-1.31241
9.602 	-1.30649
9.6044 	-1.30059
9.6068 	-1.29471
9.60919 	-1.28886
9.61159 	-1.28302
9.61399 	-1.2772
9.61639 	-1.2714
9.61879 	-1.26562
9.62118 	-1.25986
9.62358 	-1.25413
9.62598 	-1.24841
9.62838 	-1.24271
9.63078 	-1.23703
9.63317 	-1.23137
9.63557 	-1.22573
9.63797 	-1.22011
9.64037 	-1.21451
9.64277 	-1.20893
9.64516 	-1.20337
9.64756 	-1.19782
9.64996 	-1.1923
9.65236 	-1.18679
9.65476 	-1.18131
9.65715 	-1.17584
9.65955 	-1.1704
9.66195 	-1.16497
9.66435 	-1.15956
9.66675 	-1.15417
9.66914 	-1.1488
9.67154 	-1.14344
9.67394 	-1.13811
9.67634 	-1.13279
9.67874 	-1.12749
9.68113 	-1.12222
9.68353 	-1.11696
9.68593 	-1.11171
9.68833 	-1.10649
9.69073 	-1.10128
9.69312 	-1.0961
9.69552 	-1.09093
9.69792 	-1.08578
9.70032 	-1.08064
9.70272 	-1.07553
9.70511 	-1.07043
9.70751 	-1.06535
9.70991 	-1.06029
9.71231 	-1.05524
9.71471 	-1.05022
9.7171 	-1.04521
9.7195 	-1.04022
9.7219 	-1.03524
9.7243 	-1.03029
9.7267 	-1.02535
9.72909 	-1.02043
9.73149 	-1.01552
9.73389 	-1.01064
9.73629 	-1.00577
9.73869 	-1.00091
9.74108 	-0.996077
9.74348 	-0.991258
9.74588 	-0.986456
9.74828 	-0.981671
9.75068 	-0.976903
9.75307 	-0.972151
9.75547 	-0.967417
9.75787 	-0.962699
9.76027 	-0.957998
9.76267 	-0.953313
9.76506 	-0.948645
9.76746 	-0.943993
9.76986 	-0.939358
9.77226 	-0.934739
9.77466 	-0.930136
9.77705 	-0.92555
9.77945 	-0.92098
9.78185 	-0.916426
9.78425 	-0.911888
9.78665 	-0.907366
9.78904 	-0.90286
9.79144 	-0.89837
9.79384 	-0.893896
9.79624 	-0.889438
9.79864 	-0.884995
9.80103 	-0.880569
9.80343 	-0.876158
9.80583 	-0.871762
9.80823 	-0.867383
9.81063 	-0.863019
9.81302 	-0.85867
9.81542 	-0.854337
9.81782 	-0.850019
9.82022 	-0.845716
9.82262 	-0.841429
9.82501 	-0.837157
9.82741 	-0.8329
9.82981 	-0.828658
9.83221 	-0.824432
9.83461 	-0.82022
9.837 	-0.816024
9.8394 	-0.811842
9.8418 	-0.807675
9.8442 	-0.803524
9.8466 	-0.799387
9.84899 	-0.795264
9.85139 	-0.791157
9.85379 	-0.787064
9.85619 	-0.782985
9.85859 	-0.778922
9.86098 	-0.774872
9.86338 	-0.770837
9.86578 	-0.766817
9.86818 	-0.762811
9.87058 	-0.758819
9.87297 	-0.754842
9.87537 	-0.750879
9.87777 	-0.74693
9.88017 	-0.742995
9.88257 	-0.739074
9.88496 	-0.735168
9.88736 	-0.731275
9.88976 	-0.727396
9.89216 	-0.723531
9.89456 	-0.71968
9.89695 	-0.715843
9.89935 	-0.71202
9.90175 	-0.70821
9.90415 	-0.704414
9.90655 	-0.700632
9.90894 	-0.696863
9.91134 	-0.693108
9.91374 	-0.689366
9.91614 	-0.685637
9.91854 	-0.681923
9.92093 	-0.678221
9.92333 	-0.674533
9.92573 	-0.670858
9.92813 	-0.667196
9.93053 	-0.663548
9.93292 	-0.659913
9.93532 	-0.65629
9.93772 	-0.652681
9.94012 	-0.649085
9.94252 	-0.645502
9.94491 	-0.641932
9.94731 	-0.638374
9.94971 	-0.63483
9.95211 	-0.631298
9.95451 	-0.627779
9.9569 	-0.624273
9.9593 	-0.62078
9.9617 	-0.617299
9.9641 	-0.613831
9.9665 	-0.610375
9.96889 	-0.606932
9.97129 	-0.603501
9.97369 	-0.600083
9.97609 	-0.596677
9.97849 	-0.593283
9.98088 	-0.589902
9.98328 	-0.586533
9.98568 	-0.583176
9.98808 	-0.579831
9.99048 	-0.576499
9.99287 	-0.573178
9.99527 	-0.56987
9.99767 	-0.566574
10.0001 	-0.563289
10.0025 	-0.560017
10.0049 	-0.556756
10.0073 	-0.553508
10.0097 	-0.550271
10.0121 	-0.547046
10.0145 	-0.543833
10.0169 	-0.540631
10.0193 	-0.537441
10.0216 	-0.534263
10.024 	-0.531096
10.0264 	-0.527941
10.0288 	-0.524797
10.0312 	-0.521665
10.0336 	-0.518544
10.036 	-0.515435
10.0384 	-0.512337
10.0408 	-0.50925
10.0432 	-0.506175
10.0456 	-0.503111
10.048 	-0.500058
10.0504 	-0.497016
10.0528 	-0.493985
10.0552 	-0.490965
10.0576 	-0.487957
10.06 	-0.484959
10.0624 	-0.481973
10.0648 	-0.478997
10.0672 	-0.476032
10.0696 	-0.473078
10.072 	-0.470135
10.0744 	-0.467203
10.0768 	-0.464282
10.0792 	-0.461371
10.0816 	-0.458471
10.084 	-0.455581
10.0864 	-0.452703
10.0888 	-0.449834
10.0912 	-0.446977
10.0936 	-0.444129
10.096 	-0.441293
10.0984 	-0.438466
10.1008 	-0.435651
10.1032 	-0.432845
10.1056 	-0.43005
10.108 	-0.427265
10.1104 	-0.42449
10.1128 	-0.421726
10.1152 	-0.418971
10.1176 	-0.416227
10.12 	-0.413493
10.1224 	-0.41077
10.1248 	-0.408056
10.1272 	-0.405352
10.1296 	-0.402658
10.132 	-0.399974
10.1344 	-0.3973
10.1368 	-0.394636
10.1392 	-0.391982
10.1416 	-0.389337
10.1439 	-0.386703
10.1463 	-0.384078
10.1487 	-0.381463
10.1511 	-0.378857
10.1535 	-0.376261
10.1559 	-0.373675
10.1583 	-0.371098
10.1607 	-0.368531
10.1631 	-0.365974
10.1655 	-0.363426
10.1679 	-0.360887
10.1703 	-0.358358
10.1727 	-0.355838
10.1751 	-0.353327
10.1775 	-0.350826
10.1799 	-0.348334
10.1823 	-0.345852
10.1847 	-0.343378
10.1871 	-0.340914
10.1895 	-0.338459
10.1919 	-0.336013
10.1943 	-0.333576
10.1967 	-0.331149
10.1991 	-0.32873
10.2015 	-0.32632
10.2039 	-0.32392
10.2063 	-0.321528
10.2087 	-0.319145
10.2111 	-0.316771
10.2135 	-0.314406
10.2159 	-0.31205
10.2183 	-0.309702
10.2207 	-0.307364
10.2231 	-0.305034
10.2255 	-0.302712
10.2279 	-0.3004
10.2303 	-0.298096
10.2327 	-0.2958
10.2351 	-0.293514
10.2375 	-0.291236
10.2399 	-0.288966
10.2423 	-0.286705
10.2447 	-0.284452
10.2471 	-0.282208
10.2495 	-0.279972
10.2519 	-0.277745
10.2543 	-0.275525
10.2567 	-0.273315
10.2591 	-0.271112
10.2614 	-0.268918
10.2638 	-0.266732
10.2662 	-0.264554
10.2686 	-0.262385
10.271 	-0.260223
10.2734 	-0.25807
10.2758 	-0.255925
10.2782 	-0.253787
10.2806 	-0.251658
10.283 	-0.249537
10.2854 	-0.247424
10.2878 	-0.245319
10.2902 	-0.243222
10.2926 	-0.241132
10.295 	-0.239051
10.2974 	-0.236977
10.2998 	-0.234912
10.3022 	-0.232854
10.3046 	-0.230803
10.307 	-0.228761
10.3094 	-0.226726
10.3118 	-0.224699
10.3142 	-0.22268
10.3166 	-0.220668
10.319 	-0.218664
10.3214 	-0.216667
10.3238 	-0.214678
10.3262 	-0.212696
10.3286 	-0.210722
10.331 	-0.208756
10.3334 	-0.206797
10.3358 	-0.204845
10.3382 	-0.202901
10.3406 	-0.200964
10.343 	-0.199034
10.3454 	-0.197112
10.3478 	-0.195197
10.3502 	-0.193289
10.3526 	-0.191389
10.355 	-0.189496
10.3574 	-0.18761
10.3598 	-0.185731
10.3622 	-0.183859
10.3646 	-0.181994
10.367 	-0.180137
10.3694 	-0.178286
10.3718 	-0.176443
10.3742 	-0.174607
10.3766 	-0.172777
10.379 	-0.170955
10.3813 	-0.16914
10.3837 	-0.167331
10.3861 	-0.165529
10.3885 	-0.163735
10.3909 	-0.161947
10.3933 	-0.160166
10.3957 	-0.158391
10.3981 	-0.156624
10.4005 	-0.154863
10.4029 	-0.153109
10.4053 	-0.151362
10.4077 	-0.149621
10.4101 	-0.147887
10.4125 	-0.14616
10.4149 	-0.144439
10.4173 	-0.142725
10.4197 	-0.141017
10.4221 	-0.139316
10.4245 	-0.137622
10.4269 	-0.135934
10.4293 	-0.134252
10.4317 	-0.132577
10.4341 	-0.130909
10.4365 	-0.129247
10.4389 	-0.127591
10.4413 	-0.125941
10.4437 	-0.124298
10.4461 	-0.122661
10.4485 	-0.121031
10.4509 	-0.119407
10.4533 	-0.117789
10.4557 	-0.116177
10.4581 	-0.114571
10.4605 	-0.112972
10.4629 	-0.111379
10.4653 	-0.109792
10.4677 	-0.108211
10.4701 	-0.106636
10.4725 	-0.105067
10.4749 	-0.103505
10.4773 	-0.101948
10.4797 	-0.100397
10.4821 	-0.0988527
10.4845 	-0.0973141
10.4869 	-0.0957814
10.4893 	-0.0942546
10.4917 	-0.0927337
10.4941 	-0.0912187
10.4965 	-0.0897096
10.4989 	-0.0882064
10.5013 	-0.0867089
10.5036 	-0.0852173
10.506 	-0.0837315
10.5084 	-0.0822514
10.5108 	-0.080777
10.5132 	-0.0793084
10.5156 	-0.0778455
10.518 	-0.0763883
10.5204 	-0.0749368
10.5228 	-0.0734908
10.5252 	-0.0720506
10.5276 	-0.0706159
10.53 	-0.0691868
10.5324 	-0.0677633
10.5348 	-0.0663453
10.5372 	-0.0649328
10.5396 	-0.0635259
10.542 	-0.0621244
10.5444 	-0.0607284
10.5468 	-0.0593378
10.5492 	-0.0579527
10.5516 	-0.056573
10.554 	-0.0551987
10.5564 	-0.0538297
10.5588 	-0.0524662
10.5612 	-0.0511079
10.5636 	-0.0497549
10.566 	-0.0484073
10.5684 	-0.0470649
10.5708 	-0.0457278
10.5732 	-0.0443959
10.5756 	-0.0430693
10.578 	-0.0417478
10.5804 	-0.0404315
10.5828 	-0.0391204
10.5852 	-0.0378145
10.5876 	-0.0365136
10.59 	-0.0352179
10.5924 	-0.0339273
10.5948 	-0.0326417
10.5972 	-0.0313612
10.5996 	-0.0300858
10.602 	-0.0288154
10.6044 	-0.0275499
10.6068 	-0.0262895
10.6092 	-0.025034
10.6116 	-0.0237835
10.614 	-0.0225379
10.6164 	-0.0212972
10.6188 	-0.0200614
10.6212 	-0.0188305
10.6235 	-0.0176044
10.6259 	-0.0163832
10.6283 	-0.0151669
10.6307 	-0.0139553
10.6331 	-0.0127485
10.6355 	-0.0115466
10.6379 	-0.0103493
10.6403 	-0.00915683
10.6427 	-0.00796906
10.6451 	-0.00678601
10.6475 	-0.00560764
10.6499 	-0.00443395
10.6523 	-0.00326492
10.6547 	-0.00210053
10.6571 	-0.000940764
10.6595 	0.000214392
10.6619 	0.00136496
10.6643 	0.00251094
10.6667 	0.00365237
10.6691 	0.00478926
10.6715 	0.00592162
10.6739 	0.00704946
10.6763 	0.00817282
10.6787 	0.00929169
10.6811 	0.0104061
10.6835 	0.0115161
10.6859 	0.0126216
10.6883 	0.0137227
10.6907 	0.0148194
10.6931 	0.0159118
10.6955 	0.0169997
10.6979 	0.0180834
10.7003 	0.0191626
10.7027 	0.0202376
10.7051 	0.0213083
10.7075 	0.0223746
10.7099 	0.0234367
10.7123 	0.0244945
10.7147 	0.0255481
10.7171 	0.0265975
10.7195 	0.0276426
10.7219 	0.0286836
10.7243 	0.0297203
10.7267 	0.0307529
10.7291 	0.0317813
10.7315 	0.0328056
10.7339 	0.0338258
10.7363 	0.0348419
10.7387 	0.0358538
10.741 	0.0368617
10.7434 	0.0378656
10.7458 	0.0388653
10.7482 	0.0398611
10.7506 	0.0408528
10.753 	0.0418405
10.7554 	0.0428242
10.7578 	0.0438039
10.7602 	0.0447797
10.7626 	0.0457515
10.765 	0.0467194
10.7674 	0.0476834
10.7698 	0.0486435
10.7722 	0.0495996
10.7746 	0.0505519
10.777 	0.0515003
10.7794 	0.0524449
10.7818 	0.0533856
10.7842 	0.0543225
10.7866 	0.0552556
10.789 	0.0561849
10.7914 	0.0571105
10.7938 	0.0580322
10.7962 	0.0589502
10.7986 	0.0598645
10.801 	0.060775
10.8034 	0.0616818
10.8058 	0.0625849
10.8082 	0.0634843
10.8106 	0.0643801
10.813 	0.0652721
10.8154 	0.0661606
10.8178 	0.0670454
10.8202 	0.0679265
10.8226 	0.0688041
10.825 	0.0696781
10.8274 	0.0705485
10.8298 	0.0714153
10.8322 	0.0722785
10.8346 	0.0731382
10.837 	0.0739944
10.8394 	0.0748471
10.8418 	0.0756962
10.8442 	0.0765419
10.8466 	0.0773841
10.849 	0.0782228
10.8514 	0.0790581
10.8538 	0.0798899
10.8562 	0.0807183
10.8586 	0.0815432
10.8609 	0.0823648
10.8633 	0.0831829
10.8657 	0.0839977
10.8681 	0.0848091
10.8705 	0.0856172
10.8729 	0.0864219
10.8753 	0.0872233
10.8777 	0.0880213
10.8801 	0.0888161
10.8825 	0.0896075
10.8849 	0.0903957
10.8873 	0.0911806
10.8897 	0.0919622
10.8921 	0.0927406
10.8945 	0.0935157
10.8969 	0.0942876
10.8993 	0.0950563
10.9017 	0.0958218
10.9041 	0.0965842
10.9065 	0.0973433
10.9089 	0.0980992
10.9113 	0.0988521
10.9137 	0.0996017
10.9161 	0.100348
10.9185 	0.101092
10.9209 	0.101832
10.9233 	0.102569
10.9257 	0.103303
10.9281 	0.104034
10.9305 	0.104762
10.9329 	0.105487
10.9353 	0.106209
10.9377 	0.106928
10.9401 	0.107644
10.9425 	0.108356
10.9449 	0.109066
10.9473 	0.109773
10.9497 	0.110477
10.9521 	0.111178
10.9545 	0.111876
10.9569 	0.112571
10.9593 	0.113263
10.9617 	0.113952
10.9641 	0.114638
10.9665 	0.115321
10.9689 	0.116002
10.9713 	0.116679
10.9737 	0.117354
10.9761 	0.118026
10.9785 	0.118695
10.9809 	0.119361
10.9832 	0.120024
10.9856 	0.120684
10.988 	0.121342
10.9904 	0.121997
10.9928 	0.122649
10.9952 	0.123298
10.9976 	0.123945
11 	0.124588
11.0024 	0.125229
11.0048 	0.125868
11.0072 	0.126503
11.0096 	0.127136
11.012 	0.127766
11.0144 	0.128393
11.0168 	0.129018
11.0192 	0.12964
11.0216 	0.130259
11.024 	0.130876
11.0264 	0.13149
11.0288 	0.132102
11.0312 	0.13271
11.0336 	0.133317
11.036 	0.13392
11.0384 	0.134521
11.0408 	0.135119
11.0432 	0.135715
11.0456 	0.136308
11.048 	0.136899
11.0504 	0.137487
11.0528 	0.138073
11.0552 	0.138656
11.0576 	0.139236
11.06 	0.139814
11.0624 	0.14039
11.0648 	0.140963
11.0672 	0.141533
11.0696 	0.142101
11.072 	0.142667
11.0744 	0.14323
11.0768 	0.14379
11.0792 	0.144348
11.0816 	0.144904
11.084 	0.145457
11.0864 	0.146008
11.0888 	0.146557
11.0912 	0.147103
11.0936 	0.147646
11.096 	0.148188
11.0984 	0.148727
11.1007 	0.149263
11.1031 	0.149797
11.1055 	0.150329
11.1079 	0.150859
11.1103 	0.151386
11.1127 	0.151911
11.1151 	0.152433
11.1175 	0.152954
11.1199 	0.153472
11.1223 	0.153987
11.1247 	0.154501
11.1271 	0.155012
11.1295 	0.15552
11.1319 	0.156027
11.1343 	0.156531
11.1367 	0.157034
11.1391 	0.157533
11.1415 	0.158031
11.1439 	0.158526
11.1463 	0.15902
11.1487 	0.159511
11.1511 	0.16
11.1535 	0.160486
11.1559 	0.160971
11.1583 	0.161453
11.1607 	0.161933
11.1631 	0.162411
11.1655 	0.162887
11.1679 	0.163361
11.1703 	0.163833
11.1727 	0.164302
11.1751 	0.164769
11.1775 	0.165235
11.1799 	0.165698
11.1823 	0.166159
11.1847 	0.166618
11.1871 	0.167075
11.1895 	0.16753
11.1919 	0.167983
11.1943 	0.168434
11.1967 	0.168882
11.1991 	0.169329
11.2015 	0.169774
11.2039 	0.170216
11.2063 	0.170657
11.2087 	0.171096
11.2111 	0.171532
11.2135 	0.171967
11.2159 	0.1724
11.2183 	0.172831
11.2206 	0.173259
11.223 	0.173686
11.2254 	0.174111
11.2278 	0.174534
11.2302 	0.174955
11.2326 	0.175374
11.235 	0.175791
11.2374 	0.176206
11.2398 	0.17662
11.2422 	0.177031
11.2446 	0.17744
11.247 	0.177848
11.2494 	0.178254
11.2518 	0.178658
11.2542 	0.17906
11.2566 	0.17946
11.259 	0.179858
11.2614 	0.180254
11.2638 	0.180649
11.2662 	0.181042
11.2686 	0.181433
11.271 	0.181822
11.2734 	0.182209
11.2758 	0.182595
11.2782 	0.182978
11.2806 	0.18336
11.283 	0.18374
11.2854 	0.184119
11.2878 	0.184495
11.2902 	0.18487
11.2926 	0.185243
11.295 	0.185614
11.2974 	0.185984
11.2998 	0.186352
11.3022 	0.186718
11.3046 	0.187082
11.307 	0.187445
11.3094 	0.187805
11.3118 	0.188165
11.3142 	0.188522
11.3166 	0.188878
11.319 	0.189232
11.3214 	0.189584
11.3238 	0.189935
11.3262 	0.190284
11.3286 	0.190632
11.331 	0.190977
11.3334 	0.191322
11.3358 	0.191664
11.3382 	0.192005
11.3406 	0.192344
11.3429 	0.192682
11.3453 	0.193018
11.3477 	0.193352
11.3501 	0.193685
11.3525 	0.194016
11.3549 	0.194345
11.3573 	0.194673
11.3597 	0.194999
11.3621 	0.195324
11.3645 	0.195647
11.3669 	0.195969
11.3693 	0.196289
11.3717 	0.196608
11.3741 	0.196925
11.3765 	0.19724
11.3789 	0.197554
11.3813 	0.197866
11.3837 	0.198177
11.3861 	0.198486
11.3885 	0.198794
11.3909 	0.1991
11.3933 	0.199405
11.3957 	0.199708
11.3981 	0.20001
11.4005 	0.20031
11.4029 	0.200609
11.4053 	0.200907
11.4077 	0.201202
11.4101 	0.201497
11.4125 	0.20179
11.4149 	0.202081
11.4173 	0.202371
11.4197 	0.20266
11.4221 	0.202947
11.4245 	0.203233
11.4269 	0.203517
11.4293 	0.2038
11.4317 	0.204081
11.4341 	0.204361
11.4365 	0.20464
11.4389 	0.204917
11.4413 	0.205193
11.4437 	0.205467
11.4461 	0.20574
11.4485 	0.206012
11.4509 	0.206282
11.4533 	0.206551
11.4557 	0.206819
11.4581 	0.207085
11.4604 	0.20735
11.4628 	0.207614
11.4652 	0.207876
11.4676 	0.208137
11.47 	0.208396
11.4724 	0.208654
11.4748 	0.208911
11.4772 	0.209167
11.4796 	0.209421
11.482 	0.209674
11.4844 	0.209925
11.4868 	0.210176
11.4892 	0.210425
11.4916 	0.210672
11.494 	0.210919
11.4964 	0.211164
11.4988 	0.211408
11.5012 	0.21165
11.5036 	0.211892
11.506 	0.212132
11.5084 	0.212371
11.5108 	0.212608
11.5132 	0.212844
11.5156 	0.213079
11.518 	0.213313
11.5204 	0.213546
11.5228 	0.213777
11.5252 	0.214007
11.5276 	0.214236
11.53 	0.214464
11.5324 	0.214691
11.5348 	0.214916
11.5372 	0.21514
11.5396 	0.215363
11.542 	0.215585
11.5444 	0.215805
11.5468 	0.216025
11.5492 	0.216243
11.5516 	0.21646
11.554 	0.216676
11.5564 	0.21689
11.5588 	0.217104
11.5612 	0.217316
11.5636 	0.217527
11.566 	0.217738
11.5684 	0.217946
11.5708 	0.218154
11.5732 	0.218361
11.5756 	0.218566
11.578 	0.218771
11.5803 	0.218974
11.5827 	0.219176
11.5851 	0.219377
11.5875 	0.219577
11.5899 	0.219776
11.5923 	0.219974
11.5947 	0.22017
11.5971 	0.220366
11.5995 	0.22056
11.6019 	0.220754
11.6043 	0.220946
11.6067 	0.221137
11.6091 	0.221327
11.6115 	0.221516
11.6139 	0.221705
11.6163 	0.221891
11.6187 	0.222077
11.6211 	0.222262
11.6235 	0.222446
11.6259 	0.222629
11.6283 	0.222811
11.6307 	0.222991
11.6331 	0.223171
11.6355 	0.223349
11.6379 	0.223527
11.6403 	0.223704
11.6427 	0.223879
11.6451 	0.224054
11.6475 	0.224227
11.6499 	0.2244
11.6523 	0.224571
11.6547 	0.224742
11.6571 	0.224912
11.6595 	0.22508
11.6619 	0.225248
11.6643 	0.225414
11.6667 	0.22558
11.6691 	0.225745
11.6715 	0.225908
11.6739 	0.226071
11.6763 	0.226233
11.6787 	0.226394
11.6811 	0.226553
11.6835 	0.226712
11.6859 	0.22687
11.6883 	0.227027
11.6907 	0.227183
11.6931 	0.227338
11.6955 	0.227493
11.6979 	0.227646
11.7003 	0.227798
11.7026 	0.22795
11.705 	0.2281
11.7074 	0.22825
11.7098 	0.228398
11.7122 	0.228546
11.7146 	0.228693
11.717 	0.228839
11.7194 	0.228984
11.7218 	0.229128
11.7242 	0.229271
11.7266 	0.229414
11.729 	0.229555
11.7314 	0.229696
11.7338 	0.229836
11.7362 	0.229974
11.7386 	0.230112
11.741 	0.23025
11.7434 	0.230386
11.7458 	0.230521
11.7482 	0.230656
11.7506 	0.230789
11.753 	0.230922
11.7554 	0.231054
11.7578 	0.231185
11.7602 	0.231316
11.7626 	0.231445
11.765 	0.231574
11.7674 	0.231701
11.7698 	0.231828
11.7722 	0.231955
11.7746 	0.23208
11.777 	0.232204
11.7794 	0.232328
11.7818 	0.232451
11.7842 	0.232573
11.7866 	0.232694
11.789 	0.232815
11.7914 	0.232934
11.7938 	0.233053
11.7962 	0.233171
11.7986 	0.233288
11.801 	0.233405
11.8034 	0.233521
11.8058 	0.233635
11.8082 	0.23375
11.8106 	0.233863
11.813 	0.233976
11.8154 	0.234087
11.8178 	0.234198
11.8201 	0.234309
11.8225 	0.234418
11.8249 	0.234527
11.8273 	0.234635
11.8297 	0.234742
11.8321 	0.234849
11.8345 	0.234954
11.8369 	0.235059
11.8393 	0.235164
11.8417 	0.235267
11.8441 	0.23537
11.8465 	0.235472
11.8489 	0.235573
11.8513 	0.235674
11.8537 	0.235774
11.8561 	0.235873
11.8585 	0.235972
11.8609 	0.236069
11.8633 	0.236166
11.8657 	0.236263
11.8681 	0.236358
11.8705 	0.236453
11.8729 	0.236547
11.8753 	0.236641
11.8777 	0.236734
11.8801 	0.236826
11.8825 	0.236917
11.8849 	0.237008
11.8873 	0.237098
11.8897 	0.237187
11.8921 	0.237276
11.8945 	0.237364
11.8969 	0.237451
11.8993 	0.237538
11.9017 	0.237624
11.9041 	0.237709
11.9065 	0.237794
11.9089 	0.237878
11.9113 	0.237961
11.9137 	0.238044
11.9161 	0.238126
11.9185 	0.238207
11.9209 	0.238288
11.9233 	0.238368
11.9257 	0.238448
11.9281 	0.238526
11.9305 	0.238605
11.9329 	0.238682
11.9353 	0.238759
11.9377 	0.238835
11.94 	0.238911
11.9424 	0.238986
11.9448 	0.23906
11.9472 	0.239134
11.9496 	0.239207
11.952 	0.23928
11.9544 	0.239352
11.9568 	0.239423
11.9592 	0.239494
11.9616 	0.239564
11.964 	0.239633
11.9664 	0.239702
11.9688 	0.23977
11.9712 	0.239838
11.9736 	0.239905
11.976 	0.239971
11.9784 	0.240037
11.9808 	0.240103
11.9832 	0.240167
11.9856 	0.240232
11.988 	0.240295
11.9904 	0.240358
11.9928 	0.24042
11.9952 	0.240482
11.9976 	0.240544
