3555
101640 0
101650 0
101660 0
101660 -0.0115856
101670 0
101670 -1.15435e-17
101680 0
101680 -0.219811
101690 0
101690 3.2018e-17
101700 0
101700 0.0265367
102420 0
102430 0
102440 0
102440 -0.0137249
102450 0
102450 0.0205873
102460 0
102460 -0.11686
102470 0
102470 0.138172
102480 0
102480 -0.0621513
102490 0
102490 -0.0410348
102500 0
102500 0.0161759
103200 0
103210 0
103220 0
103220 -0.017943
103230 0
103230 0.0484128
103240 0
103240 -0.0621435
103250 0
103250 0.144159
103260 0
103260 0.00789536
103270 0
103270 0.0359275
103280 0
103280 -0.0506754
103290 0
103290 -0.0356374
103300 0
103300 0.0146454
104000 0
104000 -0.0251738
104010 0
104010 0.13015
104020 0
104020 -0.00639531
104030 0
104030 0.110977
104040 0
104040 0.0492789
104050 0
104050 -0.0128915
104060 0
104060 -0.032147
104070 0
104070 0.0714875
104080 0
104080 -0.0333716
104090 0
104090 -0.0501611
104100 0
104100 0.0143631
104800 0
104810 0
104820 0
104820 -0.0111934
104830 0
104830 0.00830637
104840 0
104840 -0.0695771
104850 0
104850 0.136382
104860 0
104860 -0.0336824
104870 0
104870 0.015373
104880 0
104880 -0.0157042
104890 0
104890 -0.0579137
104900 0
104900 0.0138796
105620 0
105630 0
105640 0
105640 0.012953
105650 0
105650 -0.085151
105660 0
105660 -0.0124743
105670 0.00584573
105670 -0.00743231
105680 -0.00253573
105680 0.00609591
105690 0.00770496
105690 -0.0690981
105700 0.00112091
105700 0.013239
10640 0
106440 0
106450 0
106460 0
106460 0.0148529
106470 0.00420544
106470 -0.0985046
106480 0.00568491
106480 0.0142531
106490 0.0141672
106490 -0.0692537
10650 0
106500 0.0030724
106500 0.0105198
10660 0.0730027
10670 0
10680 0
107260 0
107270 0
107280 0.00688009
107280 0.00688668
107290 0.0121549
107290 -0.0530138
107300 0.00572234
107300 0.00663205
108080 0
108090 0
108100 0.0025508
108100 0.00522382
108860 0
108870 0
108880 -0.00926824
108880 0.101952
108890 0
108900 0
109640 0
109650 0
109660 -0.041763
109660 0.0765659
109670 0
109680 0
110420 0
110430 0
110440 -0.0610254
110450 0
110460 0
111200 0
111210 0
111220 -0.0851824
111230 0
111240 0
111520 0
111530 0
111540 0
111540 -9.08938e-17
111550 0
111550 -0.0341937
111560 0
111560 5.70468e-17
111570 0
111570 -0.220239
111580 0
111580 -6.14575e-18
111590 0
111590 0.0618141
111600 0
111600 -7.73368e-18
112000 -0.171818
112010 0
112020 0
112300 0
112310 0
112320 0
112320 0.00858268
112330 0
112330 -0.0572828
112340 0
112340 0.0455135
112350 0
112350 -0.165417
112360 0
112360 0.12132
112370 0
112370 -0.0437261
112380 0
112380 -0.0692725
112390 0
112390 0.0386499
112400 0
112400 0.009533
113100 0
113100 0.148014
113110 0
113110 -0.141126
113120 0
113120 0.161944
113130 0
113130 -0.123676
113140 0
113140 0.157667
113150 0
113150 -0.00808907
113160 0
113160 -0.0252973
113170 0
113170 -0.0416189
113180 0
113180 -0.0521112
113190 0
113190 0.0359201
113200 0
113200 0.0131495
113900 0
113910 0
113920 0
113920 -0.0202846
113930 0
113930 0.00410385
113940 0
113940 -0.0705567
113950 0
113950 -0.0697893
113960 0
113960 0.0272314
113970 0
113970 -0.00675516
113980 0
113980 -0.0742707
113990 0
113990 0.0331099
114000 0
114000 0.0215877
11420 0
11430 0
11440 0.067305
11450 0
11460 0
114720 0
114730 0
114740 0
114740 0.000291376
114750 0
114750 0.0454063
114760 0
114760 -0.125082
114770 0
114770 0.0212153
114780 0.00252395
114780 -0.0592185
114790 0.00296107
114790 0.0274544
114800 0
114800 0.0319247
115540 0
115550 0
115560 0
115560 0.0407059
115570 0
115570 0.0281966
115580 0.00170341
115580 -0.0395516
115590 0.00557333
115590 0.0201537
115600 0
115600 0.0469085
116360 0
116370 0
116380 0.00031921
116380 0.0699676
116390 0.00534122
116390 0.00663204
116400 0.00207336
116400 0.0641
117180 0
117190 0
117200 0.000883266
117200 0.0841977
117960 0
117970 0
117980 0.0383067
117980 0.116661
117990 0.114867
117990 0.186659
118000 0.0208538
118000 -0.0257583
118740 0
118750 0
118760 0.0484911
118760 0.0982256
118770 0.0504339
118770 0.158026
118780 0.0445803
118780 0.0843597
118790 0
118800 0
119520 0
119530 0
119540 0.0565067
119540 0.0945395
119550 0.00651988
119550 0.153219
119560 0.0456124
119560 0.0826924
119570 0
119580 0
120300 0
120310 0
120320 0.0738545
120330 -0.0250697
120340 0.0492365
120350 0
120360 0
121100 0.183898
121110 -0.0647491
121120 0.0588944
121130 0
121140 0
121400 0
121410 0
121420 0
121420 -0.0151384
121430 0
121430 -5.79111e-16
121440 0
121440 -0.0785982
121450 0
121450 -3.34493e-16
121460 0
121460 -0.202473
121470 0
121470 2.06702e-17
121480 0
121480 0.11013
121490 0
121490 3.81658e-17
121500 0
121500 -0.0142003
12200 0
12210 0
122200 0
122200 -0.185178
12220 0.0764534
122210 0
122210 0.0703786
122220 0
122220 -0.200523
122230 0
122230 0.0841672
122240 0
122240 -0.191038
122250 0
122250 0.0778232
122260 0
122260 0.0256318
122270 0
122270 -0.0992901
122280 0
122280 0.0606956
122290 0
122290 0.0285072
12230 0
122300 0
122300 -0.0140777
12240 0
123000 0
123010 0
123020 0
123020 0.0214518
123030 0
123030 -0.0487023
123040 0
123040 0.075309
123050 0
123050 -0.14502
123060 0
123060 -0.00146548
123070 0
123070 -0.0361424
123080 0
123080 0.0544471
123090 0
123090 0.0358505
123100 0
123100 -0.0163924
123820 0
123830 0
123840 0
123840 -0.00237049
123850 0
123850 0.0388411
123860 0
123860 0.0744501
123870 0
123870 -0.0567202
123880 0
123880 0.0359848
123890 0
123890 0.0574238
123900 0
123900 -0.0193645
124640 0
124650 0
124660 0
124660 -0.0230687
124670 0
124670 0.0981485
124680 0
124680 0.00723521
124690 0
124690 0.0708439
124700 0
124700 -0.0219291
125460 0
125470 0
125480 0
125480 -0.0269682
125490 0
125490 0.0823018
125500 0.00228181
125500 -0.0241484
126280 0
126290 0
126300 0.00154059
126300 -0.0257976
127060 0
127070 0
127080 -0.0153337
127080 0.0681944
127090 -0.0320805
127090 0.196184
127100 0.0124555
127100 0.0150338
127840 0
127850 0
127860 0.00162791
127860 0.0604713
127870 0.0132067
127870 0.167725
127880 0.0931776
127880 0.145917
127890 0.0082244
127890 0.108973
127900 0.0347481
127900 -0.0910045
128620 0
128630 0
128640 0.0105135
128640 0.0616105
128650 0.0435159
128650 0.167847
128660 0.0885552
128660 0.179238
128670 0.0271141
128670 0.107324
128680 -0.0268777
128680 0.0489539
128690 0
128700 0
129400 0
129410 0
129420 0.0207914
129420 0.0814939
129430 0.0732179
129430 0.190824
129440 0.0736536
129440 0.21304
129450 0.0394908
129450 0.119707
129460 -0.0115834
129460 0.0498893
129470 0
129480 0
13000 0.142961
13010 0
13020 0
130200 0.0817425
130210 0.15167
130220 0.0715526
130230 0.048573
130240 -0.00679134
130250 0
130260 0
131000 0
131010 0
131020 -0.0175492
131030 0
131040 0
131300 0
131300 2.56299e-16
131310 0
131310 -0.129006
131320 0
131320 7.91217e-17
131330 0
131330 -0.151989
131340 0
131340 -1.85618e-16
131350 0
131350 -0.136717
131360 0
131360 2.17289e-16
131370 0
131370 0.167397
131380 0
131380 6.20928e-17
131390 0
131390 -0.0454211
131400 0
131400 3.0204e-18
132100 0
132110 0
132120 0
132120 -0.00796882
132130 0
132130 0.0616955
132140 0
132140 -0.0422582
132150 0
132150 0.178159
132160 0
132160 -0.112643
132170 0
132170 0.0470944
132180 0
132180 0.0643179
132190 0
132190 -0.0416272
132200 0
132200 -0.00885117
132920 0
132930 0
132940 0
132940 0.0122019
132950 0
132950 -0.0403655
132960 0
132960 0.108109
132970 0
132970 0.0329882
132980 0
132980 0.0565825
132990 0
132990 -0.0466614
133000 0
133000 -0.0160554
133740 0
133750 0
133760 0
133760 -0.0170175
133770 0
133770 -0.0653379
133780 0
133780 0.0846365
133790 0
133790 -0.0474639
133800 0
133800 -0.030894
134560 0
134570 0
134580 0
134580 -0.0589752
134590 0
134590 -0.0382989
134600 0.00103096
134600 -0.0521391
135380 0
135390 0
135400 0.000848489
135400 -0.0983709
136160 0
136170 0
136180 0.017514
136180 -0.0309071
136190 -0.0725361
136190 0.108804
136200 0.00718843
136200 -0.0363722
136940 0
136950 0
136960 0.0172474
136960 -0.0407408
136970 -0.0371399
136970 0.0921745
136980 -0.0720526
136980 0.132862
136990 -0.0252758
136990 0.0706574
137000 -0.0128331
137000 0.03557
137720 0
137730 0
137740 0.0217224
137740 -0.0453639
137750 -0.0121645
137750 0.0957957
137760 -0.0484412
137760 0.172747
137770 0.0514726
137770 0.11914
137780 -0.0299919
137780 0.0735799
137790 0.053579
137790 -0.0790385
137800 -0.0273158
137800 0.0567205
138500 0
138510 0
138520 0.0415324
138520 -0.0547452
138530 0.0107094
138530 0.118956
138540 -0.0220386
138540 0.212909
138550 0.0802779
138550 0.164697
138560 -0.0214392
138560 0.100336
138570 0.0509896
138570 -0.061408
138580 -0.0297582
138580 0.0377098
138590 0
138600 0
139300 -0.110436
139300 0.253037
139310 0.0727561
139310 0.253938
139320 0.004813
139320 0.316157
139330 0.0956359
139330 0.218818
139340 -0.0166745
139340 0.121877
139350 -0.0563082
139350 0.0565343
139360 -0.0325664
139360 0.0332927
139370 0
139380 0
140100 0
140110 0
140120 -0.0553946
140130 -0.0888328
140140 -0.0369297
140150 0
140160 0
142020 0
142030 0
142040 0
142040 -0.015934
142050 0
142050 0.017733
142060 0
142060 -0.13567
142070 0
142070 0.119015
142080 0
142080 -0.0721549
142090 0
142090 -0.0353456
142100 0
142100 0.0187796
142840 0
142850 0
142860 0
142860 0.0175635
142870 0
142870 -0.0713431
142880 0
142880 -0.0665831
142890 0
142890 -0.0520574
142900 0
142900 0.0268255
143660 0
143670 0
143680 0
143680 0.0431113
143690 0
143690 -0.101526
143700 0
143700 0.0378094
144480 0
144490 0
144500 0
144500 0.0574032
145260 0
145270 0
145280 0
145280 0.0255429
145290 0.027518
145290 0.0450294
145300 0.00201942
145300 0.0023158
146040 0
146050 0
146060 0.00151148
146060 0.0126415
146070 -0.0185901
146070 0.022618
146080 -0.0546803
146080 0.069075
146090 -0.0130698
146090 0.0239224
146100 0.0205072
146100 0.0273219
146820 0
146830 0
146840 0.00504305
146840 0.00653231
146850 0.0269192
146850 -0.0566332
146860 -0.0495838
146860 0.0911763
146870 -0.0773293
146870 0.0879117
146880 -0.0148937
146880 0.0491435
146890 0.00472107
146890 0.0552653
146900 0.0232254
146900 0.0358053
147600 0
147610 0
147620 0.00298189
147620 0.0197378
147630 0.0464529
147630 -0.0954072
147640 -0.032699
147640 0.117451
147650 -0.0941208
147650 0.136396
147660 0.0199372
147660 0.0911707
147670 -0.024836
147670 0.0496956
147680 0.0339661
147680 -0.0528669
147690 0.00347522
147690 0.0477246
147700 0.0589648
147700 0.0732972
148400 0.00778665
148400 0.193962
148410 0.161426
148410 -0.2198
148420 -0.00401906
148420 0.196338
148430 -0.103045
148430 0.203869
148440 0.0441075
148440 0.127981
148450 -0.0331775
148450 0.0678953
148460 0.0356322
148460 -0.0715172
148470 -0.00854764
148470 0.0428782
148480 0.0321738
148480 0.0404091
148490 0
148500 0
149200 0
149210 0
149220 -0.000695755
149220 0.105585
149230 -0.0244291
149230 0.0737451
149240 0.0566457
149240 -0.0998134
149250 -0.0131761
149250 0.0463965
149260 0.0288577
149260 0.0359735
149270 0
149280 0
150020 0
150030 0
150040 0.0667949
150050 0
150060 0
151940 0
151950 0
151960 0
151960 -0.00575316
151970 0
151970 0.0921974
151980 0
151980 -0.114585
151990 0
151990 0.0674923
152000 0
152000 0.0147639
152760 0
152770 0
152780 0
152780 0.0378895
152790 0
152790 0.0918417
152800 0
152800 0.0330494
153580 0
153590 0
153600 0
153600 0.101603
154360 0
154370 0
154380 0
154380 0.0241106
154390 0
154390 0.0584479
154400 0
154400 0.0523244
155140 0
155150 0
155160 0.000373737
155160 0.0318251
155170 0
155170 0.0408779
155180 0.0168335
155180 0.080221
155190 0.00326091
155190 0.0292177
155200 0.0135535
155200 0.0186104
155920 0
155930 0
155940 0.00127025
155940 0.0306189
155950 0.00261147
155950 0.0269183
155960 0.0219171
155960 0.0290035
155970 -0.0292197
155970 0.0414836
155980 0.01853
155980 0.0201949
155990 0.0424282
155990 0.0487469
156000 0.0161052
156000 0.0187072
156700 0
156710 0
156720 0.00861124
156720 0.0251363
156730 0.01562
156730 0.0164023
156740 -0.0289716
156740 0.0324825
156750 -0.0461537
156750 0.0659404
156760 -0.0346372
156760 0.0581487
156770 0.0122914
156770 0.0300886
156780 0.0410448
156780 0.0437795
156790 0.0355006
156790 0.0506664
156800 0.0134333
156800 0.0254115
157500 -0.0566194
157500 0.111831
157510 -0.00545756
157510 0.108456
157520 0.0739627
157520 -0.127653
157530 -0.04767
157530 0.122987
157540 -0.0658292
157540 0.0882041
157550 0.0212463
157550 0.046461
157560 0.0310021
157560 0.0336176
157570 -0.0136556
157570 0.0373648
157580 0.0232662
157580 0.0296028
157590 0.0473828
157590 0.0644291
157600 0.0115612
157600 0.045534
158300 0
158310 0
158320 0.0383866
158320 0.0545169
158330 0.033794
158330 0.0530813
158340 0.057127
158340 0.0785919
158350 -0.0411712
158350 0.0504884
158360 0.0261084
158360 0.0297535
158370 0.0448196
158370 0.0650276
158380 0.0149947
158380 0.0238319
158390 0
158400 0
159120 0
159130 0
159140 0.0182544
159140 0.104817
159150 0.0799217
159150 0.0942487
159160 0.0147351
159160 0.0314456
159170 0
159180 0
161860 0
161870 0
161880 0
161880 -0.0508973
161890 0
161890 0.10503
161900 0
161900 -0.0442231
162680 0
162690 0
162700 0
162700 -0.101727
163460 0
163470 0
163480 0
163480 -0.0341215
163490 0
163490 -0.0629385
163500 0
163500 -0.0207999
164240 0
164250 0
164260 0
164260 -0.0204922
164270 0
164270 0.0226184
164280 0
164280 0.0342191
164290 0
164290 0.016326
164300 0.00352129
164300 -0.0204223
165020 0
165030 0
165040 0
165040 -0.0124586
165050 0.000503086
165050 0.0601692
165060 0
165060 0.0410434
165070 0.00969344
165070 0.100408
165080 0.00339621
165080 0.0155163
165090 -0.00223287
165090 0.0292682
165100 0.00367628
165100 -0.018657
165800 0
165810 0
165820 0.00196197
165820 -0.00642896
165830 0.00794666
165830 0.0887277
165840 0.00246386
165840 0.0360673
165850 0.0146339
165850 0.0911255
165860 -0.014456
165860 0.0260402
165870 0.011956
165870 0.0358697
165880 0.03563
165880 0.0493311
165890 0.00401058
165890 0.0303604
165900 0.00807757
165900 -0.0254255
166600 0.0050151
166600 0.0327642
166610 0.0695379
166610 0.158947
166620 0.0141592
166620 0.0232455
166630 0.0487127
166630 0.0525043
166640 -0.0343073
166640 0.0360534
166650 0.0204197
166650 0.0211588
166660 0.0292114
166660 0.0358283
166670 0.0448943
166670 0.0511017
166680 0.0186955
166680 0.0309859
166690 -0.0081536
166690 0.0369123
166700 0.0141445
166700 -0.0323267
167400 0
167410 0
167420 -0.00698364
167420 0.0160684
167430 0.0304459
167430 0.0637663
167440 0.0597812
167440 0.0902778
167450 0.0758688
167450 0.0794544
167460 0.00303073
167460 0.0242087
167470 0.0114263
167470 0.0403744
167480 0.0252984
167480 0.0315291
167490 -0.0130592
167490 0.0354987
167500 0.0326056
167500 -0.0710728
168220 0
168230 0
168240 -0.0279343
168240 0.0821008
168250 -0.0165784
168250 0.110991
168260 0.0458967
168260 0.0705584
168270 -0.0103298
168270 0.0373923
168280 0.0192783
168280 -0.0480831
168290 0
168300 0
169040 0
169050 0
169060 0.0212169
169060 -0.0624902
169070 0
169080 0
171780 0
171790 0
171800 0
171800 -0.0923263
172560 0
172570 0
172580 0
172580 -0.0171194
172590 0
172590 -0.046401
172600 0
172600 -0.0597805
173340 0
173350 0
173360 0
173360 -0.0210194
173370 0
173370 -0.0540575
173380 0
173380 -0.0886126
173390 0
173390 -0.0392694
173400 0
173400 -0.0114001
17400 0
174120 0
174130 0
174140 0
174140 -0.0137879
174150 0
174150 -0.045209
174160 0
174160 -0.00261479
174170 0
174170 0.00350383
174180 0
174180 -0.00425266
174190 0.00864928
174190 -0.0393231
174200 0
174200 -0.0125516
174900 0
174910 0
174920 0
174920 0.00457095
174930 0.00243265
174930 -0.0368607
174940 0
174940 0.0767468
174950 0
174950 0.0232675
174960 0.00617926
174960 0.0844761
174970 0.00279489
174970 -0.0128138
174980 0.0331697
174980 -0.0350204
174990 0.00832025
174990 -0.0319742
175000 0.00126507
175000 -0.00844698
175700 0
175700 0.186647
175710 0.0245692
175710 -0.030919
175720 0
175720 0.207774
175730 0.0109611
175730 0.0288389
175740 0.00615045
175740 0.114026
175750 0.00512441
175750 -0.024123
175760 -0.00289701
175760 0.017464
175770 0.0121287
175770 0.0570539
175780 0.0227668
175780 -0.0245383
175790 0.0155216
175790 -0.0402077
175800 0.00266234
175800 -0.00860568
176500 0
176510 0
176520 0.0124086
176520 -0.0333216
176530 0.0270446
176530 -0.0336836
176540 -0.0162835
176540 0.0618766
176550 0.0356591
176550 0.108249
176560 0.00674708
176560 0.0133714
176570 -0.0195369
176570 0.0389419
176580 0.0341728
176580 -0.0367134
176590 0.022176
176590 -0.040203
176600 -0.00387895
176600 0.00802728
177320 0
177330 0
177340 -0.0258525
177340 0.0343778
177350 -0.0592901
177350 0.0948733
177360 -0.0559079
177360 0.090539
177370 -0.0183438
177370 0.0436611
177380 -0.0224443
177380 0.0294127
177390 0.0219098
177390 -0.0503813
177400 0.00375712
177400 0.0437279
178140 0
178150 0
178160 0.00126272
178160 0.0396474
178170 0.0165336
178170 -0.0598743
178180 0.00116086
178180 0.0278867
178190 0
178200 0
18180 0
18190 0
18200 -0.122408
18200 0.183611
182440 0
182450 0
182460 0
182460 0.0232205
182470 0
182470 -0.0237262
182480 0
182480 -0.0188933
182490 0
182490 -0.0173124
182500 0
182500 0.0230554
183220 0
183230 0
183240 0
183240 0.00779312
183250 0
183250 -0.0505681
183260 0
183260 -0.0588168
183270 0
183270 -0.111187
183280 0
183280 -0.027211
183290 0
183290 0.00930153
183300 0
183300 0.0194728
184000 0
184010 0
184020 0
184020 -0.00779516
184030 0
184030 -0.0525955
184040 0
184040 -0.0724559
184050 0
184050 -0.0502159
184060 0
184060 -0.0150951
184070 0
184070 -0.0235185
184080 0.0101971
184080 -0.0335468
184090 0
184090 -0.00617984
184100 0
184100 0.0209171
184800 0
184800 -0.0905534
184810 0
184810 -0.00193428
184820 0
184820 -0.0906632
184830 0
184830 0.0578768
184840 0
184840 -7.47956e-05
184850 0
184850 0.0256379
184860 0.00514865
184860 -0.0350721
184870 0.0448655
184870 -0.0677756
184880 0.00683559
184880 -0.0210888
184890 0.00292035
184890 0.00420514
184900 0
184900 0.0222304
185600 0
185610 0
185620 0.00435004
185620 0.00733552
185630 0.0227453
185630 -0.0767691
185640 0.0190178
185640 -0.0518905
185650 0.0880659
185650 -0.0992896
185660 -0.000656437
185660 0.00309925
185670 0.0271221
185670 -0.0308857
185680 0.019412
185680 -0.0282628
185690 0.00707762
185690 0.00786434
185700 0.00104927
185700 0.0292439
186420 0
186430 0
186440 0.00537783
186440 0.0213872
186450 -0.00235357
186450 0.0475408
186460 -0.0477464
186460 0.0612643
186470 -0.0254786
186470 0.0405251
186480 -0.00941132
186480 0.0269934
186490 0.0177041
186490 0.0224668
186500 0.0210923
186500 0.0387301
187240 0
187250 0
187260 0.0354557
187260 0.0403332
187270 0.0224525
187270 0.0291924
187280 0.0059471
187280 0.0281284
187290 0.0181795
187290 0.0234685
187300 0.0584633
187300 0.0648889
188060 0
188070 0
188080 0.0319849
188080 0.0496178
188090 0
188100 0
18960 0
18970 0
18980 -0.0651503
18980 0.0977254
18990 0.13431
19000 -0.0767487
19000 0.115123
192320 0
192330 0
192340 0
192340 -0.00267264
192350 0
192350 0.059707
192360 0
192360 -0.0236798
192370 0
192370 0.0209596
192380 0
192380 -0.0123934
192390 0
192390 0.0389025
192400 0
192400 0.0035167
193100 0
193110 0
193120 0
193120 -0.0225534
193130 0
193130 0.0295222
193140 0
193140 -0.0960368
193150 0
193150 -0.0406255
193160 0
193160 -0.116084
193170 0
193170 0.00547213
193180 0
193180 0.0355596
193190 0
193190 0.0341765
193200 0
193200 0.000781509
193900 0
193900 -0.181823
193910 0
193910 -0.0428933
193920 0
193920 -0.17381
193930 0
193930 -0.0875932
193940 0
193940 -0.0956699
193950 0
193950 0.00213745
193960 0
193960 -0.0103554
193970 -0.00546197
193970 0.0160471
193980 0
193980 0.0118686
193990 0
193990 0.0369578
194000 0
194000 0.00417674
194700 0
194710 0
194720 0
194720 0.00471654
194730 0.00878866
194730 0.0441906
194740 0
194740 -0.0377925
194750 -0.0217379
194750 0.0308524
194760 0
194760 -0.0585644
194770 0.00859528
194770 0.015684
194780 0.00494089
194780 0.0368506
194790 0.00126658
194790 0.0353676
194800 0
194800 0.00223806
195520 0
195530 0
195540 0
195540 0.0239013
195550 0.0103256
195550 0.0509554
195560 0.0181916
195560 0.0614057
195570 0.00641891
195570 0.0232966
195580 0.0188107
195580 0.0317425
195590 0.0232118
195590 0.0420092
195600 -0.000326516
195600 0.00951499
196340 0
196350 0
196360 0.00411401
196360 0.0127844
196370 0.0267348
196370 0.0578867
196380 0.0187574
196380 0.0298764
196390 0.0350968
196390 0.0393952
196400 -0.00741197
196400 0.0257265
197160 0
197170 0
197180 -0.0134764
197180 0.0262178
197190 0.0219422
197190 0.0306946
197200 -0.0166
197200 0.0408671
19740 0
19750 0
19760 -0.0479139
19760 0.0718708
19770 0.129567
19780 -0.0440496
19780 0.0660744
19790 0
19800 0
202200 0
202210 0
202220 0
202220 0.0332095
202230 0
202230 -0.00530204
202240 0
202240 0.124324
202250 0
202250 -0.0157876
202260 0
202260 0.0586304
202270 0
202270 -0.00393469
202280 0
202280 0.037412
202290 0
202290 0.00390289
202300 0
202300 -0.0168467
203000 0
203000 0.131226
203010 0
203010 -0.149762
203020 0
203020 0.105029
203030 0
203030 -0.154378
203040 0
203040 0.00047837
203050 0
203050 -0.0763081
203060 0
203060 0.0422758
203070 0
203070 0.0752056
203080 0
203080 0.0304978
203090 0
203090 -0.00865722
203100 0
203100 -0.017952
203800 0
203810 0
203820 0
203820 0.00700462
203830 0
203830 0.0559491
203840 0
203840 0.0775765
203850 0
203850 0.075778
203860 0
203860 0.0205264
203870 0
203870 0.0270476
203880 0
203880 0.0313948
203890 0
203890 -0.00367745
203900 0
203900 -0.0220365
204620 0
204630 0
204640 0
204640 -0.0182511
204650 0
204650 0.0200333
204660 0
204660 0.0459984
204670 0.00630487
204670 0.0624652
204680 0.0113323
204680 0.0163694
204690 -0.0163226
204690 0.0172288
204700 0.00242102
204700 -0.0265524
20520 0
20530 0
20540 -0.0427819
20540 0.0641728
205440 0
205450 0
205460 0
205460 -0.0321698
205470 0.0216197
205470 -0.0327259
205480 0.00896794
205480 0.0132049
205490 -0.023008
205490 0.0289963
205500 0.00698971
205500 -0.0355387
20550 0.128346
20560 -0.0345339
20560 0.0518009
20570 0
20580 0
206260 0
206270 0
206280 0.00869518
206280 -0.046964
206290 0.0235401
206290 -0.0287485
206300 0.0129777
206300 -0.04464
207080 0
207090 0
207100 0.0109349
207100 -0.0482405
207860 0
207870 0
207880 -0.0418491
207880 0.0900365
207890 0
207900 0
208640 0
208650 0
208660 -0.0503387
208660 0.0773436
208670 0
208680 0
209420 0
209430 0
209440 -0.0465008
209450 0
209460 0
210200 0
210210 0
210220 -0.0474125
210230 0
210240 0
211000 -0.0820437
211010 0
211020 0
212100 0
212100 1.42907e-16
212110 0
212110 0.244285
212120 0
212120 7.69499e-17
212130 0
212130 0.226648
212140 0
212140 -9.89356e-17
212150 0
212150 0.0547566
212160 0
212160 8.51946e-17
212170 0
212170 0.00373322
212180 0
212180 2.19857e-17
212190 0
212190 -0.0351453
212200 0
212200 -1.37411e-18
212900 0
212910 0
212920 0
212920 0.0169572
212930 0
212930 -0.0343557
212940 0
212940 0.0740968
212950 0
212950 0.0366964
212960 0
212960 0.103004
212970 0
212970 -0.00760781
212980 0
212980 -0.0394284
212990 0
212990 -0.0350941
21300 0
213000 0
213000 0.00190714
21310 0
21320 -0.0483533
21330 0.143031
21340 -0.0322356
21350 0
21360 0
213720 0
213730 0
213740 0
213740 -0.0152147
213750 0
213750 -0.053994
213760 0
213760 -0.0486181
213770 0
213770 -0.00959408
213780 0.00415348
213780 -0.0263675
213790 0.00617427
213790 -0.040257
213800 0
213800 0.00130391
214540 0
214550 0
214560 0
214560 -0.00719023
214570 0.00830616
214570 -0.0554224
214580 0.00262391
214580 -0.0563745
214590 0.010373
214590 -0.0396135
214600 0.000313739
214600 0.00680302
215360 0
215370 0
215380 0.000471899
215380 0.0163784
215390 0.00921892
215390 -0.0445409
215400 0.00573686
215400 0.0159292
216180 0
216190 0
216200 0.00262988
216200 0.0282531
216960 0
216970 0
216980 -0.0172688
216980 0.0989053
216990 0.0893797
216990 0.180753
217000 0.0167762
217000 -0.0242904
217740 0
217750 0
217760 -0.0162058
217760 0.0916268
217770 -0.0123252
217770 0.13477
217780 -0.0148988
217780 0.0816223
217790 0
217800 0
218520 0
218530 0
218540 -0.0236215
218540 0.0997893
218550 -0.0579211
218550 0.133054
218560 -0.0190674
218560 0.0865536
218570 0
218580 0
219300 0
219310 0
219320 -0.0372187
219330 -0.0856292
219340 -0.0248125
219350 0
219360 0
220100 -0.102385
220110 -0.140875
220120 -0.0327895
220130 0
220140 0
22100 -0.112148
22110 0.217173
22120 -0.035916
22130 0
22140 0
222820 0
222830 0
222840 0
222840 0.010421
222850 0
222850 -0.0289803
222860 0
222860 -0.0573771
222870 0
222870 -0.0960495
222880 0
222880 -0.0259652
222890 0
222890 0.020018
222900 0
222900 0.0209838
223640 0
223650 0
223660 0
223660 0.0276286
223670 0
223670 0.030364
223680 0
223680 -0.0196507
223690 0
223690 0.0219168
223700 0
223700 0.0285662
224460 0
224470 0
224480 0
224480 0.0423106
224490 0
224490 0.0511837
224500 0.00518572
224500 0.0355873
225280 0
225290 0
225300 0.00337892
225300 0.0571743
226060 0
226070 0
226080 0.0274963
226080 0.055286
226090 -0.0587798
226090 0.176431
226100 0.0173866
226100 0.0532877
226840 0
226850 0
226860 0.0300463
226860 0.0530537
226870 -0.0139467
226870 0.132026
226880 0.107226
226880 0.119914
226890 -0.00868525
226890 0.102185
226900 -0.039589
226900 0.0425199
227620 0
227630 0
227640 0.027836
227640 0.059805
227650 -0.00307831
227650 0.144259
227660 0.0505849
227660 0.15468
227670 -0.00191807
227670 0.0929854
227680 0.0069805
227680 0.0485984
227690 0
227700 0
228400 0
228410 0
228420 0.0267956
228420 0.0937009
228430 -0.00560457
228430 0.158093
228440 0.00269373
228440 0.182734
228450 -0.0030229
228450 0.104714
228460 0.0187861
228460 0.057355
228470 0
228480 0
229200 0.0272233
229210 -0.0191309
229220 -0.0353677
229230 -0.00612683
229240 0.0263969
229250 0
229260 0
230000 0
230010 0
230020 0.049069
230030 0
230040 0
232740 0
232750 0
232760 0
232760 0.00817033
232770 0
232770 0.0564712
232780 0
232780 0.0860589
232790 0
232790 0.0410228
232800 0
232800 -0.00944987
233560 0
233570 0
233580 0
233580 -0.0178388
233590 0
233590 0.0493217
233600 0.002078
233600 -0.0134098
234380 0
234390 0
234400 0.00161713
234400 -0.0341786
235160 0
235170 0
235180 0.0130811
235180 0.0137492
235190 -0.0341113
235190 0.0903638
235200 0.0112425
235200 -0.0234262
235940 0
235950 0
235960 0.0114867
235960 0.0140352
235970 0.0218515
235970 0.0696679
235980 -0.0431487
235980 0.091757
235990 0.0148712
235990 0.0699747
236000 0.016439
236000 0.0364903
236720 0
236730 0
236740 0.0173188
236740 0.0187867
236750 0.0473954
236750 0.0962919
236760 -0.00816793
236760 0.130743
236770 0.0899001
236770 0.0958173
236780 0.00708238
236780 0.0534276
236790 0.0605414
236790 -0.0606633
236800 0.0186875
236800 0.0663179
237500 0
237510 0
237520 0.0326347
237520 0.0397844
237530 0.0683561
237530 0.111606
237540 0.0171735
237540 0.163584
237550 0.0921537
237550 0.123361
237560 0.0137445
237560 0.0857117
237570 -0.0226386
237570 0.0491334
237580 0.01606
237580 0.0365087
237590 0
237600 0
238300 0.111446
238300 0.245118
238310 0.137123
238310 0.207263
238320 0.0399161
238320 0.244385
238330 0.0767651
238330 0.171397
238340 0.0192134
238340 0.100749
238350 -0.00460321
238350 0.0525976
238360 0.014199
238360 0.0460782
238370 0
238380 0
239100 0
239110 0
239120 0.0205739
239130 -0.00492923
239140 0.013716
239150 0
239160 0
242660 0
242670 0
242680 0
242680 -0.0378349
242690 0
242690 -0.0801869
242700 0
242700 -0.00567521
243480 0
243490 0
243500 0
243500 -0.0696963
244260 0
244270 0
244280 0
244280 -0.0340087
244290 0.020782
244290 0.0768639
244300 0.00335359
244300 -0.044141
245040 0
245050 0
245060 0.000619046
245060 -0.0299999
245070 0.0128117
245070 0.0204964
245080 0.0367688
245080 -0.0642371
245090 0.00900729
245090 0.0287581
245100 -0.0162731
245100 0.023511
245820 0
245830 0
245840 0.00137868
245840 -0.0257116
245850 0.00207503
245850 0.0450457
245860 -0.0139602
245860 0.0593869
245870 -0.0401631
245870 0.0530923
245880 -0.0131909
245880 0.0371454
245890 0.0336368
245890 0.0685162
245900 -0.0203486
245900 0.0333295
246600 0
246610 0
246620 -0.020467
246620 0.0214075
246630 0.0103985
246630 0.0639124
246640 0.032277
246640 0.103003
246650 -0.0217699
246650 0.0967141
246660 0.0473823
246660 0.070772
246670 0.0127192
246670 0.0359112
246680 0.0324527
246680 -0.0804413
246690 0.0204017
246690 0.0595714
246700 0.0278856
246700 0.0869035
247400 0.0359115
247400 0.233519
247410 0.0463506
247410 0.198015
247420 0.102233
247420 0.181906
247430 0.00532279
247430 0.169982
247440 0.0636804
247440 0.0953942
247450 0.0135947
247450 0.0502725
247460 0.0401965
247460 -0.0759666
247470 0.0122323
247470 0.0495946
247480 0.0023173
247480 0.0365057
247490 0
247500 0
248200 0
248210 0
248220 -0.0487448
248220 0.139049
248230 0.0147566
248230 0.122707
248240 0.0805471
248240 -0.092189
248250 0.00795914
248250 0.0658579
248260 -0.00226593
248260 0.0498545
248270 0
248280 0
249020 0
249030 0
249040 0.0166939
249050 0
249060 0
252580 0
252590 0
252600 0
252600 -0.0354958
253360 0
253370 0
253380 0
253380 0.00235954
253390 0
253390 -0.0128698
253400 0
253400 0.00760565
254140 0
254150 0
254160 -0.00188354
254160 9.19149e-05
254170 0.00321475
254170 -0.0415536
254180 0.00539086
254180 0.0712126
254190 0.00641576
254190 -0.0297007
254200 0.00957213
254200 -0.0142111
254920 0
254930 0
254940 0
254940 -0.0110783
254950 0.0123846
254950 -0.055159
254960 0.0100039
254960 0.0116499
254970 0.0155736
254970 -0.0808311
254980 0.00114207
254980 0.0187853
254990 0.000371401
254990 0.058028
255000 -0.00953247
255000 0.0110434
255700 0
255710 0
255720 0.0157273
255720 -0.0238184
255730 0.0327772
255730 -0.0680155
255740 -0.0238014
255740 0.0531963
255750 -0.0594269
255750 0.0674294
255760 0.0391024
255760 -0.0431928
255770 0.0228729
255770 -0.0251094
255780 0.0293831
255780 0.0499495
255790 -0.00637316
255790 0.0558869
255800 -0.0216469
255800 0.0350339
256500 -0.0955601
256500 0.161136
256510 -0.104787
256510 0.195178
256520 -0.0514725
256520 0.116055
256530 -0.0197032
256530 0.165506
256540 -0.0471211
256540 0.0604579
256550 -0.00705516
256550 0.0450524
256560 0.0182274
256560 0.0371682
256570 0.0439625
256570 -0.0707554
256580 0.00438445
256580 0.0343636
256590 0.0468816
256590 0.0762937
256600 -0.0334348
256600 0.0840859
257300 0
257310 0
257320 -0.0135829
257320 0.058829
257330 -0.058565
257330 0.10311
257340 0.0224177
257340 0.0970824
257350 0.0805415
257350 -0.0997034
257360 0.00134177
257360 0.050892
257370 0.0376308
257370 0.0709794
257380 -0.0189872
257380 0.035606
257390 0
257400 0
258120 0
258130 0
258140 -0.0200843
258140 0.140752
258150 0.0683085
258150 0.126218
258160 -0.0162122
258160 0.0572104
258170 0
258180 0
263240 0
263250 0
263260 0
263260 0.0273818
263270 0
263270 0.00868832
263280 0
263280 0.0188058
263290 0
263290 0.00627124
263300 0.00186487
263300 0.0153201
264020 0
264030 0
264040 0
264040 0.0202607
264050 0
264050 0.0110612
264060 0
264060 -0.0233056
264070 0
264070 0.0718733
264080 -0.00567434
264080 0.00580445
264090 -0.0290716
264090 0.031691
264100 0.0013648
264100 0.0207947
264800 0
264810 0
264820 0.00592594
264820 0.00922567
264830 -0.00818517
264830 0.0165012
264840 0.0175845
264840 -0.0645804
264850 0.0200034
264850 0.0489025
264860 0.0122965
264860 -0.0622325
264870 -0.00351679
264870 0.0153481
264880 0.0330888
264880 0.0500612
264890 -0.0150262
264890 0.0279019
264900 0.0116653
264900 0.0136057
26500 0
265600 0.0522088
265600 -0.090792
265610 -0.0792344
265610 0.142863
265620 0.0400286
265620 -0.138223
265630 -0.0411721
265630 0.130934
265640 0.0188397
265640 -0.0676592
265650 -0.0307865
265650 0.0366318
265660 0.0086862
265660 0.0295277
265670 0.0286756
265670 0.0650581
265680 0.0210803
265680 0.0365558
265690 -0.0292509
265690 0.0590217
265700 0.0137281
265700 0.0252565
266400 0
266410 0
266420 0.0237513
266420 0.0346833
266430 0.00137856
266430 0.0707921
266440 0.00838302
266440 0.0894253
266450 0.04204
266450 0.125697
266460 -0.017251
266460 0.0401864
266470 -0.0123582
266470 0.0689437
266480 0.0440475
266480 0.0622689
266490 -0.0264442
266490 0.0714669
266500 -0.0206529
266500 0.0746354
267220 0
267230 0
267240 0.028648
267240 0.0868118
267250 -0.03528
267250 0.160738
267260 0.0900389
267260 0.10494
267270 -0.0219824
267270 0.0667783
267280 -0.00895511
267280 0.0354827
267290 0
267300 0
268040 0
268050 0
268060 -0.0324166
268060 0.0355837
268070 0
268080 0
27280 0
27290 0
27300 -0.0668368
27300 0.100255
273120 0
273130 0
273140 0
273140 0.00627038
273150 0
273150 0.0565428
273160 0
273160 0.0157125
273170 0
273170 0.0484968
273180 0
273180 0.00881719
273190 0.00857439
273190 0.0234408
273200 0
273200 0.000559112
273900 0
273910 0
273920 0
273920 0.0179807
273930 0.0067806
273930 0.0583287
273940 0
273940 0.0452091
273950 0.0146456
273950 0.0225653
273960 0.000723678
273960 0.0745079
273970 0.0066314
273970 0.0229697
273980 0.0267524
273980 -0.0394755
273990 0.0058631
273990 0.0258116
274000 0.00250291
274000 0.0102359
274700 0
274700 0.0619968
274710 0.0471052
274710 0.0525731
274720 0
274720 0.0461492
274730 -0.0428294
274730 0.0523801
274740 0
274740 0.0459888
274750 -0.00581366
274750 0.0155264
274760 -0.0122913
274760 0.0147149
274770 0.0643759
274770 0.0810925
274780 -0.0135216
274780 0.0193506
274790 0.00496284
274790 0.0269128
274800 0.00489609
274800 0.0113958
275500 0
275510 0
275520 0.00954176
275520 0.00987809
275530 0.0489056
275530 0.0756991
275540 -0.00181896
275540 0.0453878
275550 0.0795589
275550 0.154401
275560 0.0162462
275560 0.0248818
275570 0.0264818
275570 0.0596216
275580 -0.0285785
275580 0.0350051
275590 -0.000544381
275590 0.0478057
275600 0.0195401
275600 0.0213287
276320 0
276330 0
276340 0.00592145
276340 0.0265865
276350 0.00991613
276350 0.117424
276360 -0.0433104
276360 0.108513
276370 0.0388321
276370 0.0666636
276380 -0.00547107
276380 0.0369756
276390 -0.0360565
276390 0.0511356
276400 0.0369108
276400 0.093231
277140 0
277150 0
277160 0.0260652
277160 0.0489059
277170 0.0317342
277170 -0.0554972
277180 0.023963
277180 0.041175
277190 0
277200 0
28060 0
28070 0
28080 -0.0334214
28080 0.0501321
28090 -0.102195
28090 0.153292
28100 -0.0322163
28100 0.0483245
283000 0
283010 0
283020 0
283020 0.00553632
283030 0
283030 0.0114304
283040 0
283040 0.0843488
283050 0
283050 0.0154815
283060 0
283060 0.054602
283070 0
283070 0.00552583
283080 0.00343536
283080 0.00580372
283090 0
283090 -0.000751302
283100 0
283100 -0.0175261
283800 0
283800 0.126987
283810 0
283810 0.117344
283820 0
283820 0.139949
283830 0
283830 0.097591
283840 0
283840 0.0428155
283850 0
283850 0.0548628
283860 0.00315023
283860 0.0247137
283870 -0.0566211
283870 0.0581523
283880 0.00350146
283880 0.00555152
283890 0.00647826
283890 0.0202526
283900 0
283900 -0.0195148
284600 0
284610 0
284620 0.00194464
284620 -0.0143946
284630 -0.0155173
284630 0.0288028
284640 0.0086499
284640 0.0525164
284650 -0.053752
284650 0.107899
284660 0.0017683
284660 0.051228
284670 -0.00599654
284670 0.0345776
284680 0.01247
284680 -0.0305986
284690 0.018807
284690 0.019065
284700 0.00306251
284700 -0.0145414
285420 0
285430 0
285440 0.00233679
285440 -0.0331699
285450 0.0152324
285450 0.0498681
285460 -0.0488959
285460 0.0586046
285470 -0.0200919
285470 0.0461366
285480 0.0248752
285480 -0.0276235
285490 0.0308843
285490 0.0481954
285500 -0.0106421
285500 0.0383254
286240 0
286250 0
286260 -0.0138582
286260 0.0331835
286270 0.0424012
286270 0.0433224
286280 0.0287152
286280 -0.042373
286290 0.0269788
286290 0.0451573
286300 0.0127461
286300 0.100153
287060 0
287070 0
287080 0.0202818
287080 0.0373847
287090 0
287100 0
28840 0
28850 0
28860 -0.0218696
28860 0.0364493
28870 -0.0946223
28870 0.141933
28880 0.0658808
28880 0.109801
28890 -0.0589256
28890 0.0883884
28900 0.0378807
28900 -0.0952279
292900 0
292910 0
292910 0.0299794
292920 0
292920 1.92375e-17
292930 0
292930 0.0942381
292940 0
292940 -5.2216e-17
292950 0
292950 0.0152789
292960 0
292960 2.74821e-17
292970 0.018851
292970 -0.0343117
292980 0
292980 5.49642e-18
292990 0
292990 -0.0239486
293000 0
293700 0
293710 0
293720 0
293720 -0.0132865
293730 0.00957858
293730 -0.0639117
293740 0
293740 -0.0430917
293750 -0.0269729
293750 0.032963
293760 0
293760 -0.0702924
293770 0.00911667
293770 -0.02574
293780 0
293780 0.0383778
293790 0.00358242
293790 -0.0230205
293800 0
293800 -0.00765079
294520 0
294530 0
294540 0
294540 0.0046197
294550 0.0103265
294550 -0.0468563
294560 0.0131653
294560 0.050432
294570 0.0174944
294570 -0.0642079
294580 0.0116756
294580 0.0220303
294590 -0.00244975
294590 0.0415563
294600 -0.0123664
294600 0.0145713
295340 0
295350 0
295360 0.00887938
295360 -0.0108689
295370 0.0117486
295370 0.0499689
295380 0.0129738
295380 0.0274591
295390 0.00799557
295390 0.0543062
295400 -0.0224512
295400 0.0383465
296160 0
296170 0
296180 -0.0305214
296180 0.0326209
296190 0.0258515
296190 0.0340576
29620 0
296200 -0.0343928
296200 0.0592212
29630 0
29640 -0.0149875
29640 0.0349709
29650 -0.0915755
29650 0.137363
29660 0.0993274
29660 0.132437
29670 -0.0570594
29670 0.0855891
29680 0.0222241
29680 -0.0575446
29690 0
29700 0
303620 0
303630 0
303640 0
303640 0.0240321
303650 0
303650 0.0171924
303660 0
303660 -0.00543942
303670 0.00163785
303670 0.069658
303680 0.00279118
303680 0.00326663
303690 -0.0226205
303690 0.0265846
303700 0.00331351
303700 0.0196428
30400 0
30410 0
30420 -0.00551037
30420 0.0495934
30430 -0.10309
30430 0.154635
30440 0.124368
30440 0.154701
304440 0
304450 0
304460 0
304460 0.0280762
304470 0.0384733
304470 -0.0385818
304480 0.00316804
304480 0.0466801
304490 -0.0271249
304490 0.0375353
304500 0.00937547
304500 0.0132678
30450 -0.0556025
30450 0.0834037
30460 0.0177415
30460 -0.0495283
30470 0
30480 0
305260 0
305270 0
305280 0.00730785
305280 0.0225715
305290 0.0353377
305290 -0.0384101
305300 0.00708951
305300 0.0171516
306080 0
306090 0
306100 -0.0123045
306100 0.0143472
306860 0
306870 0
306880 -0.034695
306880 0.0622329
306890 0
306900 0
307640 0
307650 0
307660 -0.0183959
307660 0.0581783
307670 0
307680 0
308420 0
308430 0
308440 0.00339683
308450 0
308460 0
309200 0
309210 0
309220 0.022219
309230 0
309240 0
310000 0.0570064
310010 0
310020 0
31200 0.0793004
31210 -0.177321
31220 0.171711
31230 -0.0567881
31240 -0.0561124
31250 0
31260 0
313540 0
313550 0
313560 0
313560 -0.00642041
313570 0.0138869
313570 0.0260196
313580 0
313580 -0.0649152
313590 0.0112291
313590 0.0185977
313600 0
313600 0.00783522
314360 0
314370 0
314380 0.0102759
314380 0.0215299
314390 -0.0146599
314390 0.0193442
314400 0.00512456
314400 0.0187736
315180 0
315190 0
315200 0.00293461
315200 0.0244574
315960 0
315970 0
315980 0.0312794
315980 0.0584831
315990 0.0826011
315990 0.132006
316000 0.0180088
316000 0.0283917
316740 0
316750 0
316760 0.0263907
316760 0.0612514
316770 -0.0370142
316770 0.0859722
316780 0.0242623
316780 0.0595814
316790 0
316800 0
317520 0
317530 0
317540 0.0226773
317540 0.0780677
317550 -0.0570491
317550 0.0931106
317560 0.0183052
317560 0.0724654
317570 0
317580 0
318300 0
318310 0
318320 0.025445
318330 -0.0546845
318340 0.0169633
318350 0
318360 0
319100 0.06021
319110 -0.0663429
319120 0.0192825
319130 0
319140 0
32000 0
32010 0
32020 -0.112167
32030 0
32040 0
323460 0
323470 0
323480 0
323480 -0.0249508
323490 0.00611474
323490 0.0565089
323500 0.00162255
323500 -0.0219796
324280 0
324290 0
324300 0.00149967
324300 0.033987
325060 0
325070 0
325080 -0.00937336
325080 0.0254628
325090 -0.0345915
325090 0.113788
325100 0.0151306
325100 0.0491588
325840 0
325850 0
325860 -0.0124183
325860 0.0311447
325870 0.0270221
325870 0.0812873
325880 0.0683508
325880 0.0702099
325890 0.0168279
325890 0.0762199
325900 0.0407017
325900 -0.0460528
326620 0
326630 0
326640 -0.0222722
326640 0.0431543
326650 0.0359582
326650 0.115597
326660 -0.0209345
326660 0.0992569
326670 0.022405
326670 0.0567223
326680 -0.0138894
326680 0.0412261
326690 0
326700 0
327400 0
327410 0
327420 -0.0400712
327420 0.109359
327430 0.0377132
327430 0.120935
327440 -0.0716969
327440 0.123546
327450 0.020341
327450 0.0653945
327460 -0.00335729
327460 0.0675677
327470 0
327480 0
328200 -0.157845
328210 0.0581418
328220 -0.114133
328230 0.0186202
328240 0.00147748
328250 0
328260 0
329000 0
329010 0
329020 0.0276571
329030 0
329040 0
333380 0
333390 0
333400 0
333400 0.0787684
334160 0
334170 0
334180 0.00357589
334180 -0.0251398
334190 0.0470178
334190 -0.0615168
334200 0.00583221
334200 0.0102666
334940 0
334950 0
334960 0.00669462
334960 -0.0191584
334970 -0.00288474
334970 0.0531107
334980 0.0443509
334980 -0.0539741
334990 -0.00196323
334990 0.0621169
335000 0.0203767
335000 0.0224292
335720 0
335730 0
335740 -0.0135506
335740 0.0158995
335750 0.000783217
335750 0.103781
335760 0.00404551
335760 0.0659075
335770 0.0472414
335770 0.0630907
335780 -0.00545755
335780 0.0328273
335790 0.0594332
335790 -0.077504
335800 -0.00569061
335800 0.0718953
336500 0
336510 0
336520 -0.0109215
336520 0.0556394
336530 -0.0137305
336530 0.0978244
336540 0.0293474
336540 0.126929
336550 0.0151426
336550 0.0819941
336560 0.00378354
336560 0.0612743
336570 -0.0250276
336570 0.0426004
336580 -0.0199782
336580 0.0376637
336590 0
336600 0
337300 0.00452095
337300 0.307584
337310 -0.0655681
337310 0.226841
337320 0.0490049
337320 0.243965
337330 -0.0326133
337330 0.154551
337340 0.00330512
337340 0.0755664
337350 -0.00181547
337350 0.0586735
337360 -0.0191785
337360 0.0671419
337370 0
337380 0
338100 0
338110 0
338120 -0.0314937
338130 0.0250837
338140 -0.0209957
338150 0
338160 0
344040 0
344050 0
344060 0.000128522
344060 0.0237679
344070 -0.0302771
344070 0.0319594
344080 0.0127048
344080 -0.0379785
344090 -0.0212864
344090 0.0346786
344100 0.0079721
344100 0.0369141
344820 0
344830 0
344840 0.00408979
344840 0.0283356
344850 -0.035059
344850 0.0676264
344860 0.0155772
344860 0.0194771
344870 0.0270181
344870 -0.0619478
344880 0.014603
344880 0.0243948
344890 0.0139918
344890 0.0704102
344900 0.0205009
344900 0.0212252
345600 0
345610 0
345620 0.0314186
345620 0.0402742
345630 -0.0292928
345630 0.0666836
345640 0.0404754
345640 0.103739
345650 -0.0217866
345650 0.106804
345660 0.0391412
345660 0.065261
345670 -0.00984844
345670 0.0351338
345680 0.0293356
345680 -0.0607837
345690 -0.00354692
345690 0.0800622
345700 0.0841316
345700 0.0873284
346400 0.126406
346400 0.261626
346410 -0.0238658
346410 0.255095
346420 0.0598479
346420 0.216326
346430 0.010153
346430 0.233468
346440 0.0546829
346440 0.0645059
346450 -0.012185
346450 0.0678683
346460 -0.0367798
346460 0.042602
346470 -0.0144942
346470 0.0719148
346480 0.0332947
346480 0.0388238
346490 0
346500 0
347200 0
347210 0
347220 0.021257
347220 0.137737
347230 -0.0347648
347230 0.208326
347240 -0.0205273
347240 0.084966
347250 -0.0187508
347250 0.109497
347260 0.023188
347260 0.0656119
347270 0
347280 0
348020 0
348030 0
348040 0.0246976
348050 0
348060 0
353920 0
353930 0
353940 0
353940 -0.000750603
353950 0.0235226
353950 0.0310012
353960 0.000344766
353960 -0.026446
353970 0.00992691
353970 -0.0243203
353980 0.00986997
353980 -0.0111025
353990 0.0430731
353990 0.0550654
354000 0
354000 0.00901288
354700 0
354710 0
354720 -0.00692917
354720 0.0150619
354730 0.0434947
354730 0.0534016
354740 -0.053691
354740 0.055472
354750 0.0246548
354750 0.126159
354760 0.0159374
354760 -0.0538402
354770 0.0221152
354770 0.0364295
354780 0.0339125
354780 0.035305
354790 0.0175276
354790 0.0629719
354800 -0.000532186
354800 0.0197853
355500 -0.053615
355500 0.1357
355510 0.152903
355510 0.281097
355520 -0.0715292
355520 0.116596
355530 0.0785766
355530 0.295783
355540 0.033752
355540 -0.0349105
355550 0.0479681
355550 0.0797379
355560 0.010085
355560 0.0280026
355570 -0.0499212
355570 0.0683127
355580 0.0113154
355580 0.0314706
355590 0.0738552
355590 0.118587
355600 0.00421496
355600 0.0715337
35600 0
356300 0
356310 0
356320 0.0148761
356320 0.0487158
356330 0.00192881
356330 0.172232
356340 0.00105018
356340 0.0700699
356350 -0.06004
356350 0.126248
356360 0.00464603
356360 0.0592974
356370 0.0544104
356370 0.1021
356380 0.0101411
356380 0.0354922
356390 0
356400 0
357120 0
357130 0
357140 0.0150701
357140 0.112731
357150 0.0674218
357150 0.148072
357160 0.0121647
357160 0.0637691
357170 0
357180 0
36380 0
363800 0
363810 0
363820 0.0032036
363820 -0.0233362
363830 -0.00489172
363830 0.0261047
363840 0.0108042
363840 0.0129046
363850 -0.0169449
363850 0.0957663
363860 0.00285348
363860 -0.032667
363870 -0.00189035
363870 0.0277862
363880 0.0211628
363880 0.0328266
363890 0.0059288
363890 0.025316
36390 0
363900 0.00143765
363900 -0.0293541
36400 0.0240984
36400 0.14459
364600 0.00143117
364600 0.0258111
364610 -0.0674169
364610 0.204802
364620 0.023528
364620 0.052523
364630 -0.0753441
364630 0.218377
364640 0.000241238
364640 0.00655647
364650 -0.0255979
364650 0.0610453
364660 0.0123746
364660 0.0128494
364670 0.0487462
364670 0.0864832
364680 -0.000881938
364680 0.0181146
364690 -0.0139501
364690 0.0826265
364700 0.010568
364700 -0.0270639
365400 0
365410 0
365420 0.0109856
365420 -0.0348626
365430 0.0370023
365430 0.102776
365440 -0.0143206
365440 0.0366708
365450 0.0493127
365450 0.159437
365460 0.0340821
365460 -0.0473656
365470 0.00562787
365470 0.0847008
365480 0.0306756
365480 0.0488792
365490 -0.00965877
365490 0.105841
365500 0.0742172
365500 -0.0816481
366220 0
366230 0
366240 -0.0174308
366240 0.049286
366250 -0.00331757
366250 0.155745
366260 0.0701548
366260 0.09919
366270 -0.00206713
366270 0.0802145
366280 0.0319982
366280 -0.0476465
366290 0
366300 0
367040 0
367050 0
367060 0.0357532
367060 -0.0633413
367070 0
367080 0
37160 0
37170 0
37180 0.0111972
37180 0.0671829
37190 -0.0583971
37190 0.0875957
37200 0.0102581
37200 0.0615488
373700 0
373700 -1.539e-16
373710 0.0662464
373710 -0.125818
373720 0
373730 -0.0413117
373730 0.0684334
373740 0
373740 -1.64893e-17
373750 0.0199316
373750 -0.04788
373760 0
373760 4.12232e-18
373770 0.0222899
373770 0.0911602
373780 0
373790 0.0334685
373790 -0.0401829
373800 0
373800 1.37411e-18
374500 0
374510 0
374520 0
374520 0.00763331
374530 -0.0407673
374530 0.054281
374540 0
374540 0.0382171
374550 0.0077586
374550 0.162358
374560 0.00571564
374560 0.0454565
374570 -0.0197831
374570 0.0576795
374580 0.00530758
374580 -0.0320791
374590 -0.0285094
374590 0.0650087
374600 0.00657769
374600 0.0144266
375320 0
375330 0
375340 0.00774946
375340 -0.0122159
375350 -0.0276177
375350 0.108644
375360 -0.0417538
375360 0.0789832
375370 0.0261226
375370 0.0636379
375380 -0.0135055
375380 0.0202937
375390 -0.0665863
375390 0.0702693
375400 0.0129512
375400 0.0968823
376140 0
376150 0
376160 0.0048869
376160 0.0401016
376170 0.039411
376170 -0.0834747
376180 0.00449275
376180 0.0343284
376190 0
376200 0
37940 0
37950 0
37960 0.0101058
37960 0.0422605
37970 -0.0513162
37970 0.0769742
37980 -0.0421194
37980 0.115828
37990 -0.0349236
37990 0.0523854
38000 0.0200406
38000 0.0648525
384420 0
384430 0
384440 0
384440 0.0222722
384450 -0.0117434
384450 0.0620078
384460 0.0262846
384460 -0.0344608
384470 0.0347151
384470 -0.0428087
384480 0.000536318
384480 -0.00456002
384490 0.0220322
384490 0.0656055
384500 0.0244625
384500 0.0340255
385240 0
385250 0
385260 0.0174893
385260 0.0306589
385270 0.0318475
385270 0.0566194
385280 0.0149851
385280 -0.0266219
385290 0.0198329
385290 0.0565964
385300 0.0750811
385300 0.0777304
386060 0
386070 0
386080 0.0350481
386080 0.0642941
386090 0
386100 0
38720 0
38730 0
38740 0.0149662
38740 0.0299324
38750 -0.0448986
38750 0.0748309
38760 -0.0746474
38760 0.149767
38770 0.0135701
38770 0.0949913
38780 -0.000371071
38780 0.0605008
38790 0.0279259
38790 -0.0723082
38800 0.0341696
38800 0.0892326
394340 0
394350 0
394360 0
394360 -0.00101881
394370 0.0539422
394370 0.0602534
394380 0
394380 0.0380915
394390 0.0367107
394390 0.0615399
394400 0.0103196
394400 -0.0171029
39500 0
39510 0
395160 0
395170 0
395180 -0.0225386
395180 0.0296974
395190 0.0472669
395190 0.0527359
395200 0.0236891
395200 -0.0585343
39520 0.0190885
39520 0.0349956
39530 -0.0399265
39530 0.0931618
39540 -0.0993342
39540 0.182485
39550 0.046877
39550 0.125005
39560 -0.0180884
39560 0.0772261
39570 0.0269647
39570 -0.0752765
39580 0.0211918
39580 0.0549086
39590 0
39600 0
40300 -0.0604879
40300 0.241952
40310 -0.0239097
40310 0.215189
40320 -0.154215
40320 0.270864
40330 0.0744376
40330 0.157146
40340 -0.0174931
40340 0.0838225
40350 0.0252913
40350 -0.0853581
40360 0.0187038
40360 0.0475521
40370 0
40380 0
404260 0
404270 0
404280 0.00917499
404280 -0.0461295
404290 -0.0414205
404290 0.05956
404300 0
404300 -0.0935099
405080 0
405090 0
405100 0.000655622
405100 -0.118241
405860 0
405870 0
405880 0.0341223
405880 -0.0681282
405890 0
405900 0
406640 0
406650 0
406660 -0.0242013
406660 0.0385577
406670 0
406680 0
407420 0
407430 0
407440 0.00246449
407450 0
407460 0
408200 0
408210 0
408220 0.0168751
408230 0
408240 0
409000 0.0400096
409010 0
409020 0
41100 0
41110 0
41120 0.0779869
41130 -0.137377
41140 0.0519915
41150 0
41160 0
414180 0
414190 0
414200 0
414200 -0.0120513
414960 0
414970 0
414980 0.00744651
414980 0.0158968
414990 0.0524532
414990 0.0767957
415000 0.0109745
415000 0.0685707
415740 0
415750 0
415760 -0.00869939
415760 0.0298108
415770 0.046459
415770 -0.0763079
415780 -0.00799778
415780 0.0354304
415790 0
415800 0
416520 0
416530 0
416540 -0.0192664
416540 0.0514455
416550 -0.0619367
416550 0.0692258
416560 -0.015552
416560 0.0598449
416570 0
416580 0
417300 0
417310 0
417320 -0.029119
417330 -0.0357207
417340 -0.0194127
417350 0
417360 0
418100 -0.0751607
418110 -0.0229625
418120 -0.0240707
418130 0
418140 0
424840 0
424850 0
424860 0.00931342
424860 0.0282619
424870 0.0205372
424870 0.0592264
424880 0.0221788
424880 0.0810895
424890 0.0127894
424890 0.0604428
424900 0.012794
424900 0.0175976
425620 0
425630 0
425640 0.0187982
425640 0.0283231
425650 0.0076961
425650 0.112173
425660 -0.0367473
425660 0.0382557
425670 0.00479533
425670 0.0425058
425680 0.0248507
425680 0.0348481
425690 0
425700 0
426400 0
426410 0
426420 0.0153056
426420 0.118376
426430 -0.0103446
426430 0.131282
426440 -0.0662207
426440 0.0828583
426450 -0.00557944
426450 0.0682946
426460 0.0354999
426460 0.0658774
426470 0
426480 0
427200 8.49362e-05
427210 -0.0380122
427220 -0.0762202
427230 -0.0121737
427240 0.0369287
427250 0
427260 0
428000 0
428010 0
428020 0.0607057
428030 0
428040 0
434720 0
434730 0
434740 0.00946124
434740 0.012189
434750 0.0459008
434750 0.114017
434760 0
434760 0.0294511
434770 0.0449696
434770 0.0852468
434780 0.00764061
434780 0.0111666
434790 -0.0493609
434790 0.0673972
434800 0.0013952
434800 -0.00416102
435500 0
435510 0
435520 0.0206884
435520 0.051268
435530 0.0324729
435530 0.12803
435540 0.0366899
435540 0.0851956
435550 0.00618846
435550 0.103817
435560 0.0148768
435560 0.0250164
435570 0.0222798
435570 0.0702945
435580 -0.000555954
435580 0.022405
435590 0
435600 0
436300 0.0628128
436300 0.249546
436310 0.0142164
436310 0.313228
436320 0.0337923
436320 0.194559
436330 -0.0399075
436330 0.236572
436340 0.011431
436340 0.0465447
436350 0.0464825
436350 0.104353
436360 0.00329408
436360 0.055252
436370 0
436380 0
437100 0
437110 0
437120 0.00790943
437130 0.0821667
437140 0.005273
437150 0
437160 0
444600 0
444610 0
444620 0.0160903
444620 -0.0217243
444630 0.0165686
444630 0.0925656
444640 0.0495469
444640 0.0501691
444650 0.0220809
444650 0.149253
444660 0
444660 0.0548625
444670 0.00252
444670 0.0657981
444680 0.0052074
444680 -0.0842917
444690 -0.00432494
444690 0.106636
444700 0
444700 0.0206646
445400 -0.025726
445400 0.11834
445410 0.0746575
445410 0.339423
445420 0.0508297
445420 0.104523
445430 0.0535681
445430 0.340955
445440 0.0165691
445440 0.0246787
445450 0.0038021
445450 0.107331
445460 0.0200667
445460 -0.0277885
445470 -0.00889942
445470 0.105416
445480 0.0178257
445480 -0.0186591
445490 0
445500 0
446200 0
446210 0
446220 -0.033668
446220 0.0590014
446230 -0.0163184
446230 0.263243
446240 0.00546647
446240 0.0419482
446250 -0.00880145
446250 0.135314
446260 -0.0268396
446260 0.0410635
446270 0
446280 0
44700 0
447020 0
447030 0
447040 -0.0404375
447050 0
447060 0
454500 0
454500 -2.69325e-16
454510 -0.0371906
454510 0.330078
454520 0
454530 0.0461714
454530 0.361848
454540 0
454540 -4.12232e-18
454550 0.00287002
454550 0.0993953
454560 0
454560 2.06116e-18
454570 0.084206
454570 -0.0946546
454580 0
454590 0.0489514
454590 0.141569
454600 0
45480 0
45490 0
45500 0
45500 1.75886e-16
455300 0
455310 0
455320 0
455320 -0.00845315
455330 -0.0660733
455330 0.181995
455340 0
455340 -0.0235499
455350 -0.078355
455350 0.133113
455360 -0.00812303
455360 0.0292053
455370 0.0124607
455370 0.104488
455380 0.00378851
455380 0.00964282
455390 0
455400 0
456120 0
456130 0
456140 0.00614393
456140 0.0462079
456150 0.0097985
456150 0.122527
456160 0.00495946
456160 0.0362386
456170 0
456180 0
46260 0
46270 0
46280 0
46280 -1.64893e-17
46290 0.0219517
46290 0.13171
46300 0
46300 4.94678e-17
465220 0
465230 0
465240 0.00409127
465240 0.0400875
465250 0.00584735
465250 0.128627
465260 0.0409189
465260 0.0918464
465270 0.00364339
465270 0.0642304
465280 0.00198001
465280 0.00772159
465290 0
465300 0
466040 0
466050 0
466060 -0.0138599
466060 0.015546
466070 0
466080 0
47040 0
47050 0
47060 -0.00142504
47060 0.00213755
47070 0.0180747
47070 0.108448
47080 -0.0459258
47080 0.0688887
47090 0.0127074
47090 0.0762443
47100 0.0118844
47100 0.0178266
475140 0
475150 0
475160 -0.00128911
475160 0.00476516
475170 0.0386561
475170 -0.0665109
475180 -0.00118515
475180 0.00747624
475190 0
475200 0
47820 0
47830 0
47840 -0.0043719
47840 0.00655785
47850 0.0220872
47850 0.0923646
47860 -0.058443
47860 0.0876645
47870 0.0200429
47870 0.0826766
47880 -0.0214971
47880 0.0428764
47890 0.02377
47890 0.0757118
47900 0.019501
47900 0.0292516
485060 0
485070 0
485080 0.00363852
485080 0.0311857
485090 0
485100 0
48600 0
48610 0
48620 -0.0127377
48620 0.0204911
48630 0.0433428
48630 0.0866855
48640 -0.0666352
48640 0.110677
48650 -0.018348
48650 0.132367
48660 -0.00808137
48660 0.0770605
48670 0.0381432
48670 0.0550348
48680 0.0280051
48680 -0.0355483
48690 0.0247901
48690 0.0642317
48700 0.0426182
48700 0.0607563
49400 -0.0830728
49400 0.172536
49410 0.093916
49410 0.17218
49420 -0.0837753
49420 0.189979
49430 -0.0530657
49430 0.190666
49440 0.00865476
49440 0.101116
49450 0.0532236
49450 0.0540794
49460 0.0321376
49460 -0.0578606
49470 0.0257135
49470 0.0653734
49480 0.0271333
49480 0.0401346
49490 0
49500 0
50200 0
50210 0
50220 0.0134718
50220 0.0532328
50230 0.0490149
50230 0.12393
50240 0.0365418
50240 -0.0837892
50250 0.027413
50250 0.0668427
50260 0.0244433
50260 0.0405691
50270 0
50280 0
505640 0
505650 0
505660 0.019386
505660 0.0326013
505670 0
505680 0
506420 0
506430 0
506440 0.0555879
506450 0
506460 0
507200 0
507210 0
507220 0.0694641
507230 0
507240 0
508000 0.129611
508010 0
508020 0
51020 0
51030 0
51040 0.071797
51050 0
51060 0
515520 0
515530 0
515540 -0.00210707
515540 0.0141562
515550 -0.00625704
515550 0.0860719
515560 -0.00170084
515560 0.0222783
515570 0
515580 0
516300 0
516310 0
516320 0.000736316
516330 0.0433683
516340 0.000490817
516350 0
516360 0
517100 0.00957205
517110 0.0986255
517120 0.00306548
517130 0
517140 0
525400 0
525410 0
525420 -0.0509749
525420 0.0542033
525430 -0.00994643
525430 0.217233
525440 0.0271872
525440 -0.0784902
525450 -0.00536468
525450 0.111522
525460 -0.00891919
525460 0.0161977
525470 0
525480 0
526200 -0.12767
526210 -0.0247161
526220 -0.0554984
526230 -0.00791551
526240 -0.0166281
526250 0
526260 0
527000 0
527010 0
527020 -0.0208254
527030 0
527040 0
535300 0
535300 -3.40778e-16
535310 -0.166683
535310 0.390341
535320 0
535330 -0.110935
535330 0.293737
535340 0
535340 -6.87053e-19
535350 0.0228818
535350 0.130489
535360 0
535360 2.74821e-18
535370 0
535380 0
536100 0
536110 0
536120 0.00279845
536130 0.0480141
536140 0.00186568
536150 0
536160 0
53800 0
54580 0
54590 0
54600 0
54600 -0.149761
546020 0
546030 0
546040 -0.0141578
546050 0
546060 0
55360 0
55370 0
55380 0
55380 -0.0571441
55390 0
55390 6.59571e-17
55400 0
55400 -0.0505202
56140 0
56150 0
56160 0.000665743
56160 -0.0279612
56170 0
56170 6.59571e-17
56180 0.0184294
56180 0.088461
56190 0
56190 5.49642e-17
56200 0.0113269
56200 -0.046818
56920 0
56930 0
56940 0.00190103
56940 -0.0114062
56950 -0.00329268
56950 0.00493901
56960 0.022248
56960 0.119547
56970 -0.0328686
56970 0.0493029
56980 0.011846
56980 0.0462053
56990 0.0174239
56990 0.0261359
57000 0.0166976
57000 -0.0473341
57700 0
57710 0
57720 0.00681534
57720 0.00999583
57730 -0.0136004
57730 0.0204005
57740 0.0356838
57740 0.139762
57750 -0.0552844
57750 0.0829265
57760 0.0412363
57760 0.0546046
57770 -0.000285347
57770 0.0289755
57780 0.0256088
57780 0.0375167
57790 0.0234283
57790 0.0351425
57800 0.0191622
57800 -0.0601266
58500 0.0853505
58500 0.162668
58510 -0.0692847
58510 0.111458
58520 0.0975804
58520 0.193101
58530 -0.0789395
58530 0.130124
58540 0.021241
58540 0.0922046
58550 0.00390062
58550 0.0472489
58560 0.0273994
58560 0.0574758
58570 -0.00162201
58570 0.0315449
58580 0.0122836
58580 -1.89021e-05
58590 0.0291969
58590 0.043187
58600 0.0240445
58600 -0.0932627
59300 0
59310 0
59320 0.0206762
59320 -0.0369537
59330 0.0411571
59330 0.044021
59340 0.0519027
59340 0.0854468
59350 -0.015995
59350 0.0417112
59360 0.00949259
59360 0.0121975
59370 0.0296359
59370 0.0491874
59380 0.0155684
59380 -0.0618337
59390 0
59400 0
60120 0
60130 0
60140 0.0553858
60140 -0.073655
60150 0.0453014
60150 0.0714997
60160 0.0138272
60160 -0.0594548
60170 0
60180 0
606200 0
606210 0
606220 -0.000672407
606230 0
606240 0
607000 -0.0197333
607010 0
607020 0
616100 -2.96807e-16
616110 0.078937
616120 -2.74821e-18
616130 0
616140 0
62900 0
63680 0
63690 0
63700 0
63700 0.0717275
64460 0
64470 0
64480 0
64480 0.0237571
64490 0
64490 -0.146929
64500 0
64500 0.0208354
65240 0
65250 0
65260 0
65260 0.0119195
65270 0
65270 -0.100646
65280 0
65280 0.00818632
65290 0
65290 -0.0726463
65300 0.00320135
65300 0.00883131
66020 0
66030 0
66040 0
66040 0.00780165
66050 0.0016172
66050 -0.0679223
66060 0
66060 0.00473456
66070 0.0142762
66070 0.0297938
66080 0
66080 0.0039872
66090 0.0188168
66090 -0.0742854
66100 0.00428469
66100 0.00457033
66800 0
66810 0
66820 0.00130334
66820 0.00608226
66830 0.00629574
66830 -0.0377744
66840 -0.0020611
66840 0.0083916
66850 0.0231759
66850 0.0923141
66860 -0.0179845
66860 0.0308881
66870 0.00911194
66870 -0.01623
66880 0.0213476
66880 0.0294653
66890 0.0250077
66890 -0.0693449
66900 -0.00248602
66900 0.00442813
67600 -0.0127156
67600 0.0408718
67610 0.0403003
67610 0.0591075
67620 -0.0292371
67620 0.0494246
67630 0.0465932
67630 0.155311
67640 -0.0376336
67640 0.0597589
67650 -0.01096
67650 0.0197055
67660 0.0193575
67660 0.0230643
67670 -0.0259446
67670 0.0277604
67680 0.0157952
67680 0.0180715
67690 0.0222292
67690 -0.0706038
67700 0.00439855
67700 -0.0107181
68400 0
68410 0
68420 0.010739
68420 0.0130436
68430 0.0189102
68430 -0.111447
68440 0.053652
68440 0.0609034
68450 -0.0109273
68450 0.0461992
68460 0.00646541
68460 0.0137241
68470 0.0195654
68470 -0.0599651
68480 0.0125598
68480 0.0179265
68490 0.0151532
68490 -0.0601845
68500 0.00509456
68500 -0.0351822
69220 0
69230 0
69240 -0.0137403
69240 0.039171
69250 0.0552888
69250 -0.0977764
69260 0.025702
69260 0.0286423
69270 0.0141687
69270 -0.060923
69280 0.00332866
69280 -0.0262292
69290 0
69300 0
70040 0
70050 0
70060 0.00271828
70060 -0.0366015
70070 0
70080 0
72000 0
72780 0
72790 0
72800 0
72800 0.136208
73560 0
73570 0
73580 0
73580 0.0369099
73590 0
73590 0.0727575
73600 0
73600 0.032195
74340 0
74350 0
74360 0
74360 0.0100502
74370 0
74370 0.0434839
74380 0
74380 -0.125571
74390 0
74390 0.0315883
74400 0
74400 0.0327323
75120 0
75130 0
75140 0
75140 -0.00472414
75150 0
75150 0.0303019
75160 0
75160 -0.13402
75170 0
75170 0.0219374
75180 0
75180 -0.0645511
75190 0.00583991
75190 0.0145349
75200 0
75200 0.0305572
75900 0
75910 0
75920 0.000482862
75920 -0.0241431
75930 0
75930 0.0273147
75940 0.00293408
75940 -0.125187
75950 0
75950 0.0169882
75960 0.00978821
75960 -0.0171956
75970 0
75970 0.0112866
75980 0.0233043
75980 -0.0696587
75990 0.0072088
75990 0.00740189
76000 0
76000 0.0367905
76700 0.0141382
76700 -0.126302
76710 0.00827851
76710 0.038633
76720 0.0165775
76720 -0.110036
76730 0.00845239
76730 0.011344
76740 0.018722
76740 0.037507
76750 0.000332206
76750 0.0051746
76760 0.00787836
76760 -0.0739723
76770 0.0231993
76770 0.0287599
76780 0.0156619
76780 -0.0477389
76790 -0.0049992
76790 0.00652533
76800 0
76800 0.0457737
77500 0
77510 0
77520 -0.00303518
77520 0.00797511
77530 0.0119843
77530 0.0172289
77540 0.0398608
77540 -0.142462
77550 0.0412035
77550 0.0567701
77560 0.00300248
77560 -0.0488929
77570 0.00350718
77570 0.0133146
77580 0.0185021
77580 -0.0254044
77590 0.00479659
77590 -0.0132695
77600 0
77600 0.0610515
78320 0
78330 0
78340 0.0165306
78340 0.0520715
78350 -0.0246146
78350 0.0410298
78360 -0.0353551
78360 0.0439868
78370 -0.0063299
78370 0.0124984
78380 0.0125159
78380 0.0172258
78390 0.00285731
78390 -0.022515
78400 0.00975217
78400 0.0914697
79140 0
79150 0
79160 0.0167125
79160 0.069923
79170 0.00215757
79170 -0.0290515
79180 0.00778508
79180 0.0642836
79190 0
79200 0
81880 0
81890 0
81900 0
81900 -0.195359
82660 0
82670 0
82680 0
82680 -0.0375005
82690 0
82690 0.142551
82700 0
82700 -0.032583
8300 0
83440 0
83450 0
83460 0
83460 -0.0100278
83470 0
83470 0.0700157
83480 0
83480 0.0614432
83490 0
83490 0.0510888
83500 0
83500 -0.0195213
84220 0
84230 0
84240 0
84240 3.31202e-09
84250 0
84250 0.0266374
84260 0
84260 0.0593254
84270 0
84270 -0.0885192
84280 0
84280 0.029063
84290 0
84290 0.0619249
84300 0
84300 -0.0140986
85000 0
85010 0
85020 0
85020 0.0100263
85030 0
85030 -0.0173887
85040 0
85040 0.0582331
85050 0
85050 -0.146905
85060 0
85060 0.0315956
85070 0
85070 -0.0196022
85080 0.00798127
85080 0.010214
85090 0
85090 0.0576955
85100 0
85100 -0.0105152
85800 0
85800 0.0809321
85810 0.00326509
85810 -0.163255
85820 0
85820 0.0806769
85830 0.00429728
85830 -0.189985
85840 0
85840 0.0293717
85850 0.00181496
85850 -0.00917632
85860 0.000767074
85860 0.0123721
85870 0.0239184
85870 -0.0243536
85880 0.00180204
85880 0.00593795
85890 0
85890 0.0656859
85900 0
85900 -0.008143
86600 0
86610 0
86620 0.00228824
86620 -0.00739108
86630 0.0118527
86630 0.0570625
86640 0.0102538
86640 0.0108147
86650 0.048426
86650 -0.0690309
86660 0.00048672
86660 0.0142024
86670 0.0118886
86670 0.0240021
86680 0.012184
86680 -0.0126346
86690 0
86690 0.0684247
86700 0
86700 -0.00363999
87420 0
87430 0
87440 0.00316832
87440 -0.00928566
87450 0.0217342
87450 0.108057
87460 -0.0271832
87460 0.0359613
87470 0.0195804
87470 0.0520727
87480 -0.0123672
87480 0.0145714
87490 0.00410039
87490 0.0660658
87500 0.002446
87500 0.00756897
88240 0
88250 0
88260 0.00484967
88260 0.0214454
88270 0.00687358
88270 0.0748881
88280 -0.00636155
88280 0.0148182
88290 0.00564788
88290 0.0466362
88300 0.013951
88300 0.0225915
89060 0
89070 0
89080 0.0135674
89080 0.0166452
89090 0
89100 0
9080 0
9090 0
9100 0.16913
91760 0
91770 0
91780 0
91780 -7.55822e-17
91790 0
91790 -0.210562
91800 0
91800 -1.80231e-17
92540 0
92550 0
92560 0
92560 0.00721197
92570 0
92570 -0.0735481
92580 0
92580 0.14364
92590 0
92590 -0.0538402
92600 0
92600 -0.0185076
93320 0
93330 0
93340 0
93340 0.0120547
93350 0
93350 -0.0276208
93360 0
93360 0.106805
93370 0
93370 0.038038
93380 0
93380 0.0558999
93390 0
93390 -0.0386063
93400 0
93400 -0.0158617
94100 0
94110 0
94120 0
94120 0.0173175
94130 0
94130 2.11198e-08
94140 0
94140 0.0577674
94150 0
94150 0.064771
94160 0
94160 -0.0437934
94170 0
94170 0.00758951
94180 0
94180 0.0799905
94190 0
94190 -0.0286371
94200 0
94200 -0.0216896
94900 0
94900 -0.0155177
94910 0
94910 0.0716749
94920 0
94920 -0.0444518
94930 0
94930 0.0913941
94940 0
94940 -0.119587
94950 0
94950 0.016363
94960 0
94960 0.0578783
94970 0.00909784
94970 -0.00980988
94980 0
94980 0.0636567
94990 0
94990 -0.0199966
95000 0
95000 -0.0274424
95700 0
95710 0
95720 0
95720 0.0245705
95730 0.0045631
95730 -0.0340551
95740 0
95740 0.137876
95750 -0.0120596
95750 0.0179545
95760 0
95760 0.033537
95770 0.00524258
95770 -0.0135944
95780 0.00297785
95780 0.0613726
95790 0
95790 -0.0133802
95800 0
95800 -0.0374693
96520 0
96530 0
96540 0
96540 -0.0243633
96550 0.0063137
96550 -0.0183934
96560 0.0119301
96560 0.0951675
96570 0.0172663
96570 -0.0220487
96580 0.009904
96580 0.0326694
96590 -0.00292012
96590 0.00842024
96600 0.00418405
96600 -0.0499994
97340 0
97350 0
97360 0.00865311
97360 -0.0603018
97370 0.0067122
97370 0.00968834
97380 -0.00842079
97380 0.0116045
97390 0.00456803
97390 0.0142223
97400 0.0114578
97400 -0.0648588
98160 0
98170 0
98180 0.0177574
98180 -0.0692628
98190 0.00762421
98190 0.00935377
98200 0.0187076
98200 -0.0815937
9860 0
9870 0
9880 0.094972
9890 0
9900 0
