0551
101440 0
101450 0
101460 0
101460 -0.0329105
102260 0
103860 0
104640 0
104650 0
104660 0.0108534
104660 0.0556948
105440 0.000937125
105440 0.0112446
105450 0
105460 0
106240 0
111360 0
112960 0
113740 0
113750 0
113760 0
113760 -0.089539
114540 0
114540 -0.0153972
114550 0.0132694
114550 0.0461908
114560 0.0558007
114560 0.0966454
115340 0.0392972
115340 0.0919154
115350 0
115360 0
116140 0
122060 0
122840 0
122850 0
122860 0.0247974
122860 0.0957211
123640 0.00375819
123640 0.0128141
123650 0
123650 -0.0880822
123660 0
123660 -0.135474
124440 0
124440 -0.10866
124450 0.0406955
124450 0.0637279
124460 0
124460 -0.0493305
125240 0.0130195
125240 0.0151808
125250 0
125260 0
126040 0
131940 0
131950 0
131960 0
131960 -0.0709253
132740 0
132740 -0.00586359
132750 0.0282312
132750 0.105548
132760 0.0267611
132760 0.149869
133540 0.0270517
133540 0.098199
133550 0
133550 -0.147299
133560 0
133560 -0.0144437
134340 0
134340 -0.0813987
134350 0
134350 -0.00537618
134360 0
134360 -0.0840058
135140 0
135140 -0.0717306
135150 0
135160 0
13960 0
141840 0.00657211
141840 -2.45055e-07
141850 0
141850 -0.0853925
141860 0
141860 -0.117468
142640 0
142640 -0.0572874
142650 0.0483108
142650 0.204679
142660 0.00298842
142660 0.0728475
143440 0.0159867
143440 0.109627
143450 0
143450 -0.0755797
143460 0.0178666
143460 0.0928891
144240 0
144240 0.0106234
144250 0
144250 -0.0395041
144260 0.00297636
144260 0.0476541
145040 0
145040 -0.0173652
145050 0
145060 0
14740 0
14750 0
14760 0
14760 -0.160033
151740 0.00304508
151740 0.0148593
151750 0
151750 -0.186339
151760 0
151760 -0.0899078
152540 0
152540 -0.0682012
152550 0.0473938
152550 0.188409
152560 0
152560 -0.0550525
153340 0.00982711
153340 0.0750869
153350 0
153350 0.0301365
153360 0.00190252
153360 0.0423445
154140 0.0112863
154140 0.0751657
154150 0
154150 -0.00297959
154160 0.0232481
154160 0.0695047
15540 0
15540 -0.136412
15550 0.0423345
15560 0
15560 -0.0130261
161640 0
161640 1.94746e-17
161650 0
161650 -0.231061
161660 0
161660 1.21716e-17
162440 0
162440 -0.0752464
162450 0.0228397
162450 0.0741088
162460 0
162460 -0.101698
163240 0
163240 0.0122538
163250 0.0092896
163250 0.0458092
163260 0
163260 -0.0666435
16340 0.00795066
16350 0
16360 0
164040 0
164050 0
164060 0
164060 -0.0397403
17140 0
172340 0
172340 -0.10051
172350 0
172350 -0.0248232
172360 0
172360 -0.0291673
173140 0
173150 0
173160 0
173160 -0.0683349
182240 0
182250 0
182260 0.000599743
182260 0.0858735
183060 0
192160 0
202860 0
203640 0
203650 0
203660 0
203660 -0.0948017
204440 0
204440 -0.117652
204450 0
204460 0
205240 0
212740 0
212750 0
212760 0
212760 0.111553
213540 0.0271542
213540 0.160236
213550 0
213550 -0.0192586
213560 0.0275579
213560 0.0874916
214340 0
214340 0.00569571
214350 0
214360 0
215140 0
222640 0
222640 -0.150739
222650 0
222650 0.028049
222660 0
222660 -0.0568927
223440 0
223440 0.0458397
223450 0.0207714
223450 0.0655755
223460 0.0202118
223460 0.107401
224240 0.0357712
224240 0.128053
224250 0
224260 0
225040 0
23060 0
232540 0.00109679
232540 -0.0798617
232550 0
232550 -0.087191
232560 0
232560 -0.12221
233340 0
233340 -0.085349
233350 0.0352034
233350 0.072867
233360 0
233360 -0.0880826
234140 0
234140 0.0199168
234150 0
234160 0
23840 0
23850 0
23860 0.070123
23860 0.233744
242440 0
242440 4.86865e-18
242450 0
242450 -0.161039
242460 0
243240 0
243240 -0.116766
243250 0
243250 -0.0173341
243260 0
243260 -0.100911
244040 0
244040 -0.0961268
244050 0
244060 0
24640 0.0838959
24640 0.217508
24650 0
24650 -0.106794
24660 0
24660 -0.0264923
253140 0
253140 -0.0221335
253150 0
253150 -0.0425875
253160 0.0273086
253160 0.0825115
25440 0
25440 -0.0514624
25450 0.00557076
25460 0
25460 -0.0464125
26240 0
26240 -0.0346194
26250 0
26260 0
263040 0
263050 0
263060 0.0114833
263060 0.0806485
27040 0
303440 0
303440 -0.0254866
303450 0
303460 0
304240 0
313340 0
313340 -0.140575
313350 0
313360 0
314140 0
32160 0
323240 0
323240 -4.86865e-18
323250 0
323260 0
324040 0
32940 0
32950 0
32960 0
32960 -0.24052
33740 0
33740 -0.251329
33750 0.0502657
33750 0.167552
33760 0.0290331
33760 0.0806473
34540 0.0380118
34540 0.105428
34550 0
34550 -0.0553499
34560 0.00455912
34560 0.0510186
35340 0
35340 0.0147829
35350 0
35350 -0.0213918
35360 0
35360 0.0152565
36140 0
36140 -0.00874931
36150 0
36160 0
41260 0
42040 0
42050 0
42060 0
42060 0.174491
42840 0.0133211
42840 0.216469
42850 0
42850 -0.183544
42860 0
42860 -0.114767
43640 0
43640 -0.134532
43650 0.0455951
43650 0.1337
43660 0
43660 -0.0286175
44440 0.0156063
44440 0.0305946
44450 0
44450 0.0152783
44460 0.0236633
44460 0.0259233
45240 0.0030253
45240 0.0323578
45250 0
45250 -0.00456919
45260 0.0156529
45260 0.0367421
46040 0
46040 0.0226573
46050 0
46060 0
4860 0
51140 0
51150 0
51160 0
51160 -0.0798713
51940 0
51940 -0.135458
51950 0
51950 0.140772
51960 0
51960 0.102239
52740 0.00456401
52740 0.117827
52750 0
52750 -0.188254
52760 0
52760 -0.0118389
53540 0
53540 -0.0686864
53550 0.0234753
53550 0.0421852
53560 0
53560 -0.0554441
54340 0.00280613
54340 -0.0141499
54350 0.00434579
54350 0.028786
54360 0
54360 -0.0302849
55140 0.0077749
55140 0.015285
55150 0
55150 0.00916533
55160 0
55160 -0.0152556
5640 0
5650 0
5660 0.0689657
61040 0
61040 0.0544675
61050 0
61050 -0.0677433
61060 0
61060 -0.0543366
61840 0
61840 -0.0701005
61850 0
61850 0.17198
61860 0
61860 0.0372716
62640 0
62640 0.0648883
62650 0
62650 -0.122586
62660 0
62660 0.0512839
63440 0
63440 -0.030024
63450 0
63450 -0.0230178
63460 0
63460 -0.0103121
64240 0
64240 -0.0345797
64250 0.00208465
64250 0.00761023
64260 0
64260 -0.0269992
6440 0.0546538
6450 0
6460 0
65040 0
65050 0
65060 0
65060 -0.0259803
70940 0
70940 0.0248883
70950 0
70950 -0.0945675
70960 0
70960 -0.0299832
71740 0
71740 -0.0288354
71750 0
71750 0.154589
71760 0
71760 -0.0225304
7240 0
72540 0
72540 0.0407221
72550 0
72550 -0.0382557
72560 0
72560 0.0520888
73340 0
73340 -0.00392237
73350 0
73350 -0.0263696
73360 0
73360 0.0358457
74140 0
74150 0
74160 0
74160 0.0215372
80840 0
80840 3.79502e-17
80850 0
80850 -0.104208
80860 0
80860 7.88726e-18
81640 0
81640 -0.0043033
81650 0
81650 0.102471
81660 0
81660 -0.0572015
82440 0
82440 0.0425932
82450 0
82450 0.0130628
82460 0
82460 0.00912886
83240 0
83250 0
83260 0.00275283
83260 0.0336457
84060 0
91540 0
91540 -0.00163982
91550 0
91550 0.0425995
91560 0
91560 -0.0577527
92340 0
92350 0
92360 0
92360 -0.040697
93160 0
