# mass number (A) = 27
# number of protons (Z) = 13
#relative orbital quantum number l = 3
# k (1/fm)	total two_body (fm^3)
0.0	1.16206208647
0.02	1.16084964105
0.04	1.15721920262
0.06	1.1511914114
0.08	1.14280049046
0.1	1.13209398057
0.12	1.1191323709
0.14	1.10398862737
0.16	1.08674762121
0.18	1.0675054612
0.2	1.04636873368
0.22	1.0234536555
0.24	0.998885146142
0.26	0.972795826155
0.28	0.945324950338
0.3	0.916617285068
0.32	0.886821940356
0.34	0.856091168127
0.36	0.82457913918
0.38	0.792440711962
0.4	0.759830206851
0.42	0.726900199981
0.44	0.69380035067
0.46	0.660676276349
0.48	0.627668488384
0.5	0.594911401456
0.52	0.562532428102
0.54	0.530651168754
0.56	0.49937870612
0.58	0.46881701102
0.6	0.439058464959
0.62	0.410185502753
0.64	0.382270376518
0.66	0.355375040302
0.68	0.329551152675
0.7	0.304840192705
0.72	0.281273683015
0.74	0.258873512041
0.76	0.237652346262
0.78	0.217614122071
0.8	0.198754606081
0.82	0.18106201208
0.84	0.164517662518
0.86	0.149096682371
0.88	0.134768713389
0.9	0.121498637197
0.92	0.10924729632
0.94	0.0979722030376
0.96	0.0876282269282
0.98	0.0781682530428
1.0	0.0695438037996
1.02	0.0617056189043
1.04	0.0546041888128
1.06	0.0481902384624
1.08	0.0424151591547
1.1	0.0372313875736
1.12	0.0325927319311
1.14	0.0284546461421
1.16	0.0247744537328
1.18	0.0215115238633
1.2	0.0186274024051
1.22	0.0160859014516
1.24	0.013853150958
1.26	0.0118976164142
1.28	0.01019008656
1.3	0.00870363516038
1.32	0.00741356079257
1.34	0.00629730845021
1.36	0.0053343765778
1.38	0.00450621290149
1.4	0.00379610214725
1.42	0.00318904843696
1.44	0.00267165484116
1.46	0.00223200225045
1.48	0.00185952941586
1.5	0.00154491570609
1.52	0.00127996784377
1.54	0.00105751161593
1.56	0.000871289310099
1.58	0.000715863407922
1.6	0.000586526873924
1.62	0.000479220208791
1.64	0.000390455292879
1.66	0.000317245926422
1.68	0.000257044875965
1.7	0.000207687160542
1.72	0.000167339253784
1.74	0.000134453837528
1.76	0.000107729716459
1.78	8.60764896338e-05
1.8	6.85835715548e-05
1.82	5.44931607218e-05
1.84	4.31767656526e-05
1.86	3.41149156015e-05
1.88	2.6879704226e-05
1.9	2.11198380539e-05
1.92	1.65478867384e-05
1.94	1.29294579087e-05
1.96	1.00740452088e-05
1.98	7.82732332836e-06
2.0	6.06468802733e-06
2.02	4.68586204015e-06
2.04	3.61040909394e-06
2.06	2.77401796719e-06
2.08	2.12543648495e-06
2.1	1.62395158918e-06
2.12	1.23732617734e-06
2.14	9.40116335178e-07
2.16	7.12303996858e-07
2.18	5.38190052344e-07
2.2	4.05501607368e-07
2.22	3.04674604963e-07
2.24	2.2827946033e-07
2.26	1.70562859765e-07
2.28	1.27083540647e-07
2.3	9.44238072774e-08
2.32	6.99618425084e-08
2.34	5.16926346824e-08
2.36	3.80876317945e-08
2.38	2.79851296153e-08
2.4	2.05049591214e-08
2.42	1.49823145426e-08
2.44	1.09166030598e-08
2.46	7.93204053393e-09
2.48	5.74739864597e-09
2.5	4.15285630928e-09
2.52	2.99234643976e-09
2.54	2.15013844954e-09
2.56	1.54067403853e-09
2.58	1.10089295496e-09
2.6	7.84457850759e-10
2.62	5.57422549374e-10
2.64	3.9499359821e-10
2.66	2.79117066158e-10
2.68	1.96686134062e-10
2.7	1.38214091211e-10
2.72	9.68550644196e-11
2.74	6.7683683751e-11
2.76	4.71669170174e-11
2.78	3.2778045239e-11
2.8	2.27154254464e-11
2.82	1.56982475269e-11
2.84	1.08186768651e-11
2.86	7.43515474731e-12
2.88	5.09564267572e-12
2.9	3.48258092883e-12
2.92	2.37354226941e-12
2.94	1.6131933703e-12
2.96	1.09337665045e-12
2.98	7.39004821782e-13
3.0	4.98102888789e-13
3.02	3.34799931501e-13
3.04	2.24412152346e-13
3.06	1.5000381011e-13
3.08	9.998925095e-14
3.1	6.64660149182e-14
3.12	4.4059692519e-14
3.14	2.91258743822e-14
3.16	1.92004922487e-14
3.18	1.2622396705e-14
3.2	8.27499135204e-15
3.22	5.40990602079e-15
3.24	3.52702492317e-15
3.26	2.29310614085e-15
3.28	1.48674604242e-15
3.3	9.61272708495e-16
3.32	6.198031833e-16
3.34	3.98527725812e-16
3.36	2.55541244892e-16
3.38	1.63403507711e-16
3.4	1.04198105586e-16
3.42	6.62607770162e-17
3.44	4.20195745953e-17
3.46	2.65732929335e-17
3.48	1.67586050184e-17
3.5	1.05397252575e-17
3.52	6.61027940012e-18
3.54	4.13437255886e-18
3.56	2.57868820038e-18
3.58	1.60393826906e-18
3.6	9.94892644342e-19
3.62	6.15410219384e-19
3.64	3.79623648748e-19
3.66	2.33529657554e-19
3.68	1.43262065771e-19
3.7	8.76437422529e-20
3.72	5.3470138159e-20
3.74	3.25313839883e-20
3.76	1.9737619099e-20
3.78	1.19423040867e-20
3.8	7.20580942802e-21
3.82	4.33589592485e-21
3.84	2.60181552415e-21
3.86	1.55695431378e-21
3.88	9.29131311475e-22
3.9	5.52942944775e-22
3.92	3.28160030391e-22
3.94	1.94219718228e-22
3.96	1.14631339297e-22
3.98	6.74708153455e-23
4.0	3.96032866033e-23
4.02	2.31819150305e-23
4.04	1.35322599579e-23
4.06	7.87760908235e-24
4.08	4.57321604583e-24
4.1	2.64759979128e-24
4.12	1.52857379573e-24
4.14	8.80083865976e-25
4.16	5.05318745433e-25
4.18	2.89341402303e-25
4.2	1.65218889458e-25
4.22	9.40833730663e-26
4.24	5.34281630389e-26
4.26	3.02574208667e-26
4.28	1.70882656342e-26
4.3	9.62428774127e-27
4.32	5.40559939697e-27
4.34	3.02777692973e-27
4.36	1.69125372059e-27
4.38	9.42103542505e-28
4.4	5.23351653766e-28
4.42	2.89930407445e-28
4.44	1.60176662241e-28
4.46	8.82490682567e-29
4.48	4.84871367464e-29
4.5	2.65673706607e-29
4.52	1.4516982065e-29
4.54	7.91060933787e-30
4.56	4.29882205684e-30
4.58	2.32967336136e-30
4.6	1.25906088789e-30
4.62	6.78585639893e-31
4.64	3.647278507e-31
4.66	1.95496783887e-31
4.68	1.04500129904e-31
4.7	5.57058315677e-32
4.72	2.96135999658e-32
4.74	1.56995988182e-32
4.76	8.30028112572e-33
4.78	4.37626929312e-33
4.8	2.30103039119e-33
4.82	1.20655699155e-33
4.84	6.30929138065e-34
4.86	3.2901877071e-34
4.88	1.71107166513e-34
4.9	8.8740780388e-35
4.92	4.58971684236e-35
4.94	2.36731599576e-35
4.96	1.21768328965e-35
4.98	6.2462637293e-36
5.0	3.19531904091e-36
