# mass number (A) = 40
# number of protons (Z) = 20
#relative orbital quantum number l = 1
# k (1/fm)	total two_body (fm^3)
0.0	1.66566467935
0.02	1.6655537083
0.04	1.66520346146
0.06	1.66456267583
0.08	1.66354833815
0.1	1.6620492018
0.12	1.65993047538
0.14	1.65703946319
0.16	1.65321189534
0.18	1.64827865673
0.2	1.64207261053
0.22	1.63443521389
0.24	1.62522264078
0.26	1.61431115765
0.28	1.60160154093
0.3	1.58702237727
0.32	1.57053214628
0.34	1.55212004692
0.36	1.53180558987
0.38	1.50963703606
0.4	1.48568881236
0.42	1.46005807789
0.44	1.43286064592
0.46	1.4042264858
0.48	1.37429503678
0.5	1.34321056051
0.52	1.31111774322
0.54	1.27815773248
0.56	1.24446476
0.58	1.21016346273
0.6	1.17536697175
0.62	1.14017579581
0.64	1.10467748434
0.66	1.06894701686
0.68	1.03304783334
0.7	0.9970333938
0.72	0.960949137445
0.74	0.924834701051
0.76	0.888726253958
0.78	0.852658811969
0.8	0.816668403986
0.82	0.780793982255
0.84	0.745078988219
0.86	0.709572509861
0.88	0.674329991552
0.9	0.639413482459
0.92	0.604891433239
0.94	0.570838071947
0.96	0.537332408111
0.98	0.504456927971
1.0	0.472296053839
1.02	0.440934446127
1.04	0.410455228089
1.06	0.380938210985
1.08	0.352458191704
1.1	0.325083386519
1.12	0.298874054209
1.14	0.273881349987
1.16	0.250146439228
1.18	0.227699887527
1.2	0.206561331632
1.22	0.186739424923
1.24	0.168232041511
1.26	0.15102671516
1.28	0.135101283101
1.3	0.120424700553
1.32	0.106957989262
1.34	0.0946552826065
1.36	0.0834649305053
1.38	0.073330629354
1.4	0.0641925452411
1.42	0.0559884024861
1.44	0.0486545138506
1.46	0.0421267333641
1.48	0.0363413173494
1.5	0.0312356837474
1.52	0.0267490640724
1.54	0.0228230461576
1.56	0.0194020091877
1.58	0.0164334553252
1.6	0.0138682444795
1.62	0.0116607404669
1.64	0.00976887798011
1.66	0.00815416047719
1.68	0.00678159936411
1.7	0.00561960474709
1.72	0.00463983763341
1.74	0.00381703283044
1.76	0.00312880099298
1.78	0.00255541735736
1.8	0.00207960372817
1.82	0.00168630929328
1.84	0.00136249487226
1.86	0.0010969242799
1.88	0.000879965631967
1.9	0.000703404649221
1.92	0.000560271336217
1.94	0.000444680827132
1.96	0.000351688701514
1.98	0.000277160673978
2.0	0.000217656247593
2.02	0.000170325682981
2.04	0.000132819464943
2.06	0.000103209336652
2.08	7.99199086001e-05
2.1	6.16698267903e-05
2.12	4.742149382e-05
2.14	3.63383699814e-05
2.16	2.7748932832e-05
2.18	2.1116437133e-05
2.2	1.60136879354e-05
2.22	1.2102114059e-05
2.24	9.11450420762e-06
2.26	6.84084118126e-06
2.28	5.11673938505e-06
2.3	3.81405593271e-06
2.32	2.83330538323e-06
2.34	2.09756216451e-06
2.36	1.54758294028e-06
2.38	1.13792368847e-06
2.4	8.33863349944e-07
2.42	6.08977948921e-07
2.44	4.4323651436e-07
2.46	3.2151340622e-07
2.48	2.3243124213e-07
2.5	1.67464983248e-07
2.52	1.20251305186e-07
2.54	8.60585492668e-08
2.56	6.13816827261e-08
2.58	4.36341161869e-08
2.6	3.09142163168e-08
2.62	2.18291571305e-08
2.64	1.53625860377e-08
2.66	1.07756197529e-08
2.68	7.53308129064e-09
2.7	5.24876805263e-09
2.72	3.64500619595e-09
2.74	2.5228830615e-09
2.76	1.74042654194e-09
2.78	1.19667367171e-09
2.8	8.20085134883e-10
2.82	5.60153407669e-10
2.84	3.81348030166e-10
2.86	2.58764163084e-10
2.88	1.7500740891e-10
2.9	1.17972282222e-10
2.92	7.92640572777e-11
2.94	5.30819527696e-11
2.96	3.54318016177e-11
2.98	2.35731045978e-11
3.0	1.56321588571e-11
3.02	1.03323989425e-11
3.04	6.80714151678e-12
3.06	4.47003735097e-12
3.08	2.92577964109e-12
3.1	1.90878700902e-12
3.12	1.24125213142e-12
3.14	8.04545269768e-13
3.16	5.19792665244e-13
3.18	3.34734295164e-13
3.2	2.14863118501e-13
3.22	1.37472654682e-13
3.24	8.76727648519e-14
3.26	5.57324538014e-14
3.28	3.53140742501e-14
3.3	2.23041043367e-14
3.32	1.4041714385e-14
3.34	8.8116032156e-15
3.36	5.51175912156e-15
3.38	3.43658473388e-15
3.4	2.13582875035e-15
3.42	1.32315079665e-15
3.44	8.17065327587e-16
3.46	5.02932511323e-16
3.48	3.08580928368e-16
3.5	1.88727778615e-16
3.52	1.15056424026e-16
3.54	6.99189855623e-17
3.56	4.23535150617e-17
3.58	2.55737710597e-17
3.6	1.5392597822e-17
3.62	9.23510330847e-18
3.64	5.52312811852e-18
3.66	3.29262919871e-18
3.68	1.95666146724e-18
3.7	1.15905626498e-18
3.72	6.84400142141e-19
3.74	4.02840553893e-19
3.76	2.36360316171e-19
3.78	1.3824039828e-19
3.8	8.0596311623e-20
3.82	4.68398898201e-20
3.84	2.71354974417e-20
3.86	1.56704563153e-20
3.88	9.02086387843e-21
3.9	5.17652045038e-21
3.92	2.96109086188e-21
3.94	1.68845774622e-21
3.96	9.5974084994e-22
3.98	5.43805671464e-22
4.0	3.0715677057e-22
4.02	1.72943279665e-22
4.04	9.70677911108e-23
4.06	5.43094086015e-23
4.08	3.02903348363e-23
4.1	1.68408009748e-23
4.12	9.33365336199e-24
4.14	5.1566947688e-24
4.16	2.84002777553e-24
4.18	1.55921396339e-24
4.2	8.53338547279e-25
4.22	4.65554019653e-25
4.24	2.53193413985e-25
4.26	1.37267861619e-25
4.28	7.41856653753e-26
4.3	3.99674376997e-26
4.32	2.14648723631e-26
4.34	1.14917590486e-26
4.36	6.13311922364e-27
4.38	3.26297306107e-27
4.4	1.73054636338e-27
4.42	9.14936887238e-28
4.44	4.82211601155e-28
4.46	2.53351369485e-28
4.48	1.32693118752e-28
4.5	6.92809037402e-29
4.52	3.60594527533e-29
4.54	1.87096474963e-29
4.56	9.67728210181e-30
4.58	4.98979783837e-30
4.6	2.56480692641e-30
4.62	1.31422281685e-30
4.64	6.71314982758e-31
4.66	3.4184332068e-31
4.68	1.73528847495e-31
4.7	8.78133389024e-32
4.72	4.42989994297e-32
4.74	2.22778025829e-32
4.76	1.11685341641e-32
4.78	5.58169079545e-33
4.8	2.78087532533e-33
4.82	1.38115932425e-33
4.84	6.83837517233e-34
4.86	3.37527616196e-34
4.88	1.66078457393e-34
4.9	8.14639092283e-35
4.92	3.98350617346e-35
4.94	1.94184423435e-35
4.96	9.43652887829e-36
4.98	4.57150796878e-36
5.0	2.20778280128e-36
