# mass number (A) = 40
# number of protons (Z) = 18
# k (1/fm)	relative two_body (fm^3)
0.0	3.72027129984
0.02	3.72129503096
0.04	3.72430344736
0.06	3.72911017294
0.08	3.73541102672
0.1	3.74279344917
0.12	3.75074922413
0.14	3.75869004553
0.16	3.76596538119
0.18	3.77188201238
0.2	3.77572457867
0.22	3.77677643541
0.24	3.77434013593
0.26	3.76775688175
0.28	3.75642433961
0.3	3.73981230123
0.32	3.717475756
0.34	3.68906505505
0.36	3.65433296083
0.38	3.61313849566
0.4	3.56544762012
0.42	3.51133088264
0.44	3.45095828141
0.46	3.38459166513
0.48	3.31257506666
0.5	3.2353234126
0.52	3.15331008026
0.54	3.06705378188
0.56	2.97710524529
0.58	2.88403413151
0.6	2.78841658684
0.62	2.69082377053
0.64	2.59181163493
0.66	2.49191216409
0.68	2.39162620453
0.7	2.29141795006
0.72	2.19171107523
0.74	2.09288645087
0.76	1.9952813229
0.78	1.89918979337
0.8	1.80486441112
0.82	1.71251865976
0.84	1.62233012122
0.86	1.53444409463
0.88	1.4489774606
0.9	1.3660225991
0.92	1.28565119351
0.94	1.20791778173
0.96	1.13286294665
0.98	1.06051607012
1.0	0.99089760564
1.02	0.924020854703
1.04	0.859893257302
1.06	0.798517229544
1.08	0.73989059885
1.1	0.684006700073
1.12	0.630854204035
1.14	0.580416753509
1.16	0.532672481199
1.18	0.487593480159
1.2	0.445145290122
1.22	0.405286454048
1.24	0.367968188572
1.26	0.333134200664
1.28	0.30072067128
1.3	0.270656415741
1.32	0.242863220417
1.34	0.217256346387
1.36	0.193745183393
1.38	0.17223403164
1.4	0.152622985027
1.42	0.134808886969
1.44	0.118686329191
1.46	0.104148664404
1.48	0.0910890055081
1.5	0.0794011865895
1.52	0.0689806643623
1.54	0.0597253424623
1.56	0.0515363050542
1.58	0.044318450264
1.6	0.0379810178679
1.62	0.0324380093136
1.64	0.0276085014041
1.66	0.023416857771
1.68	0.0197928445646
1.7	0.0166716585696
1.72	0.0139938772319
1.74	0.0117053408845
1.76	0.00975697782568
1.78	0.00810458289181
1.8	0.00670855983226
1.82	0.00553363720699
1.84	0.00454856674077
1.86	0.00372581214769
1.88	0.00304123543557
1.9	0.00247378666122
1.92	0.00200520207363
1.94	0.00161971458624
1.96	0.00130377958675
1.98	0.00104581824206
2.0	0.000835979698031
2.02	0.000665922916179
2.04	0.000528618333325
2.06	0.000418169072603
2.08	0.000329651071174
2.1	0.000258971212753
2.12	0.000202742353424
2.14	0.000158173997228
2.16	0.000122977303761
2.18	9.5283083608e-05
2.2	7.35714497326e-05
2.22	5.66118351492e-05
2.24	4.34121518577e-05
2.26	3.31759462291e-05
2.28	2.52664962019e-05
2.3	1.91768909608e-05
2.32	1.45052304488e-05
2.34	1.09341770888e-05
2.36	8.21418326065e-06
2.38	6.14980378106e-06
2.4	4.58858185581e-06
2.42	3.41206910673e-06
2.44	2.52860511643e-06
2.46	1.86753952164e-06
2.48	1.3746302906e-06
2.5	1.00839584541e-06
2.52	7.37236641408e-07
2.54	5.37174246405e-07
2.56	3.90083451433e-07
2.58	2.82316063936e-07
2.6	2.03634334829e-07
2.62	1.46387969954e-07
2.64	1.04881848324e-07
2.66	7.48923428138e-08
2.68	5.32988944531e-08
2.7	3.78045633407e-08
2.72	2.67249569965e-08
2.74	1.88294689316e-08
2.76	1.32223570303e-08
2.78	9.25403007684e-09
2.8	6.45513901107e-09
2.82	4.48780921436e-09
2.84	3.10970131034e-09
2.86	2.14763198131e-09
2.88	1.47828890198e-09
2.9	1.01418782516e-09
2.92	6.93487164725e-10
2.94	4.72629405574e-10
2.96	3.2104552928e-10
2.98	2.17358872987e-10
3.0	1.46674374473e-10
3.02	9.86503175619e-11
3.04	6.61319506045e-11
3.06	4.41869467531e-11
3.08	2.94271136867e-11
3.1	1.95332061558e-11
3.12	1.2923280105e-11
3.14	8.52209726667e-12
3.16	5.60139053922e-12
3.18	3.66962744117e-12
3.2	2.39621593398e-12
3.22	1.55958435805e-12
3.24	1.01174671541e-12
3.26	6.54207932219e-13
3.28	4.21640112345e-13
3.3	2.70863930044e-13
3.32	1.73438131037e-13
3.34	1.1069376239e-13
3.36	7.04186758539e-14
3.38	4.46518723379e-14
3.4	2.82214659557e-14
3.42	1.77790473432e-14
3.44	1.11641936326e-14
3.46	6.98774604634e-15
3.48	4.35951980282e-15
3.5	2.71102100714e-15
3.52	1.68043099474e-15
3.54	1.03825236783e-15
3.56	6.39411563899e-16
3.58	3.925131426e-16
3.6	2.40173407747e-16
3.62	1.46485105254e-16
3.64	8.9055482959e-17
3.66	5.39668805713e-17
3.68	3.25982451575e-17
3.7	1.96273726864e-17
3.72	1.17796377421e-17
3.74	7.04700024367e-18
3.76	4.20223157398e-18
3.78	2.49781211665e-18
3.8	1.4799409402e-18
3.82	8.74046544364e-19
3.84	5.14554067179e-19
3.86	3.01949601858e-19
3.88	1.76622326238e-19
3.9	1.02982902149e-19
3.92	5.98540751564e-20
3.94	3.46762457175e-20
3.96	2.00253832426e-20
3.98	1.15276472584e-20
4.0	6.61473197532e-21
4.02	3.78352143892e-21
4.04	2.15721364421e-21
4.06	1.22603751352e-21
4.08	6.9459015167e-22
4.1	3.92254884962e-22
4.12	2.20812464066e-22
4.14	1.23906728679e-22
4.16	6.93079214719e-23
4.18	3.8644538089e-23
4.2	2.14788590518e-23
4.22	1.19001575015e-23
4.24	6.57223661114e-24
4.26	3.61820533865e-24
4.28	1.98560712011e-24
4.3	1.08621068595e-24
4.32	5.92319456966e-25
4.34	3.21973137325e-25
4.36	1.74463877514e-25
4.38	9.42354187191e-26
4.4	5.07394888511e-26
4.42	2.7233395977e-26
4.44	1.45707466992e-26
4.46	7.77117358468e-27
4.48	4.13158506731e-27
4.5	2.18963922463e-27
4.52	1.15679043384e-27
4.54	6.09205126776e-28
4.56	3.19815582105e-28
4.58	1.67364508525e-28
4.6	8.73082437691e-29
4.62	4.54020784249e-29
4.64	2.35355995205e-29
4.66	1.2161980227e-29
4.68	6.26488725646e-30
4.7	3.21701143105e-30
4.72	1.64673137226e-30
4.74	8.40280247674e-31
4.76	4.27422337055e-31
4.78	2.16731660799e-31
4.8	1.09551922553e-31
4.82	5.52014593888e-32
4.84	2.77277375178e-32
4.86	1.38839176891e-32
4.88	6.93016774117e-33
4.9	3.4483391894e-33
4.92	1.71045287954e-33
4.94	8.45760782694e-34
4.96	4.16888242697e-34
4.98	2.0484614934e-34
5.0	1.00339605883e-34
#normalisation = 0.986837334755
