# 2014-07-30.12:22:22
# qmax = 12
# nAlA = 00
# nBlB = 00
# A= 40	 T1= 0	 T2= 0	 A1= 40	 A2= 40
# central = 1	 tensor = 1	 spinisospin = 1
# norm = 1.63678
# k 	 mf 	 corr 	 total 	 cen 	 ten 	 siso 	 ce/te 	 ce/si 	 te/si 
0	21.5477	31.2935	52.8412	13.7945	0.108512	17.1857	2.71498e-18	0.204731	5.57296e-19
0.1	21.2897	30.9148	52.2045	13.6244	0.111042	16.9763	2.6291e-18	0.202998	5.62072e-19
0.2	20.5066	29.7987	50.3052	13.1229	0.118541	16.3593	2.37857e-18	0.197864	5.75587e-19
0.3	19.2391	28.0048	47.2439	12.3163	0.130686	15.3682	1.98428e-18	0.18954	5.9534e-19
0.4	17.5374	25.6302	43.1676	11.2475	0.146967	14.0574	1.47912e-18	0.178328	6.17415e-19
0.5	15.4801	22.8083	38.2884	9.97627	0.166642	12.5007	9.02076e-19	0.164655	6.37277e-19
0.6	13.1726	19.698	32.8706	8.57418	0.188876	10.786	2.9796e-19	0.149022	6.50274e-19
0.7	10.7455	16.4773	27.2228	7.12211	0.212642	9.01052	-2.89406e-19	0.131985	6.52466e-19
0.8	8.35259	13.3236	21.6762	5.70123	0.236858	7.27138	-8.2061e-19	0.114127	6.40587e-19
0.9	6.14797	10.3963	16.5443	4.38554	0.260113	5.65465	-1.26397e-18	0.0960296	6.13279e-19
1	4.26038	7.8207	12.0811	3.2323	0.281576	4.22858	-1.59761e-18	0.0782464	5.7071e-19
1.1	2.76479	5.6733	8.43809	2.27661	0.300544	3.03486	-1.81145e-18	0.0612787	5.1466e-19
1.2	1.67258	3.97692	5.64951	1.52886	0.315273	2.08723	-1.90493e-18	0.045556	4.48177e-19
1.3	0.939754	2.70837	3.64812	0.977419	0.325358	1.37417	-1.88832e-18	0.0314219	3.75161e-19
1.4	0.488684	1.81033	2.29901	0.594932	0.33028	0.865989	-1.77898e-18	0.0191252	3.00198e-19
1.5	0.235028	1.20761	1.44264	0.346022	0.329808	0.522968	-1.59926e-18	0.00881641	2.27084e-19
1.6	0.104205	0.822909	0.927114	0.194766	0.323992	0.3036	-1.37333e-18	0.00055092	1.6069e-19
1.7	0.0425627	0.58743	0.629993	0.109453	0.313158	0.170525	-1.12551e-18	-0.00570576	1.02896e-19
1.8	0.0160017	0.446843	0.462844	0.065457	0.297866	0.0935807	-8.76195e-19	-0.0100611	5.52591e-20
1.9	0.00541584	0.362641	0.368057	0.0454301	0.27889	0.0510124	-6.43012e-19	-0.0126916	1.89619e-20
2	0.00176154	0.309717	0.311478	0.0382492	0.257103	0.0281772	-4.38169e-19	-0.0138131	-6.53472e-21
2.1	0.000515589	0.273215	0.273731	0.037311	0.233462	0.0161185	-2.68428e-19	-0.0136763	-2.22391e-20
2.2	0.000139502	0.245088	0.245228	0.0390437	0.208928	0.00966087	-1.37083e-19	-0.0125443	-2.99719e-20
2.3	3.49937e-05	0.221361	0.221396	0.0415979	0.184367	0.00607623	-4.23568e-20	-0.0106799	-3.17529e-20
2.4	7.96286e-06	0.200271	0.200279	0.0440982	0.160535	0.00398209	1.968e-20	-0.00834468	-2.93354e-20
2.5	1.64345e-06	0.181124	0.181126	0.0461324	0.138053	0.00266381	5.59543e-20	-0.00572532	-2.45034e-20
2.6	3.09295e-07	0.16364	0.163641	0.0475118	0.117367	0.00182358	7.04087e-20	-0.00306151	-1.8601e-20
2.7	5.35978e-08	0.147724	0.147724	0.048173	0.0987547	0.00128378	7.13799e-20	-0.000487866	-1.27307e-20
2.8	8.63298e-09	0.133275	0.133275	0.0481102	0.0823504	0.000948625	6.3778e-20	0.00186541	-7.56986e-21
2.9	1.29709e-09	0.120125	0.120125	0.0473599	0.068098	0.000754913	5.19824e-20	0.00391214	-3.46811e-21
3	1.81013e-10	0.108313	0.108313	0.0459863	0.0560698	0.000656576	3.90886e-20	0.00560003	-5.10653e-22
3.1	2.32574e-11	0.0975311	0.0975311	0.0440708	0.0459349	0.000618751	2.7141e-20	0.00690672	1.39743e-21
3.2	2.72932e-12	0.087696	0.087696	0.0417107	0.0375352	0.000615206	1.72113e-20	0.00783484	2.45232e-21
3.3	2.93591e-13	0.0786713	0.0786713	0.0390086	0.0306293	0.000626851	9.58346e-21	0.00840657	2.8858e-21
3.4	2.94086e-14	0.0703494	0.0703494	0.0360676	0.0249826	0.000640632	4.11581e-21	0.00865858	2.92325e-21
3.5	2.96738e-15	0.062684	0.062684	0.0329864	0.0204128	0.000648354	3.85865e-22	0.00863639	2.72932e-21
3.6	5.39499e-16	0.0555984	0.0555984	0.0298553	0.016708	0.000645685	-2.09109e-21	0.00838941	2.44903e-21
3.7	1.45146e-16	0.0490577	0.0490577	0.0267533	0.0137025	0.000631133	-3.76076e-21	0.00797078	2.15671e-21
3.8	2.07395e-16	0.0430358	0.0430358	0.0237465	0.0112578	0.000604557	-4.96654e-21	0.00742692	1.89127e-21
3.9	2.16733e-16	0.0375208	0.0375208	0.0208874	0.00926114	0.000569538	-5.92979e-21	0.00680266	1.66343e-21
4	2.60822e-16	0.0325005	0.0325005	0.0182149	0.00762264	0.000526598	-6.76067e-21	0.00613634	1.5188e-21
4.1	9.70249e-17	0.0279638	0.0279638	0.0157553	0.00626983	0.00047894	-7.48598e-21	0.00545969	1.29333e-21
4.2	6.92894e-17	0.0238992	0.0238992	0.0135233	0.00514924	0.000429026	-8.0825e-21	0.00479764	1.12911e-21
4.3	3.43826e-15	0.0202931	0.0202931	0.011524	0.00422124	0.000379014	-8.50767e-21	0.00416886	9.68614e-22
4.4	4.80515e-16	0.0171208	0.0171208	0.0097544	0.00344972	0.000330649	-8.7229e-21	0.00358599	8.10163e-22
4.5	1.03559e-16	0.0143559	0.0143559	0.00820517	0.00280874	0.000285229	-8.70754e-21	0.00305673	6.56034e-22
4.6	6.3105e-13	0.011968	0.011968	0.00686251	0.00227728	0.000243606	-8.46432e-21	0.00258462	5.10779e-22
4.7	4.91516e-14	0.00992406	0.00992406	0.00570962	0.00183824	0.000206262	-8.01801e-21	0.00216994	3.79441e-22
4.8	2.09259e-13	0.00818927	0.00818927	0.00472801	0.0014773	0.000173363	-7.40983e-21	0.00181059	2.66145e-22
4.9	1.91635e-13	0.0067285	0.0067285	0.00389858	0.00118225	0.000144824	-6.69008e-21	0.00150285	1.73308e-22
# mf integral is 4.33342
# cor integral is 10.6142
# tot integral is 14.9477
